400 399 0
101 123 0
101 26 0
101 49 0
101 80 0
101 79 0
123 132 0
123 310 0
123 87 0
80 317 0
102 319 0
102 248 0
319 191 0
103 354 0
103 110 0
354 316 0
354 353 0
354 390 0
104 158 0
104 254 0
104 267 0
104 30 0
104 281 0
267 60 0
106 142 0
106 174 0
106 276 0
106 337 0
106 98 0
106 2 0
142 53 0
174 227 0
276 315 0
337 198 0
109 236 0
109 256 0
236 178 0
11 200 0
11 358 0
110 284 0
112 338 0
112 365 0
112 371 0
112 75 0
113 42 0
113 53 0
42 44 0
115 296 0
115 152 0
119 193 0
119 144 0
12 146 0
12 167 0
12 289 0
12 290 0
167 88 0
124 32 0
124 390 0
126 207 0
126 243 0
126 311 0
126 358 0
127 233 0
127 367 0
127 97 0
127 128 0
367 176 0
128 231 0
128 251 0
128 264 0
128 41 0
128 360 0
231 14 0
231 184 0
231 188 0
251 9 0
264 283 0
264 301 0
264 363 0
41 217 0
129 114 0
129 165 0
129 57 0
13 274 0
13 388 0
274 314 0
130 173 0
130 35 0
130 8 0
130 94 0
130 96 0
130 339 0
35 151 0
8 382 0
96 342 0
131 272 0
131 234 0
272 286 0
272 39 0
272 85 0
136 344 0
136 384 0
344 387 0
141 107 0
141 241 0
141 374 0
141 69 0
374 304 0
53 154 0
53 222 0
53 75 0
144 278 0
145 197 0
145 217 0
197 228 0
197 239 0
197 346 0
147 159 0
147 341 0
147 51 0
147 57 0
147 176 0
51 324 0
148 190 0
148 3 0
149 47 0
149 70 0
47 10 0
47 295 0
47 334 0
15 118 0
15 56 0
150 206 0
150 31 0
206 396 0
151 249 0
249 140 0
249 313 0
249 361 0
152 156 0
152 269 0
152 37 0
152 224 0
156 265 0
37 303 0
265 282 0
265 302 0
265 328 0
265 394 0
157 29 0
157 52 0
29 210 0
29 31 0
29 34 0
16 166 0
16 314 0
163 186 0
163 315 0
186 280 0
88 226 0
88 364 0
88 393 0
17 116 0
17 328 0
170 376 0
170 358 0
376 385 0
171 199 0
171 216 0
171 336 0
171 218 0
336 398 0
227 175 0
227 203 0
227 69 0
227 86 0
175 33 0
33 89 0
178 245 0
178 248 0
178 339 0
178 65 0
248 356 0
248 77 0
65 291 0
18 234 0
18 73 0
234 125 0
234 221 0
180 120 0
180 298 0
180 4 0
180 74 0
180 23 0
74 195 0
74 255 0
74 259 0
74 350 0
185 383 0
185 3 0
383 375 0
383 379 0
383 66 0
189 209 0
189 24 0
189 325 0
189 355 0
189 63 0
189 72 0
189 389 0
209 224 0
325 218 0
355 378 0
63 22 0
72 59 0
191 194 0
194 399 0
399 352 0
195 73 0
73 137 0
73 270 0
73 348 0
198 238 0
238 307 0
2 68 0
68 205 0
68 230 0
68 345 0
204 246 0
204 95 0
246 19 0
205 70 0
70 179 0
70 288 0
70 321 0
70 92 0
396 273 0
224 357 0
224 369 0
224 56 0
21 232 0
21 5 0
232 164 0
232 182 0
232 308 0
210 133 0
212 135 0
212 208 0
212 244 0
212 318 0
244 168 0
213 90 0
213 362 0
90 275 0
219 290 0
219 92 0
22 153 0
223 285 0
223 332 0
223 389 0
223 258 0
229 52 0
229 263 0
23 271 0
308 372 0
235 284 0
235 287 0
284 211 0
284 25 0
284 349 0
240 252 0
240 370 0
252 161 0
242 247 0
242 260 0
247 400 0
247 6 0
356 134 0
356 138 0
356 293 0
77 108 0
77 122 0
77 306 0
25 54 0
54 93 0
250 329 0
250 392 0
329 5 0
9 187 0
255 262 0
256 201 0
256 58 0
256 366 0
257 27 0
257 5 0
27 297 0
258 360 0
260 386 0
261 117 0
261 5 0
263 359 0
301 46 0
328 169 0
328 71 0
266 380 0
266 358 0
380 287 0
60 392 0
297 362 0
270 279 0
271 28 0
271 373 0
271 291 0
273 196 0
314 322 0
314 50 0
314 95 0
275 366 0
278 340 0
281 375 0
349 340 0
287 309 0
287 320 0
287 7 0
292 83 0
292 299 0
83 215 0
299 305 0
3 172 0
3 183 0
3 391 0
3 44 0
46 220 0
46 268 0
46 38 0
303 99 0
99 225 0
304 61 0
61 202 0
305 342 0
372 62 0
372 64 0
372 82 0
312 237 0
312 360 0
312 48 0
312 91 0
312 358 0
360 294 0
360 343 0
360 45 0
322 377 0
317 327 0
327 331 0
318 352 0
324 143 0
324 214 0
324 76 0
331 67 0
331 84 0
5 162 0
5 300 0
5 335 0
5 55 0
89 347 0
330 388 0
330 343 0
333 155 0
333 192 0
333 326 0
333 55 0
334 386 0
386 1 0
386 100 0
386 160 0
398 105 0
398 177 0
398 43 0
340 253 0
340 397 0
387 351 0
387 359 0
387 78 0
345 81 0
347 139 0
358 384 0
358 92 0
384 36 0
384 381 0
370 92 0
385 20 0
382 121 0
382 395 0
93 181 0
93 368 0
93 79 0
59 111 0
59 277 0
59 323 0
92 40 0
