400 399 0
1 393 0
1 4 0
1 133 0
393 135 0
393 395 0
393 46 0
393 49 0
4 281 0
4 36 0
4 73 0
102 103 0
102 178 0
102 232 0
102 356 0
232 115 0
232 272 0
232 382 0
104 314 0
104 38 0
104 224 0
314 112 0
314 271 0
314 83 0
38 180 0
38 197 0
38 247 0
105 129 0
105 159 0
105 211 0
105 287 0
108 116 0
108 206 0
108 325 0
108 252 0
116 306 0
116 343 0
116 67 0
206 177 0
206 217 0
206 27 0
206 321 0
206 356 0
325 195 0
325 301 0
325 70 0
115 57 0
57 117 0
57 182 0
57 322 0
117 13 0
117 130 0
117 315 0
118 268 0
118 44 0
118 96 0
124 125 0
124 307 0
124 331 0
124 348 0
307 96 0
127 111 0
127 171 0
127 270 0
127 205 0
128 141 0
128 319 0
128 387 0
128 192 0
131 137 0
131 146 0
131 312 0
131 397 0
137 347 0
137 394 0
137 65 0
146 123 0
146 213 0
146 283 0
312 62 0
132 262 0
132 64 0
132 81 0
132 138 0
64 234 0
133 119 0
133 166 0
133 228 0
133 169 0
136 122 0
136 168 0
136 40 0
136 142 0
40 183 0
138 266 0
14 212 0
14 238 0
14 276 0
14 273 0
142 201 0
143 339 0
143 361 0
143 374 0
143 85 0
145 19 0
145 379 0
145 43 0
145 87 0
148 335 0
148 352 0
148 69 0
148 282 0
150 114 0
150 201 0
150 277 0
150 68 0
156 179 0
156 191 0
156 3 0
156 383 0
160 267 0
160 99 0
162 230 0
162 235 0
162 329 0
162 87 0
165 17 0
165 5 0
165 8 0
165 215 0
167 287 0
167 293 0
167 384 0
167 68 0
167 383 0
287 22 0
287 288 0
293 273 0
384 164 0
384 300 0
384 313 0
384 90 0
68 204 0
68 259 0
169 239 0
169 95 0
239 10 0
239 110 0
239 120 0
173 161 0
173 257 0
173 304 0
173 72 0
173 229 0
257 51 0
174 25 0
174 322 0
25 381 0
177 95 0
95 172 0
95 377 0
18 50 0
18 197 0
50 225 0
50 245 0
180 309 0
180 327 0
180 63 0
63 35 0
182 106 0
182 181 0
182 269 0
183 158 0
183 310 0
183 323 0
310 209 0
185 370 0
185 62 0
370 59 0
189 227 0
189 346 0
189 359 0
189 87 0
359 317 0
190 147 0
190 170 0
190 48 0
190 223 0
192 328 0
192 373 0
192 78 0
328 282 0
373 188 0
373 200 0
373 248 0
196 109 0
196 157 0
196 233 0
196 273 0
197 278 0
197 367 0
197 398 0
398 386 0
198 365 0
198 49 0
365 154 0
365 363 0
365 388 0
199 107 0
199 218 0
199 391 0
199 85 0
2 224 0
224 176 0
224 29 0
202 223 0
202 396 0
204 140 0
204 222 0
204 251 0
205 208 0
205 330 0
205 286 0
208 376 0
208 6 0
208 93 0
330 385 0
209 34 0
34 33 0
34 45 0
34 52 0
214 99 0
214 266 0
99 149 0
99 229 0
99 42 0
215 266 0
215 298 0
215 295 0
266 316 0
266 333 0
266 351 0
298 193 0
298 289 0
298 344 0
216 252 0
216 30 0
216 311 0
216 290 0
30 16 0
30 318 0
30 37 0
311 237 0
311 349 0
311 84 0
22 244 0
22 342 0
22 371 0
244 60 0
226 250 0
226 261 0
226 86 0
226 249 0
231 23 0
231 297 0
231 91 0
231 369 0
272 121 0
272 357 0
272 82 0
382 139 0
382 337 0
382 360 0
234 372 0
60 78 0
247 340 0
247 364 0
247 79 0
249 274 0
249 280 0
249 59 0
274 184 0
274 28 0
274 399 0
280 21 0
280 242 0
280 9 0
381 320 0
381 383 0
381 88 0
253 155 0
253 186 0
253 294 0
253 33 0
256 302 0
256 354 0
256 386 0
51 291 0
51 32 0
51 85 0
258 101 0
258 243 0
258 378 0
258 369 0
259 175 0
259 355 0
259 58 0
265 151 0
265 341 0
265 75 0
265 273 0
275 100 0
275 126 0
275 260 0
275 313 0
279 31 0
279 396 0
31 369 0
282 396 0
282 98 0
396 187 0
98 241 0
98 74 0
98 97 0
286 345 0
286 375 0
286 46 0
288 24 0
288 254 0
288 380 0
290 54 0
290 66 0
290 92 0
292 92 0
292 353 0
295 94 0
296 194 0
296 53 0
296 89 0
296 59 0
299 220 0
299 324 0
299 71 0
303 203 0
303 207 0
303 240 0
303 383 0
305 353 0
305 336 0
353 153 0
353 55 0
308 397 0
308 39 0
397 113 0
397 12 0
369 362 0
317 77 0
77 285 0
77 80 0
77 94 0
322 26 0
322 392 0
326 163 0
326 236 0
326 41 0
326 363 0
385 210 0
332 76 0
332 78 0
76 11 0
334 71 0
334 61 0
336 20 0
336 389 0
336 35 0
348 390 0
348 61 0
348 59 0
390 15 0
390 221 0
390 284 0
61 134 0
61 368 0
362 246 0
362 366 0
362 39 0
59 87 0
42 152 0
42 350 0
42 400 0
47 263 0
47 338 0
47 358 0
47 94 0
78 264 0
78 56 0
7 144 0
7 219 0
7 255 0
7 94 0
