250 249 0
1 111 0
1 112 0
111 160 0
111 214 0
10 208 0
10 67 0
208 47 0
100 151 0
100 38 0
100 72 0
100 56 0
72 61 0
101 108 0
101 143 0
101 37 0
101 45 0
101 78 0
101 181 0
108 242 0
45 206 0
78 192 0
102 125 0
102 194 0
102 76 0
102 19 0
125 183 0
103 233 0
103 7 0
233 56 0
105 203 0
105 249 0
203 40 0
106 146 0
106 234 0
106 62 0
106 74 0
106 204 0
146 81 0
242 244 0
11 174 0
11 56 0
174 157 0
110 169 0
110 4 0
169 15 0
112 144 0
115 49 0
115 89 0
49 235 0
117 65 0
117 140 0
65 3 0
118 173 0
118 17 0
173 154 0
119 94 0
119 81 0
121 127 0
121 165 0
121 85 0
121 231 0
85 27 0
122 141 0
122 130 0
141 189 0
124 182 0
124 188 0
124 197 0
124 217 0
124 225 0
124 229 0
124 9 0
124 77 0
182 90 0
188 64 0
197 171 0
197 220 0
197 240 0
225 204 0
9 186 0
183 31 0
129 120 0
129 152 0
129 164 0
129 20 0
129 222 0
129 212 0
222 130 0
13 23 0
13 2 0
23 156 0
130 104 0
130 185 0
130 228 0
130 28 0
185 55 0
228 236 0
28 80 0
133 69 0
133 35 0
69 149 0
69 175 0
69 178 0
135 227 0
135 33 0
135 50 0
135 56 0
138 241 0
138 4 0
241 142 0
241 221 0
139 210 0
139 238 0
210 4 0
140 116 0
140 155 0
140 187 0
140 223 0
140 200 0
155 243 0
187 97 0
223 190 0
189 77 0
144 205 0
144 207 0
144 16 0
145 131 0
145 16 0
145 215 0
145 220 0
81 123 0
81 147 0
81 34 0
149 22 0
22 196 0
22 198 0
22 83 0
15 209 0
15 226 0
154 43 0
154 46 0
154 84 0
46 201 0
243 24 0
243 63 0
243 73 0
156 250 0
250 177 0
158 54 0
158 93 0
54 12 0
159 202 0
159 44 0
167 224 0
167 246 0
167 70 0
167 91 0
17 30 0
176 8 0
176 61 0
8 71 0
177 232 0
232 92 0
181 96 0
90 134 0
31 199 0
55 41 0
186 30 0
97 193 0
64 179 0
64 18 0
77 211 0
77 35 0
77 87 0
19 249 0
19 48 0
19 240 0
190 113 0
190 136 0
190 29 0
29 5 0
191 99 0
191 25 0
192 180 0
193 238 0
200 14 0
200 172 0
200 247 0
200 6 0
200 231 0
201 237 0
201 53 0
201 98 0
40 95 0
206 126 0
206 170 0
47 107 0
47 195 0
47 21 0
47 57 0
4 239 0
212 244 0
213 96 0
213 61 0
96 137 0
96 216 0
96 26 0
218 161 0
218 66 0
218 75 0
218 91 0
218 231 0
75 39 0
219 86 0
219 27 0
236 36 0
231 52 0
231 61 0
52 25 0
92 7 0
56 153 0
56 88 0
235 132 0
235 60 0
235 68 0
244 168 0
244 82 0
80 114 0
5 89 0
3 162 0
3 32 0
3 51 0
3 58 0
32 79 0
51 67 0
79 42 0
41 44 0
89 163 0
89 166 0
67 150 0
67 230 0
88 148 0
88 248 0
88 59 0
61 184 0
71 109 0
71 128 0
71 93 0
87 245 0
