80 79 0
1 45 0
1 48 0
1 57 0
1 9 0
1 53 0
10 62 0
10 8 0
62 63 0
12 14 0
12 65 0
13 64 0
13 39 0
64 52 0
15 58 0
15 54 0
58 39 0
16 46 0
16 56 0
16 78 0
16 60 0
46 25 0
78 74 0
17 47 0
17 7 0
47 37 0
19 76 0
19 70 0
76 69 0
2 29 0
2 38 0
2 54 0
2 67 0
2 71 0
29 65 0
67 40 0
71 49 0
71 61 0
71 68 0
71 77 0
21 28 0
21 22 0
28 80 0
22 25 0
24 43 0
24 61 0
43 55 0
27 75 0
27 63 0
75 5 0
80 23 0
30 18 0
30 26 0
30 33 0
30 68 0
31 73 0
31 63 0
73 7 0
34 79 0
34 66 0
79 35 0
37 53 0
4 36 0
4 42 0
4 72 0
4 52 0
55 60 0
50 51 0
50 74 0
51 8 0
52 6 0
52 70 0
6 3 0
6 41 0
6 59 0
63 44 0
66 69 0
69 11 0
69 20 0
77 32 0
