683 699 0
1 211 0
211 23 0
211 82 0
211 91 0
211 221 0
2 10 0
2 83 0
2 90 0
10 352 0
10 617 0
10 677 0
3 575 0
575 53 0
575 535 0
4 6 0
4 45 0
4 325 0
4 467 0
6 201 0
6 262 0
6 439 0
45 92 0
5 69 0
5 106 0
5 307 0
5 492 0
69 145 0
69 534 0
69 538 0
106 99 0
106 422 0
106 672 0
201 132 0
201 455 0
201 486 0
7 664 0
664 143 0
664 438 0
664 231 0
8 547 0
547 41 0
547 149 0
547 364 0
9 400 0
9 452 0
9 555 0
400 413 0
400 551 0
400 615 0
11 25 0
11 58 0
11 340 0
11 364 0
12 444 0
444 140 0
444 249 0
444 580 0
13 20 0
13 307 0
13 453 0
20 74 0
20 109 0
20 449 0
20 514 0
307 401 0
307 656 0
14 296 0
296 131 0
296 295 0
296 509 0
15 95 0
15 256 0
15 432 0
95 113 0
95 234 0
256 491 0
256 62 0
256 691 0
16 605 0
605 89 0
605 216 0
605 57 0
17 403 0
403 72 0
403 139 0
403 222 0
18 181 0
181 354 0
181 610 0
181 632 0
19 546 0
546 146 0
546 293 0
109 131 0
109 541 0
21 76 0
76 460 0
76 466 0
76 549 0
76 551 0
22 141 0
22 152 0
22 272 0
22 452 0
22 688 0
152 100 0
152 52 0
152 369 0
23 86 0
23 454 0
23 465 0
86 173 0
86 237 0
86 667 0
24 554 0
554 411 0
554 57 0
554 536 0
26 56 0
56 64 0
56 118 0
56 450 0
27 606 0
606 527 0
606 556 0
606 43 0
606 696 0
28 52 0
52 127 0
52 561 0
29 123 0
123 246 0
123 332 0
123 441 0
30 77 0
30 119 0
30 353 0
30 656 0
77 369 0
77 465 0
77 555 0
119 396 0
119 558 0
119 627 0
31 233 0
31 510 0
233 343 0
233 498 0
233 647 0
233 680 0
32 570 0
570 349 0
570 496 0
33 206 0
33 368 0
33 555 0
206 62 0
206 205 0
206 402 0
206 586 0
368 93 0
368 357 0
368 543 0
34 524 0
524 282 0
524 385 0
524 490 0
35 462 0
462 358 0
462 401 0
462 598 0
36 475 0
475 569 0
475 616 0
475 659 0
37 609 0
609 129 0
609 134 0
609 113 0
38 454 0
454 219 0
454 346 0
39 49 0
39 279 0
39 304 0
39 430 0
39 548 0
304 194 0
40 155 0
40 405 0
40 469 0
405 92 0
405 137 0
405 302 0
405 261 0
42 689 0
689 335 0
43 190 0
43 482 0
190 51 0
190 601 0
190 611 0
482 410 0
482 626 0
44 654 0
654 632 0
654 665 0
46 668 0
668 117 0
668 365 0
668 139 0
47 84 0
47 88 0
47 516 0
47 581 0
47 626 0
88 503 0
88 596 0
48 159 0
48 236 0
48 317 0
48 366 0
48 410 0
317 180 0
317 631 0
50 73 0
73 182 0
73 504 0
73 594 0
54 303 0
54 428 0
303 274 0
303 363 0
303 528 0
303 373 0
55 90 0
55 332 0
55 396 0
55 551 0
90 110 0
90 291 0
90 576 0
332 639 0
57 75 0
57 257 0
75 131 0
75 504 0
75 627 0
257 221 0
257 359 0
59 395 0
395 126 0
395 168 0
395 239 0
60 633 0
633 592 0
61 607 0
607 463 0
607 478 0
607 645 0
62 649 0
63 457 0
457 113 0
457 174 0
457 184 0
65 294 0
294 373 0
294 560 0
294 636 0
66 566 0
566 243 0
566 493 0
67 301 0
67 436 0
67 660 0
67 679 0
68 637 0
637 370 0
70 107 0
107 227 0
107 345 0
107 446 0
71 612 0
612 430 0
131 473 0
369 231 0
369 616 0
369 337 0
78 510 0
510 150 0
510 176 0
510 401 0
79 148 0
148 207 0
148 356 0
148 427 0
148 429 0
80 429 0
80 450 0
80 485 0
80 663 0
429 110 0
450 83 0
450 501 0
81 122 0
122 154 0
122 588 0
122 285 0
122 676 0
83 178 0
83 380 0
83 687 0
380 331 0
85 341 0
341 169 0
341 230 0
341 600 0
87 408 0
408 158 0
408 361 0
408 171 0
408 378 0
110 259 0
110 484 0
110 556 0
291 130 0
291 226 0
291 327 0
291 464 0
92 593 0
92 602 0
593 425 0
593 643 0
593 693 0
593 394 0
593 356 0
94 508 0
508 342 0
113 511 0
113 596 0
96 684 0
684 278 0
97 170 0
97 234 0
97 578 0
97 585 0
234 104 0
234 180 0
98 191 0
98 616 0
98 629 0
98 673 0
616 425 0
100 105 0
100 290 0
100 683 0
101 529 0
101 558 0
101 631 0
101 685 0
529 242 0
529 334 0
529 447 0
558 372 0
558 137 0
102 240 0
102 351 0
102 423 0
102 648 0
351 541 0
103 139 0
103 285 0
103 343 0
103 632 0
139 542 0
139 638 0
343 186 0
343 541 0
104 212 0
104 223 0
104 452 0
104 641 0
108 639 0
639 120 0
639 690 0
111 309 0
309 189 0
309 622 0
112 503 0
503 502 0
511 468 0
114 151 0
151 193 0
151 244 0
151 305 0
115 432 0
432 118 0
432 318 0
432 499 0
116 147 0
147 613 0
147 669 0
118 656 0
396 501 0
121 312 0
312 230 0
312 459 0
312 507 0
588 655 0
124 319 0
124 495 0
124 537 0
124 551 0
125 179 0
179 375 0
179 625 0
179 692 0
128 267 0
267 238 0
267 275 0
130 425 0
473 260 0
473 268 0
133 157 0
157 410 0
157 582 0
157 587 0
135 225 0
225 360 0
225 545 0
225 446 0
136 377 0
136 378 0
136 531 0
136 608 0
378 372 0
378 488 0
137 430 0
137 440 0
430 344 0
138 532 0
532 195 0
532 359 0
542 418 0
542 560 0
142 476 0
476 328 0
476 376 0
476 626 0
144 251 0
251 175 0
251 214 0
251 685 0
356 194 0
356 215 0
356 244 0
356 245 0
153 577 0
577 196 0
577 445 0
577 490 0
156 302 0
302 386 0
302 417 0
410 671 0
160 180 0
180 208 0
161 635 0
635 299 0
635 471 0
162 250 0
250 168 0
250 414 0
250 562 0
163 242 0
242 248 0
242 461 0
164 388 0
164 390 0
164 407 0
164 622 0
165 269 0
269 198 0
269 540 0
269 623 0
166 624 0
624 271 0
167 682 0
682 398 0
682 440 0
168 394 0
168 501 0
394 320 0
394 452 0
171 232 0
171 540 0
232 286 0
232 373 0
232 383 0
172 474 0
172 479 0
172 518 0
172 622 0
177 344 0
344 255 0
344 579 0
183 447 0
447 202 0
447 521 0
185 217 0
217 230 0
217 347 0
217 662 0
186 187 0
186 229 0
186 338 0
186 560 0
188 379 0
379 315 0
379 435 0
192 453 0
453 406 0
453 431 0
194 305 0
194 373 0
305 604 0
305 567 0
197 567 0
567 270 0
567 597 0
199 470 0
470 224 0
470 297 0
470 651 0
200 261 0
261 330 0
261 350 0
203 505 0
505 381 0
505 391 0
204 231 0
204 416 0
204 513 0
204 695 0
209 488 0
488 599 0
488 634 0
210 313 0
210 477 0
210 480 0
210 483 0
210 642 0
477 419 0
477 421 0
483 310 0
483 439 0
483 348 0
483 244 0
213 590 0
590 426 0
590 631 0
590 678 0
215 420 0
215 658 0
215 666 0
230 372 0
218 671 0
671 389 0
671 415 0
220 262 0
262 241 0
262 353 0
262 571 0
221 446 0
228 519 0
519 446 0
519 489 0
235 694 0
694 253 0
245 254 0
245 442 0
245 553 0
247 280 0
247 281 0
247 437 0
247 533 0
247 440 0
281 492 0
252 348 0
348 472 0
348 650 0
258 424 0
258 526 0
258 670 0
258 686 0
526 266 0
263 595 0
595 276 0
264 331 0
331 329 0
331 559 0
265 367 0
367 300 0
367 364 0
367 591 0
266 374 0
266 539 0
266 549 0
273 334 0
334 316 0
334 337 0
277 530 0
530 506 0
283 336 0
336 649 0
336 657 0
336 674 0
284 355 0
355 434 0
355 463 0
355 552 0
287 387 0
387 401 0
387 404 0
387 512 0
288 421 0
421 314 0
421 324 0
421 649 0
289 665 0
665 618 0
665 638 0
292 523 0
292 525 0
292 580 0
292 619 0
298 604 0
604 487 0
604 520 0
306 583 0
583 412 0
308 425 0
425 322 0
310 321 0
310 494 0
311 653 0
653 323 0
653 382 0
653 625 0
326 333 0
333 540 0
333 572 0
333 628 0
540 619 0
540 632 0
649 399 0
339 492 0
492 409 0
362 458 0
458 481 0
458 644 0
364 372 0
371 428 0
428 522 0
428 631 0
384 576 0
576 549 0
576 584 0
576 697 0
392 399 0
399 397 0
399 574 0
393 646 0
646 440 0
646 448 0
646 497 0
501 446 0
419 433 0
419 550 0
419 626 0
439 490 0
439 544 0
439 619 0
490 486 0
544 517 0
443 621 0
621 451 0
621 456 0
463 555 0
555 679 0
465 580 0
465 622 0
486 625 0
517 651 0
517 677 0
541 573 0
557 700 0
700 564 0
655 625 0
