591 599 0
1 129 0
1 283 0
1 403 0
1 489 0
2 7 0
7 163 0
7 194 0
7 594 0
3 490 0
490 183 0
490 193 0
490 252 0
4 149 0
149 182 0
149 372 0
149 452 0
5 402 0
402 412 0
402 260 0
402 56 0
6 334 0
6 380 0
6 477 0
6 478 0
334 479 0
334 56 0
334 218 0
380 213 0
380 417 0
380 525 0
8 511 0
511 479 0
9 406 0
9 434 0
9 441 0
406 89 0
406 275 0
406 497 0
434 101 0
434 123 0
434 568 0
10 135 0
135 301 0
135 479 0
135 487 0
11 130 0
130 56 0
130 496 0
130 509 0
12 273 0
273 263 0
273 453 0
273 473 0
13 63 0
63 96 0
63 177 0
63 390 0
14 60 0
14 293 0
60 284 0
60 320 0
60 445 0
15 67 0
15 122 0
15 311 0
15 466 0
67 27 0
67 182 0
67 298 0
122 184 0
122 344 0
122 523 0
16 278 0
278 74 0
278 580 0
17 166 0
166 201 0
166 86 0
166 458 0
18 146 0
146 384 0
146 494 0
19 339 0
339 282 0
339 27 0
339 326 0
20 170 0
20 288 0
20 404 0
170 271 0
170 410 0
170 499 0
288 208 0
288 425 0
288 39 0
288 461 0
21 276 0
21 306 0
21 352 0
21 480 0
21 541 0
306 435 0
306 589 0
22 521 0
521 265 0
521 449 0
521 527 0
23 310 0
310 235 0
310 558 0
310 234 0
24 162 0
162 98 0
162 226 0
162 304 0
162 502 0
25 218 0
25 329 0
25 599 0
218 269 0
218 583 0
26 86 0
26 111 0
26 411 0
26 438 0
86 51 0
86 269 0
27 192 0
27 347 0
192 55 0
192 239 0
192 286 0
28 346 0
346 359 0
346 527 0
346 543 0
29 222 0
222 182 0
222 242 0
222 349 0
30 51 0
51 203 0
51 399 0
51 577 0
31 478 0
478 79 0
478 150 0
32 104 0
104 152 0
104 226 0
104 537 0
33 493 0
493 418 0
493 491 0
493 39 0
493 430 0
493 351 0
34 347 0
347 75 0
347 549 0
35 323 0
323 172 0
323 96 0
323 501 0
36 292 0
292 351 0
292 553 0
292 571 0
37 171 0
171 250 0
171 357 0
171 480 0
38 220 0
38 355 0
220 189 0
220 68 0
220 287 0
39 260 0
260 228 0
260 182 0
40 360 0
360 45 0
360 444 0
41 573 0
573 199 0
573 225 0
573 284 0
42 277 0
277 109 0
277 527 0
277 548 0
43 57 0
43 76 0
43 117 0
43 427 0
43 492 0
76 178 0
76 355 0
44 460 0
460 432 0
460 574 0
460 309 0
460 430 0
46 100 0
46 465 0
46 475 0
46 576 0
465 139 0
465 125 0
465 293 0
47 598 0
598 206 0
598 337 0
598 453 0
48 264 0
264 148 0
264 393 0
264 423 0
49 513 0
513 102 0
513 336 0
513 532 0
50 259 0
259 195 0
259 255 0
259 285 0
259 336 0
203 363 0
203 405 0
52 160 0
160 366 0
160 422 0
160 453 0
53 566 0
566 167 0
566 247 0
566 252 0
54 230 0
230 375 0
230 98 0
230 442 0
56 244 0
244 175 0
244 279 0
244 271 0
244 467 0
58 68 0
58 258 0
58 285 0
58 298 0
58 584 0
68 210 0
258 59 0
258 342 0
258 503 0
285 325 0
59 154 0
59 420 0
59 567 0
284 572 0
284 583 0
61 464 0
464 251 0
464 270 0
464 71 0
464 373 0
62 119 0
119 219 0
119 315 0
119 371 0
96 161 0
64 565 0
565 512 0
565 425 0
565 141 0
65 77 0
65 78 0
65 158 0
65 392 0
77 95 0
77 116 0
77 486 0
66 396 0
396 169 0
396 421 0
396 427 0
396 271 0
210 190 0
210 504 0
210 569 0
69 108 0
108 333 0
108 442 0
108 545 0
70 374 0
374 82 0
374 246 0
374 345 0
374 401 0
71 124 0
71 290 0
71 379 0
124 376 0
124 480 0
290 126 0
290 526 0
290 542 0
379 141 0
379 599 0
379 246 0
72 97 0
72 99 0
72 516 0
72 554 0
73 200 0
73 368 0
73 433 0
73 498 0
73 578 0
368 207 0
74 174 0
74 429 0
95 144 0
95 303 0
95 563 0
80 106 0
106 315 0
106 340 0
106 395 0
81 413 0
413 211 0
413 148 0
413 354 0
83 92 0
92 232 0
92 234 0
92 419 0
84 186 0
186 241 0
186 272 0
186 362 0
85 221 0
85 300 0
85 547 0
85 584 0
87 113 0
87 385 0
87 524 0
87 528 0
385 281 0
385 381 0
385 583 0
88 267 0
267 234 0
267 373 0
267 407 0
267 533 0
90 431 0
431 179 0
431 348 0
431 427 0
91 367 0
367 118 0
367 147 0
93 387 0
387 341 0
387 361 0
387 355 0
94 161 0
161 238 0
161 245 0
98 401 0
103 322 0
322 246 0
322 137 0
322 459 0
105 229 0
229 204 0
229 308 0
229 328 0
315 116 0
107 325 0
325 153 0
325 157 0
110 540 0
540 544 0
112 321 0
321 343 0
321 584 0
114 507 0
507 254 0
507 202 0
507 556 0
115 305 0
305 272 0
305 397 0
305 400 0
116 355 0
355 294 0
355 168 0
120 572 0
572 312 0
572 319 0
121 448 0
448 403 0
448 443 0
448 581 0
125 297 0
125 356 0
125 485 0
127 180 0
127 223 0
127 246 0
127 330 0
128 294 0
294 529 0
294 593 0
131 138 0
131 153 0
131 155 0
131 436 0
153 416 0
153 500 0
132 156 0
132 182 0
132 237 0
132 587 0
133 252 0
133 398 0
133 457 0
133 586 0
252 435 0
134 293 0
293 440 0
293 505 0
293 597 0
136 191 0
136 227 0
136 353 0
136 514 0
137 145 0
137 414 0
145 215 0
145 296 0
145 383 0
145 401 0
145 584 0
139 298 0
139 480 0
139 514 0
298 329 0
140 233 0
140 289 0
140 336 0
140 592 0
141 447 0
141 534 0
447 369 0
447 401 0
447 471 0
142 187 0
142 313 0
142 481 0
142 579 0
143 477 0
477 173 0
477 552 0
148 228 0
148 404 0
228 214 0
228 454 0
228 469 0
151 168 0
168 266 0
168 561 0
159 531 0
531 555 0
226 253 0
226 446 0
164 185 0
185 428 0
185 442 0
185 591 0
165 503 0
503 327 0
503 386 0
176 207 0
207 231 0
207 514 0
178 202 0
178 463 0
178 535 0
202 435 0
181 486 0
486 209 0
486 365 0
188 595 0
595 280 0
595 437 0
194 257 0
194 416 0
257 236 0
257 451 0
257 484 0
416 442 0
196 468 0
468 517 0
468 590 0
468 309 0
197 311 0
311 216 0
311 291 0
198 488 0
488 389 0
435 308 0
205 381 0
381 364 0
381 408 0
212 534 0
534 316 0
534 450 0
217 575 0
575 243 0
575 439 0
575 403 0
269 351 0
269 427 0
224 234 0
224 309 0
224 536 0
224 578 0
309 405 0
536 441 0
253 336 0
253 527 0
253 599 0
240 551 0
551 324 0
551 426 0
248 482 0
482 256 0
249 500 0
500 394 0
500 456 0
261 272 0
261 462 0
261 516 0
462 329 0
262 363 0
363 314 0
363 479 0
373 281 0
268 519 0
519 335 0
519 415 0
351 358 0
274 414 0
414 470 0
414 476 0
414 514 0
281 455 0
281 515 0
425 442 0
295 424 0
424 308 0
424 317 0
299 506 0
506 550 0
302 589 0
589 307 0
589 480 0
405 474 0
405 538 0
405 539 0
318 466 0
466 508 0
466 564 0
331 358 0
358 430 0
358 596 0
332 530 0
530 350 0
530 378 0
338 562 0
562 409 0
342 370 0
342 520 0
342 559 0
376 483 0
376 579 0
376 600 0
377 391 0
391 472 0
391 522 0
382 560 0
560 388 0
403 404 0
404 599 0
453 583 0
