996 999 0
1 135 0
135 104 0
135 448 0
135 760 0
2 211 0
2 725 0
2 787 0
211 36 0
211 194 0
211 198 0
211 941 0
3 532 0
3 557 0
3 700 0
3 994 0
4 524 0
524 219 0
524 71 0
524 540 0
5 998 0
998 422 0
6 277 0
6 348 0
6 629 0
6 658 0
277 181 0
277 273 0
277 708 0
7 950 0
950 442 0
950 727 0
950 298 0
8 170 0
8 534 0
8 550 0
8 808 0
170 739 0
170 956 0
534 855 0
534 505 0
534 552 0
9 177 0
177 480 0
177 799 0
177 852 0
10 276 0
10 467 0
10 499 0
10 522 0
467 142 0
467 545 0
467 875 0
11 152 0
152 116 0
152 265 0
152 281 0
152 481 0
12 794 0
794 13 0
794 167 0
14 562 0
562 147 0
562 189 0
562 681 0
15 238 0
15 550 0
15 681 0
15 753 0
238 33 0
238 560 0
238 649 0
550 78 0
550 391 0
16 507 0
507 84 0
507 700 0
507 895 0
17 208 0
208 486 0
208 633 0
208 720 0
18 237 0
237 307 0
237 481 0
237 512 0
237 694 0
19 223 0
19 322 0
19 342 0
19 706 0
19 910 0
223 552 0
223 718 0
342 632 0
20 94 0
20 161 0
20 645 0
20 748 0
161 340 0
161 802 0
21 199 0
199 125 0
199 646 0
199 775 0
199 901 0
22 188 0
22 525 0
22 555 0
22 714 0
23 842 0
842 355 0
842 374 0
842 939 0
24 346 0
24 599 0
24 603 0
346 230 0
346 312 0
346 668 0
599 49 0
599 379 0
599 656 0
25 683 0
683 62 0
683 753 0
683 960 0
26 929 0
929 186 0
929 657 0
929 748 0
27 754 0
754 115 0
754 345 0
754 767 0
28 338 0
338 319 0
338 535 0
338 827 0
29 243 0
243 604 0
243 804 0
243 787 0
30 987 0
987 990 0
31 576 0
576 121 0
576 536 0
576 588 0
32 107 0
107 187 0
107 328 0
107 332 0
33 310 0
33 621 0
33 747 0
34 358 0
34 436 0
34 658 0
34 742 0
34 943 0
658 290 0
35 288 0
288 95 0
288 140 0
288 691 0
36 371 0
36 465 0
37 235 0
235 488 0
235 743 0
235 772 0
38 713 0
713 193 0
713 248 0
713 907 0
713 535 0
39 801 0
801 531 0
801 652 0
40 171 0
40 278 0
40 504 0
40 779 0
171 653 0
171 660 0
171 800 0
41 829 0
829 536 0
829 631 0
829 937 0
42 453 0
453 403 0
453 492 0
453 757 0
43 225 0
43 308 0
43 675 0
43 874 0
44 347 0
347 294 0
347 458 0
347 634 0
45 915 0
915 397 0
915 298 0
915 781 0
46 405 0
405 140 0
405 717 0
405 971 0
47 640 0
640 476 0
640 582 0
640 985 0
48 78 0
48 830 0
48 951 0
78 864 0
78 942 0
50 203 0
203 753 0
203 882 0
203 957 0
51 589 0
589 699 0
589 922 0
52 894 0
894 447 0
894 643 0
894 753 0
53 389 0
389 496 0
389 567 0
389 618 0
54 349 0
349 351 0
349 723 0
349 799 0
55 205 0
205 156 0
205 433 0
205 510 0
205 938 0
56 126 0
56 341 0
56 570 0
56 853 0
341 304 0
341 359 0
341 518 0
57 956 0
956 715 0
956 868 0
58 708 0
708 314 0
708 701 0
59 495 0
59 714 0
59 872 0
59 725 0
714 181 0
714 500 0
60 224 0
60 451 0
60 610 0
60 893 0
224 396 0
224 450 0
224 697 0
451 156 0
451 417 0
451 919 0
61 850 0
850 407 0
850 792 0
850 452 0
63 119 0
119 586 0
119 733 0
119 945 0
64 823 0
823 141 0
823 172 0
823 302 0
65 802 0
802 72 0
802 232 0
802 968 0
66 805 0
805 330 0
805 567 0
805 510 0
67 166 0
67 317 0
67 386 0
67 673 0
67 678 0
166 111 0
166 773 0
166 820 0
317 74 0
317 409 0
317 881 0
386 476 0
386 547 0
386 909 0
68 69 0
69 185 0
69 331 0
69 646 0
69 824 0
70 776 0
776 291 0
776 767 0
776 878 0
71 384 0
71 464 0
71 849 0
384 350 0
384 580 0
384 835 0
464 535 0
464 706 0
73 191 0
191 789 0
191 811 0
191 969 0
75 174 0
174 173 0
174 663 0
174 814 0
76 263 0
263 318 0
263 764 0
263 874 0
77 353 0
353 133 0
353 216 0
353 628 0
79 187 0
79 196 0
79 256 0
79 702 0
79 955 0
187 246 0
187 741 0
256 86 0
80 600 0
600 125 0
600 786 0
600 975 0
81 164 0
81 711 0
81 824 0
81 841 0
82 198 0
82 365 0
82 491 0
82 745 0
198 510 0
198 730 0
83 988 0
988 818 0
85 876 0
876 190 0
876 954 0
86 563 0
86 821 0
86 981 0
821 337 0
821 644 0
821 839 0
87 209 0
209 362 0
209 916 0
209 1000 0
88 849 0
849 151 0
849 513 0
89 678 0
678 404 0
678 698 0
90 798 0
798 282 0
798 370 0
798 968 0
91 247 0
91 300 0
91 845 0
91 913 0
92 369 0
369 590 0
369 628 0
369 709 0
93 114 0
114 785 0
114 787 0
114 891 0
96 649 0
649 149 0
649 661 0
97 517 0
517 302 0
517 474 0
517 765 0
98 887 0
887 213 0
887 997 0
887 362 0
99 982 0
982 502 0
100 856 0
856 383 0
856 903 0
856 940 0
101 806 0
101 808 0
101 869 0
101 963 0
102 290 0
290 162 0
290 637 0
290 706 0
103 800 0
800 435 0
800 752 0
105 439 0
439 113 0
439 639 0
439 665 0
106 381 0
106 569 0
106 598 0
106 972 0
381 417 0
381 707 0
381 757 0
569 676 0
569 688 0
569 726 0
108 890 0
890 547 0
890 734 0
890 755 0
109 505 0
505 301 0
505 906 0
110 437 0
110 584 0
110 593 0
110 933 0
112 145 0
112 241 0
112 546 0
112 787 0
117 572 0
572 977 0
572 180 0
572 294 0
118 516 0
516 477 0
516 912 0
516 156 0
120 832 0
832 452 0
832 503 0
832 704 0
122 761 0
761 398 0
761 824 0
761 835 0
761 867 0
123 134 0
123 595 0
123 845 0
123 974 0
124 848 0
848 316 0
848 294 0
848 608 0
125 737 0
125 898 0
127 148 0
148 486 0
148 571 0
148 654 0
128 925 0
925 854 0
925 481 0
925 927 0
129 231 0
129 236 0
129 419 0
129 861 0
130 228 0
228 784 0
228 807 0
131 428 0
428 289 0
428 551 0
428 693 0
132 344 0
344 160 0
344 816 0
136 497 0
136 547 0
136 939 0
497 613 0
497 707 0
497 989 0
137 158 0
158 515 0
158 606 0
158 707 0
138 445 0
445 303 0
445 612 0
445 261 0
445 961 0
139 908 0
908 461 0
908 822 0
908 665 0
140 465 0
140 660 0
465 321 0
465 375 0
465 795 0
142 297 0
142 672 0
142 828 0
143 266 0
143 270 0
143 320 0
143 930 0
270 541 0
270 561 0
144 533 0
533 399 0
533 903 0
533 947 0
146 537 0
537 367 0
537 843 0
486 401 0
486 666 0
150 359 0
359 285 0
359 592 0
153 501 0
501 253 0
501 156 0
501 790 0
154 421 0
421 261 0
421 438 0
421 744 0
155 368 0
155 529 0
155 587 0
157 523 0
523 361 0
523 380 0
523 410 0
159 249 0
249 441 0
249 520 0
249 673 0
249 949 0
249 281 0
163 500 0
500 195 0
500 566 0
165 227 0
165 415 0
165 793 0
165 996 0
168 972 0
972 705 0
972 751 0
169 741 0
741 462 0
741 948 0
739 258 0
739 493 0
739 556 0
653 393 0
653 607 0
653 840 0
175 182 0
175 469 0
175 877 0
175 986 0
176 181 0
176 200 0
176 738 0
200 210 0
200 275 0
200 468 0
178 334 0
178 647 0
178 757 0
178 992 0
179 880 0
880 292 0
880 454 0
880 774 0
180 361 0
361 416 0
183 617 0
617 245 0
617 305 0
617 414 0
184 663 0
184 664 0
184 768 0
184 860 0
663 635 0
663 667 0
192 904 0
904 583 0
904 862 0
197 594 0
594 420 0
594 825 0
594 943 0
730 767 0
730 250 0
730 874 0
646 574 0
201 233 0
233 485 0
233 674 0
202 252 0
202 260 0
202 362 0
202 548 0
204 416 0
416 385 0
416 483 0
206 273 0
273 387 0
273 619 0
207 935 0
935 430 0
935 767 0
362 863 0
212 217 0
212 662 0
212 920 0
212 961 0
214 280 0
280 357 0
280 636 0
215 897 0
897 254 0
897 777 0
218 306 0
306 245 0
306 259 0
306 778 0
220 271 0
271 471 0
271 476 0
221 884 0
884 568 0
884 995 0
884 593 0
222 240 0
222 336 0
222 650 0
222 758 0
336 718 0
336 719 0
226 229 0
229 283 0
229 443 0
229 760 0
234 394 0
394 343 0
394 703 0
394 815 0
481 632 0
239 973 0
973 463 0
242 281 0
242 625 0
242 791 0
242 819 0
242 831 0
791 622 0
244 810 0
810 514 0
810 966 0
810 630 0
245 635 0
245 924 0
246 628 0
246 671 0
246 969 0
628 371 0
671 863 0
671 939 0
671 951 0
441 494 0
441 536 0
250 632 0
250 635 0
250 830 0
632 630 0
632 968 0
251 644 0
644 679 0
644 885 0
255 487 0
487 390 0
487 446 0
487 907 0
487 706 0
257 313 0
313 596 0
313 630 0
313 721 0
261 812 0
262 371 0
371 553 0
264 459 0
459 521 0
459 690 0
267 364 0
267 549 0
267 623 0
267 852 0
267 919 0
268 552 0
552 272 0
269 622 0
622 722 0
622 943 0
541 864 0
541 949 0
274 893 0
893 309 0
893 687 0
279 426 0
279 509 0
279 593 0
279 958 0
284 408 0
284 731 0
284 817 0
284 834 0
286 473 0
473 902 0
473 911 0
287 936 0
936 581 0
936 873 0
936 707 0
292 427 0
292 939 0
427 400 0
427 642 0
427 659 0
293 931 0
931 601 0
931 883 0
294 434 0
434 431 0
434 567 0
434 793 0
295 855 0
855 627 0
855 716 0
296 826 0
826 392 0
826 762 0
826 799 0
298 366 0
298 875 0
366 395 0
366 577 0
366 614 0
875 817 0
875 835 0
875 431 0
299 886 0
886 339 0
886 551 0
886 564 0
302 558 0
302 666 0
558 796 0
558 932 0
558 959 0
304 449 0
304 836 0
304 889 0
311 363 0
311 418 0
311 944 0
311 476 0
315 498 0
315 508 0
315 905 0
315 978 0
323 329 0
329 535 0
329 651 0
329 921 0
324 340 0
340 490 0
340 783 0
340 968 0
325 750 0
750 686 0
750 780 0
750 700 0
326 952 0
952 626 0
952 874 0
952 984 0
327 719 0
719 788 0
719 914 0
333 585 0
585 343 0
585 530 0
585 710 0
335 738 0
738 511 0
738 539 0
718 620 0
718 769 0
718 953 0
718 964 0
337 527 0
337 888 0
337 976 0
343 763 0
343 847 0
352 844 0
844 680 0
844 926 0
844 877 0
354 561 0
561 425 0
561 870 0
356 579 0
579 630 0
579 695 0
579 732 0
360 545 0
545 797 0
545 838 0
863 429 0
863 978 0
372 803 0
803 382 0
803 547 0
803 899 0
373 980 0
980 543 0
980 756 0
980 547 0
376 560 0
560 759 0
560 809 0
377 598 0
598 542 0
598 602 0
378 494 0
494 429 0
494 605 0
417 830 0
388 413 0
413 475 0
413 489 0
413 538 0
391 700 0
391 760 0
391 799 0
760 444 0
401 484 0
401 746 0
401 833 0
402 896 0
896 877 0
896 918 0
406 871 0
871 817 0
871 991 0
871 907 0
411 573 0
573 429 0
573 766 0
573 770 0
412 565 0
565 544 0
565 475 0
830 909 0
423 696 0
696 466 0
696 729 0
696 567 0
424 689 0
689 479 0
689 793 0
689 999 0
551 472 0
551 763 0
431 839 0
431 951 0
839 452 0
839 943 0
432 684 0
432 685 0
432 793 0
432 879 0
440 610 0
610 482 0
610 575 0
444 611 0
444 641 0
444 725 0
444 970 0
725 666 0
452 846 0
455 847 0
847 749 0
847 837 0
456 559 0
559 670 0
559 748 0
559 892 0
457 667 0
667 677 0
667 736 0
460 574 0
574 624 0
574 681 0
470 506 0
506 526 0
506 757 0
506 857 0
472 740 0
472 813 0
472 983 0
478 554 0
554 597 0
554 665 0
554 928 0
512 615 0
615 681 0
615 771 0
615 962 0
615 993 0
518 748 0
518 772 0
518 909 0
772 852 0
519 900 0
900 591 0
900 858 0
528 924 0
924 648 0
924 692 0
536 728 0
536 939 0
864 666 0
864 763 0
578 609 0
578 682 0
578 967 0
578 817 0
593 763 0
603 861 0
603 942 0
603 945 0
616 846 0
846 851 0
846 859 0
638 737 0
737 712 0
737 979 0
655 735 0
735 782 0
735 865 0
660 909 0
665 666 0
669 812 0
812 724 0
812 903 0
824 898 0
787 866 0
866 877 0
866 951 0
866 903 0
917 961 0
