781 799 0
1 123 0
1 127 0
1 183 0
1 771 0
2 797 0
797 90 0
797 540 0
797 308 0
3 553 0
3 575 0
3 749 0
553 121 0
553 508 0
4 632 0
632 177 0
5 26 0
5 166 0
5 216 0
5 265 0
26 243 0
26 335 0
26 744 0
166 370 0
166 482 0
166 678 0
6 574 0
574 297 0
574 598 0
574 479 0
7 426 0
426 643 0
426 667 0
426 750 0
8 33 0
33 51 0
33 155 0
33 754 0
9 565 0
565 65 0
565 130 0
565 366 0
10 377 0
377 66 0
377 367 0
377 701 0
11 535 0
535 98 0
535 156 0
535 611 0
12 472 0
12 586 0
472 83 0
472 465 0
472 582 0
13 96 0
96 593 0
96 628 0
96 757 0
14 276 0
276 101 0
276 444 0
276 446 0
15 253 0
15 292 0
15 336 0
253 584 0
253 745 0
253 674 0
292 111 0
292 144 0
292 174 0
16 89 0
16 403 0
16 489 0
16 675 0
403 269 0
403 342 0
403 470 0
403 50 0
17 725 0
725 62 0
725 113 0
725 714 0
18 91 0
18 469 0
18 568 0
19 607 0
607 172 0
607 733 0
607 151 0
607 256 0
607 205 0
20 436 0
436 345 0
436 390 0
436 647 0
21 22 0
21 105 0
21 543 0
21 336 0
23 97 0
23 249 0
23 569 0
23 658 0
249 424 0
249 463 0
249 589 0
249 590 0
24 364 0
364 431 0
364 479 0
364 560 0
364 155 0
25 699 0
699 114 0
699 312 0
699 755 0
27 66 0
27 72 0
27 363 0
27 446 0
27 490 0
66 438 0
66 657 0
72 298 0
72 442 0
72 586 0
363 410 0
363 42 0
28 76 0
28 87 0
28 100 0
28 563 0
76 109 0
76 270 0
29 306 0
29 338 0
29 664 0
306 59 0
306 117 0
306 385 0
306 595 0
306 187 0
306 727 0
338 775 0
338 50 0
338 109 0
338 390 0
30 81 0
30 213 0
30 290 0
30 634 0
213 356 0
213 546 0
31 464 0
464 48 0
464 104 0
464 406 0
32 393 0
393 115 0
393 296 0
393 487 0
34 148 0
148 175 0
148 555 0
148 611 0
35 353 0
353 737 0
353 463 0
353 777 0
36 298 0
36 400 0
36 532 0
36 720 0
36 775 0
298 741 0
298 180 0
400 189 0
400 799 0
400 342 0
532 362 0
37 745 0
745 627 0
745 245 0
38 348 0
348 57 0
348 120 0
39 371 0
371 344 0
371 693 0
371 716 0
40 70 0
70 214 0
70 321 0
70 563 0
70 620 0
41 267 0
267 52 0
267 78 0
267 381 0
42 303 0
42 341 0
42 528 0
341 752 0
43 329 0
329 207 0
329 418 0
329 755 0
44 608 0
608 332 0
45 139 0
139 200 0
139 202 0
139 739 0
46 758 0
758 78 0
758 241 0
758 343 0
47 171 0
47 326 0
47 529 0
47 707 0
171 77 0
171 189 0
171 504 0
49 147 0
49 289 0
147 217 0
147 674 0
147 737 0
50 293 0
293 170 0
293 308 0
293 640 0
53 194 0
194 67 0
194 222 0
194 737 0
54 79 0
79 68 0
79 215 0
79 428 0
55 531 0
531 347 0
531 618 0
56 71 0
56 429 0
56 459 0
56 599 0
71 432 0
71 500 0
58 355 0
355 359 0
355 211 0
355 386 0
59 584 0
60 238 0
60 251 0
60 344 0
61 84 0
61 124 0
61 442 0
61 749 0
84 557 0
124 368 0
124 703 0
124 724 0
442 522 0
442 786 0
63 192 0
63 268 0
63 415 0
63 460 0
192 378 0
192 507 0
64 717 0
717 181 0
717 614 0
69 548 0
548 742 0
548 319 0
548 756 0
214 86 0
214 342 0
432 180 0
432 301 0
432 514 0
73 162 0
162 419 0
162 628 0
162 790 0
74 128 0
128 425 0
128 551 0
128 753 0
75 318 0
75 324 0
75 537 0
75 604 0
318 281 0
318 434 0
318 451 0
109 211 0
109 753 0
77 475 0
77 718 0
77 766 0
78 743 0
78 799 0
743 372 0
743 395 0
743 473 0
80 566 0
566 212 0
566 591 0
566 83 0
566 184 0
82 354 0
82 467 0
82 522 0
82 650 0
83 349 0
83 579 0
349 180 0
349 737 0
349 305 0
85 763 0
763 305 0
86 237 0
86 275 0
86 536 0
88 533 0
533 484 0
533 686 0
533 497 0
533 301 0
92 142 0
92 255 0
92 673 0
92 714 0
93 257 0
257 263 0
257 388 0
257 420 0
94 208 0
94 526 0
94 622 0
94 633 0
94 726 0
208 521 0
208 546 0
526 499 0
622 384 0
95 511 0
511 160 0
511 490 0
511 764 0
99 163 0
163 186 0
163 211 0
163 405 0
163 747 0
102 259 0
102 664 0
103 107 0
103 193 0
103 305 0
103 325 0
106 221 0
106 367 0
106 759 0
367 265 0
367 286 0
108 270 0
270 167 0
270 592 0
270 677 0
211 700 0
110 333 0
110 408 0
110 690 0
333 319 0
333 748 0
333 750 0
408 294 0
408 572 0
111 209 0
111 334 0
111 654 0
112 575 0
575 176 0
575 191 0
575 695 0
116 299 0
116 308 0
116 427 0
116 684 0
308 690 0
117 783 0
117 792 0
118 573 0
573 196 0
119 328 0
328 490 0
328 583 0
328 694 0
122 789 0
789 136 0
125 178 0
125 301 0
125 723 0
125 794 0
301 382 0
126 749 0
749 456 0
749 735 0
129 784 0
784 509 0
784 645 0
131 619 0
619 527 0
132 646 0
646 264 0
646 323 0
133 409 0
133 728 0
133 738 0
133 788 0
728 690 0
134 557 0
557 151 0
557 157 0
557 760 0
135 187 0
135 357 0
135 446 0
135 648 0
135 772 0
446 796 0
137 800 0
800 603 0
800 687 0
800 366 0
138 195 0
138 273 0
138 295 0
138 572 0
200 365 0
200 451 0
200 498 0
140 498 0
498 262 0
498 404 0
141 294 0
141 406 0
141 657 0
294 637 0
294 751 0
294 541 0
294 521 0
143 250 0
250 151 0
250 520 0
250 639 0
144 159 0
144 512 0
144 638 0
145 674 0
674 448 0
146 282 0
282 182 0
282 514 0
282 609 0
217 161 0
217 228 0
217 356 0
217 411 0
149 337 0
337 390 0
337 518 0
337 186 0
150 700 0
700 373 0
700 523 0
151 586 0
152 236 0
152 420 0
152 501 0
152 559 0
420 245 0
420 451 0
420 761 0
153 661 0
661 198 0
661 315 0
154 336 0
154 392 0
154 453 0
154 653 0
336 752 0
155 204 0
155 284 0
204 180 0
204 320 0
284 260 0
284 447 0
284 715 0
158 500 0
500 369 0
500 710 0
161 248 0
161 450 0
161 697 0
186 180 0
164 206 0
164 513 0
164 556 0
164 753 0
164 795 0
165 605 0
605 572 0
370 382 0
370 586 0
168 470 0
470 497 0
470 641 0
169 546 0
546 488 0
546 791 0
173 765 0
765 458 0
174 218 0
174 331 0
174 387 0
174 542 0
331 590 0
331 289 0
179 234 0
234 283 0
234 462 0
234 476 0
183 322 0
183 424 0
183 499 0
322 188 0
322 300 0
322 613 0
424 714 0
424 741 0
184 434 0
184 635 0
434 230 0
434 258 0
434 615 0
185 411 0
411 545 0
411 660 0
189 215 0
189 462 0
215 289 0
190 792 0
792 547 0
792 662 0
792 374 0
378 391 0
378 668 0
378 776 0
197 524 0
197 586 0
524 261 0
524 346 0
524 597 0
524 376 0
199 682 0
682 457 0
682 514 0
682 558 0
365 339 0
365 550 0
365 592 0
451 741 0
201 382 0
382 746 0
382 780 0
203 307 0
203 521 0
203 695 0
203 708 0
521 287 0
205 216 0
205 579 0
216 350 0
216 510 0
210 729 0
729 374 0
729 491 0
356 552 0
289 489 0
289 602 0
289 681 0
228 271 0
228 525 0
228 638 0
228 685 0
219 517 0
219 606 0
219 689 0
220 692 0
692 374 0
223 541 0
541 240 0
541 774 0
224 313 0
313 366 0
313 581 0
313 706 0
225 712 0
712 277 0
226 617 0
617 229 0
617 443 0
617 490 0
227 538 0
538 314 0
538 461 0
231 567 0
567 570 0
232 493 0
493 455 0
493 577 0
493 714 0
233 242 0
242 623 0
242 665 0
242 748 0
235 239 0
239 319 0
239 439 0
239 626 0
244 351 0
351 320 0
351 596 0
351 781 0
245 477 0
246 664 0
247 506 0
506 320 0
506 375 0
506 564 0
463 750 0
252 499 0
499 496 0
499 530 0
499 542 0
584 649 0
584 736 0
584 778 0
254 477 0
477 305 0
477 721 0
477 438 0
256 390 0
390 280 0
265 552 0
265 628 0
266 691 0
691 330 0
269 413 0
269 437 0
269 768 0
272 704 0
704 417 0
704 495 0
274 590 0
590 435 0
278 589 0
589 380 0
589 515 0
279 672 0
672 433 0
280 376 0
280 468 0
280 636 0
281 340 0
281 398 0
281 580 0
285 683 0
683 316 0
683 412 0
683 748 0
286 288 0
286 304 0
286 358 0
287 449 0
287 571 0
287 731 0
287 786 0
489 783 0
291 796 0
796 534 0
796 612 0
637 352 0
637 399 0
637 719 0
751 474 0
296 454 0
296 568 0
296 690 0
454 402 0
454 485 0
454 601 0
568 714 0
302 504 0
504 519 0
504 539 0
309 362 0
362 414 0
362 514 0
362 671 0
310 762 0
762 416 0
762 452 0
762 320 0
311 516 0
516 360 0
516 730 0
516 572 0
366 732 0
366 799 0
317 441 0
441 406 0
441 440 0
441 466 0
320 438 0
327 635 0
635 401 0
635 544 0
752 430 0
752 698 0
752 713 0
342 344 0
342 588 0
588 769 0
737 563 0
361 642 0
642 406 0
642 421 0
642 670 0
410 396 0
410 481 0
410 483 0
410 497 0
799 374 0
379 625 0
379 663 0
379 727 0
383 783 0
783 621 0
783 731 0
384 600 0
384 629 0
384 679 0
389 587 0
587 397 0
394 652 0
652 631 0
406 507 0
507 741 0
507 755 0
407 579 0
579 562 0
579 722 0
422 669 0
669 644 0
423 445 0
423 462 0
423 705 0
423 773 0
522 656 0
471 480 0
480 505 0
480 554 0
480 628 0
478 656 0
486 761 0
761 576 0
761 655 0
492 594 0
594 544 0
494 680 0
680 709 0
680 711 0
502 734 0
734 585 0
503 657 0
561 767 0
767 727 0
767 782 0
714 798 0
