673 699 0
1 34 0
1 235 0
1 421 0
1 527 0
1 597 0
235 162 0
235 184 0
2 242 0
242 19 0
242 72 0
242 162 0
242 391 0
3 160 0
160 97 0
160 285 0
160 686 0
4 586 0
586 224 0
586 671 0
586 86 0
5 174 0
5 202 0
5 269 0
5 344 0
5 429 0
5 493 0
174 225 0
174 627 0
202 317 0
202 375 0
269 128 0
269 455 0
6 69 0
6 308 0
6 550 0
6 608 0
6 696 0
69 339 0
69 52 0
69 592 0
308 208 0
308 365 0
308 133 0
308 576 0
550 375 0
7 425 0
425 78 0
8 318 0
318 246 0
318 436 0
318 261 0
9 23 0
9 307 0
9 554 0
9 577 0
307 125 0
307 245 0
307 225 0
10 522 0
522 456 0
11 173 0
11 200 0
11 366 0
11 668 0
200 70 0
200 290 0
200 558 0
12 239 0
239 73 0
239 501 0
239 611 0
13 120 0
120 179 0
120 253 0
120 486 0
14 57 0
14 207 0
14 562 0
14 564 0
57 29 0
57 413 0
57 475 0
207 138 0
207 229 0
207 254 0
15 699 0
699 154 0
699 261 0
699 623 0
16 180 0
180 247 0
180 341 0
180 397 0
180 578 0
17 96 0
17 104 0
17 390 0
17 478 0
390 128 0
390 294 0
390 428 0
18 297 0
18 338 0
18 576 0
18 667 0
297 21 0
297 619 0
297 648 0
20 560 0
560 177 0
560 259 0
560 404 0
21 273 0
21 369 0
21 649 0
22 37 0
22 47 0
22 311 0
22 440 0
47 31 0
47 485 0
24 209 0
24 367 0
24 389 0
209 546 0
209 569 0
209 624 0
25 92 0
25 206 0
25 487 0
25 652 0
92 45 0
92 245 0
92 364 0
26 385 0
26 418 0
26 519 0
26 670 0
418 305 0
418 525 0
418 573 0
418 39 0
27 268 0
27 367 0
27 377 0
27 606 0
367 87 0
367 171 0
367 55 0
28 395 0
395 405 0
395 455 0
395 571 0
29 40 0
29 133 0
29 198 0
29 356 0
30 507 0
507 256 0
31 83 0
31 265 0
31 549 0
31 671 0
83 245 0
83 353 0
83 613 0
265 539 0
265 562 0
265 661 0
265 52 0
549 87 0
549 294 0
32 115 0
115 100 0
115 461 0
115 599 0
33 199 0
199 285 0
199 524 0
199 540 0
35 54 0
35 205 0
35 319 0
35 331 0
54 41 0
54 389 0
36 161 0
161 306 0
161 584 0
161 690 0
38 99 0
99 67 0
99 122 0
99 391 0
99 599 0
99 631 0
99 646 0
39 52 0
39 210 0
39 279 0
52 65 0
210 248 0
210 493 0
210 510 0
210 521 0
41 531 0
41 541 0
41 661 0
41 671 0
41 683 0
531 605 0
531 44 0
531 110 0
661 284 0
661 267 0
42 185 0
42 331 0
42 343 0
42 349 0
42 399 0
185 262 0
185 284 0
185 358 0
331 267 0
43 479 0
479 148 0
44 359 0
44 452 0
44 520 0
45 237 0
45 249 0
46 657 0
657 548 0
657 266 0
657 341 0
657 86 0
48 467 0
467 228 0
467 591 0
49 113 0
49 494 0
49 607 0
49 609 0
50 581 0
581 191 0
581 260 0
51 103 0
51 137 0
51 247 0
51 384 0
65 141 0
65 261 0
65 583 0
53 158 0
158 279 0
158 621 0
158 669 0
55 127 0
55 362 0
55 454 0
56 532 0
532 612 0
532 339 0
532 642 0
413 145 0
413 498 0
413 553 0
413 621 0
58 183 0
183 253 0
183 602 0
183 676 0
59 82 0
59 136 0
59 392 0
59 564 0
59 587 0
392 691 0
392 229 0
60 91 0
60 196 0
60 266 0
60 284 0
91 81 0
91 293 0
91 502 0
91 515 0
196 98 0
196 313 0
61 157 0
157 182 0
157 314 0
157 610 0
62 159 0
62 289 0
62 402 0
62 459 0
62 663 0
402 294 0
402 320 0
63 383 0
383 263 0
383 276 0
383 591 0
64 317 0
317 126 0
317 253 0
141 223 0
141 227 0
141 340 0
66 169 0
66 387 0
66 426 0
66 660 0
67 290 0
67 386 0
68 153 0
68 320 0
68 351 0
153 545 0
153 547 0
153 144 0
153 609 0
320 140 0
320 473 0
320 526 0
339 432 0
339 197 0
70 375 0
70 579 0
71 445 0
445 360 0
74 248 0
248 462 0
248 537 0
75 184 0
75 408 0
184 132 0
184 275 0
184 463 0
76 364 0
364 134 0
364 469 0
77 166 0
77 252 0
77 411 0
77 625 0
79 119 0
79 220 0
79 291 0
79 634 0
119 245 0
220 348 0
220 121 0
220 653 0
80 529 0
529 139 0
245 611 0
245 144 0
84 348 0
348 458 0
85 557 0
557 330 0
557 694 0
86 301 0
86 336 0
301 286 0
301 511 0
301 631 0
336 214 0
336 353 0
336 422 0
87 426 0
87 565 0
87 609 0
426 491 0
88 197 0
197 94 0
197 230 0
89 237 0
89 401 0
89 613 0
89 626 0
237 589 0
237 600 0
401 358 0
401 619 0
613 538 0
613 304 0
90 128 0
128 288 0
293 267 0
293 300 0
93 121 0
121 175 0
121 233 0
95 188 0
188 433 0
188 472 0
391 375 0
599 284 0
599 386 0
101 504 0
504 508 0
102 129 0
102 309 0
102 327 0
102 625 0
105 144 0
105 422 0
105 580 0
105 618 0
422 468 0
106 682 0
682 204 0
682 342 0
682 304 0
107 521 0
521 512 0
521 615 0
108 225 0
225 234 0
109 216 0
109 370 0
109 455 0
110 492 0
492 150 0
492 259 0
492 325 0
111 135 0
111 243 0
111 372 0
111 455 0
112 378 0
378 258 0
378 484 0
378 592 0
378 698 0
114 299 0
299 214 0
299 382 0
299 394 0
116 574 0
574 266 0
574 419 0
117 410 0
410 195 0
410 434 0
118 648 0
648 528 0
648 644 0
253 321 0
123 375 0
375 480 0
375 544 0
124 172 0
124 302 0
124 393 0
124 583 0
302 131 0
302 608 0
125 396 0
125 437 0
125 530 0
130 505 0
505 326 0
131 214 0
131 271 0
131 439 0
131 693 0
214 178 0
214 489 0
138 310 0
138 620 0
138 631 0
138 658 0
223 328 0
223 457 0
223 588 0
227 334 0
227 415 0
227 446 0
142 674 0
674 559 0
143 249 0
143 251 0
143 488 0
143 622 0
143 665 0
249 351 0
249 427 0
249 603 0
249 619 0
146 193 0
193 261 0
193 593 0
193 656 0
147 277 0
277 155 0
277 306 0
277 427 0
277 628 0
149 431 0
431 543 0
151 218 0
218 279 0
218 430 0
218 567 0
152 700 0
700 187 0
156 468 0
468 570 0
279 295 0
306 270 0
306 236 0
162 316 0
162 321 0
316 231 0
316 464 0
316 565 0
321 562 0
321 617 0
321 686 0
163 386 0
386 493 0
164 518 0
518 298 0
165 408 0
408 357 0
408 683 0
167 551 0
551 221 0
551 379 0
168 171 0
168 448 0
168 463 0
171 186 0
171 673 0
171 684 0
448 440 0
448 533 0
170 295 0
295 637 0
295 672 0
176 608 0
608 441 0
608 664 0
178 240 0
178 358 0
247 503 0
341 389 0
181 654 0
654 516 0
275 270 0
275 283 0
262 222 0
262 333 0
262 355 0
262 374 0
189 503 0
503 337 0
503 572 0
190 497 0
497 285 0
497 315 0
192 283 0
283 219 0
283 655 0
194 500 0
194 605 0
500 373 0
500 523 0
285 653 0
290 423 0
290 428 0
290 470 0
290 594 0
201 406 0
406 259 0
406 388 0
406 417 0
203 603 0
603 414 0
603 471 0
546 346 0
569 353 0
569 440 0
211 244 0
244 226 0
244 280 0
212 254 0
254 278 0
254 481 0
213 489 0
489 352 0
489 400 0
489 463 0
215 491 0
491 322 0
491 466 0
217 329 0
329 335 0
329 340 0
329 443 0
229 640 0
229 651 0
232 363 0
363 312 0
236 305 0
305 451 0
305 692 0
238 566 0
566 332 0
240 304 0
240 380 0
240 595 0
240 633 0
304 490 0
241 696 0
696 350 0
696 398 0
611 475 0
351 568 0
351 680 0
351 427 0
250 483 0
483 440 0
255 629 0
629 272 0
257 638 0
638 447 0
638 453 0
264 438 0
438 416 0
562 659 0
562 270 0
267 455 0
267 597 0
270 591 0
274 662 0
662 496 0
281 358 0
358 624 0
282 635 0
635 287 0
635 303 0
284 480 0
284 686 0
428 605 0
292 432 0
432 575 0
294 374 0
296 536 0
536 678 0
619 559 0
619 353 0
300 347 0
300 409 0
300 643 0
490 563 0
323 691 0
691 407 0
691 460 0
324 695 0
695 361 0
695 542 0
345 509 0
509 442 0
354 605 0
605 371 0
624 626 0
368 513 0
513 412 0
376 681 0
681 424 0
381 626 0
626 517 0
389 444 0
389 647 0
389 697 0
403 558 0
558 552 0
558 641 0
435 573 0
573 495 0
449 627 0
627 677 0
465 556 0
556 675 0
475 485 0
477 534 0
534 499 0
538 610 0
610 565 0
610 688 0
659 685 0
565 639 0
576 621 0
579 601 0
