755 799 0
1 50 0
50 114 0
50 344 0
50 601 0
2 71 0
2 131 0
2 221 0
2 305 0
2 388 0
71 252 0
221 149 0
221 166 0
305 351 0
305 560 0
305 11 0
3 75 0
75 36 0
75 282 0
75 528 0
75 748 0
75 758 0
4 48 0
4 137 0
4 244 0
4 614 0
4 800 0
48 110 0
48 211 0
48 569 0
48 718 0
137 192 0
137 518 0
244 628 0
244 691 0
244 342 0
5 36 0
5 240 0
5 324 0
5 427 0
36 326 0
240 266 0
240 344 0
240 208 0
6 12 0
6 27 0
6 161 0
6 722 0
12 162 0
12 281 0
7 387 0
387 226 0
387 380 0
387 39 0
387 730 0
8 60 0
8 104 0
8 473 0
8 678 0
8 732 0
104 9 0
9 97 0
9 415 0
9 587 0
10 253 0
10 442 0
10 676 0
10 729 0
11 162 0
11 642 0
162 404 0
162 449 0
162 540 0
13 780 0
780 107 0
780 731 0
780 53 0
780 309 0
14 392 0
392 21 0
392 154 0
392 296 0
15 90 0
15 108 0
15 456 0
15 700 0
90 379 0
90 654 0
108 218 0
108 246 0
108 536 0
108 782 0
16 723 0
723 465 0
17 94 0
17 417 0
17 585 0
17 684 0
94 216 0
94 275 0
94 798 0
94 334 0
417 644 0
18 228 0
228 216 0
228 542 0
228 754 0
19 794 0
794 58 0
20 711 0
711 28 0
711 105 0
711 281 0
22 298 0
298 239 0
298 300 0
298 321 0
23 138 0
23 296 0
23 531 0
23 540 0
138 142 0
531 109 0
531 215 0
531 416 0
531 202 0
531 263 0
24 201 0
201 705 0
201 541 0
201 777 0
25 434 0
434 464 0
434 576 0
434 678 0
434 205 0
434 159 0
26 354 0
354 59 0
29 169 0
29 301 0
29 334 0
29 594 0
301 196 0
301 553 0
301 604 0
30 146 0
30 229 0
30 471 0
30 505 0
30 623 0
30 626 0
30 663 0
146 466 0
146 553 0
229 293 0
229 80 0
623 126 0
31 515 0
31 553 0
31 767 0
515 456 0
515 459 0
515 222 0
515 797 0
32 511 0
511 366 0
511 559 0
33 255 0
33 344 0
33 520 0
33 630 0
255 189 0
344 274 0
34 233 0
34 342 0
34 626 0
34 748 0
342 192 0
35 696 0
696 581 0
37 209 0
37 585 0
209 202 0
209 308 0
209 496 0
38 254 0
38 756 0
38 614 0
254 242 0
254 413 0
254 593 0
254 655 0
39 292 0
39 359 0
39 502 0
292 258 0
292 280 0
359 455 0
40 412 0
412 79 0
412 437 0
412 555 0
412 91 0
41 238 0
238 157 0
238 184 0
238 739 0
238 676 0
42 526 0
526 267 0
43 600 0
600 134 0
44 277 0
44 312 0
44 407 0
277 266 0
277 157 0
277 786 0
312 700 0
312 703 0
312 722 0
312 282 0
45 92 0
92 70 0
92 539 0
92 683 0
46 89 0
89 177 0
89 216 0
89 222 0
89 445 0
89 519 0
47 351 0
47 425 0
47 584 0
351 105 0
425 200 0
425 112 0
425 774 0
110 102 0
110 153 0
49 64 0
49 204 0
49 421 0
49 564 0
64 156 0
64 479 0
51 187 0
51 355 0
51 498 0
51 529 0
355 334 0
355 489 0
355 611 0
355 627 0
355 159 0
355 725 0
52 430 0
52 484 0
52 561 0
52 641 0
430 247 0
430 316 0
53 268 0
53 561 0
268 86 0
268 214 0
268 264 0
268 416 0
561 584 0
54 105 0
54 194 0
54 752 0
105 382 0
105 508 0
105 563 0
55 772 0
772 155 0
56 744 0
744 136 0
744 362 0
57 103 0
103 91 0
103 172 0
103 764 0
103 326 0
61 237 0
237 428 0
237 275 0
237 453 0
62 166 0
166 363 0
166 625 0
166 779 0
63 96 0
63 225 0
63 752 0
96 239 0
96 492 0
96 517 0
156 205 0
156 234 0
156 235 0
156 599 0
65 117 0
65 224 0
65 686 0
65 798 0
66 664 0
664 168 0
67 77 0
77 346 0
77 685 0
77 721 0
68 78 0
78 393 0
78 558 0
78 583 0
78 668 0
69 295 0
69 343 0
69 401 0
69 436 0
72 708 0
708 446 0
73 223 0
73 226 0
73 460 0
226 173 0
226 443 0
226 661 0
226 583 0
74 93 0
74 535 0
74 737 0
74 750 0
74 784 0
282 210 0
528 129 0
528 326 0
528 492 0
528 716 0
76 87 0
76 102 0
76 615 0
76 684 0
87 100 0
87 411 0
87 747 0
102 234 0
102 381 0
102 503 0
79 416 0
80 153 0
153 142 0
153 286 0
153 508 0
81 95 0
95 239 0
95 261 0
95 638 0
82 571 0
571 779 0
83 384 0
384 262 0
384 267 0
384 445 0
84 598 0
598 190 0
85 126 0
126 171 0
126 619 0
88 352 0
88 572 0
88 580 0
88 639 0
216 350 0
216 427 0
222 639 0
379 120 0
91 685 0
275 175 0
239 432 0
239 445 0
98 259 0
98 506 0
98 584 0
259 496 0
259 587 0
259 525 0
99 792 0
792 183 0
101 347 0
347 353 0
234 246 0
172 361 0
172 429 0
508 188 0
508 570 0
508 642 0
106 165 0
106 438 0
106 640 0
106 649 0
438 435 0
218 217 0
218 494 0
218 731 0
218 626 0
246 586 0
111 241 0
241 337 0
241 422 0
241 486 0
241 688 0
112 260 0
112 502 0
260 135 0
260 283 0
260 449 0
260 497 0
260 656 0
260 657 0
113 175 0
175 618 0
175 796 0
115 130 0
115 337 0
115 770 0
116 742 0
742 319 0
118 145 0
118 185 0
118 402 0
118 475 0
145 194 0
145 299 0
145 725 0
402 142 0
402 248 0
119 293 0
293 164 0
293 641 0
293 648 0
121 299 0
299 263 0
299 310 0
299 538 0
299 688 0
122 789 0
789 206 0
789 485 0
789 248 0
123 197 0
197 309 0
197 406 0
197 681 0
124 377 0
377 174 0
377 242 0
125 548 0
125 674 0
125 769 0
125 771 0
674 418 0
674 141 0
127 495 0
495 132 0
495 163 0
495 302 0
128 481 0
128 552 0
128 560 0
128 653 0
481 267 0
481 308 0
481 607 0
481 779 0
481 784 0
129 199 0
129 550 0
129 697 0
132 563 0
133 196 0
196 372 0
196 447 0
135 499 0
135 661 0
139 783 0
783 468 0
140 142 0
140 266 0
142 208 0
142 367 0
142 458 0
142 502 0
141 308 0
141 653 0
308 272 0
308 443 0
308 637 0
308 651 0
143 490 0
490 335 0
144 516 0
516 289 0
194 660 0
194 665 0
194 782 0
466 266 0
466 469 0
147 376 0
376 452 0
376 579 0
148 698 0
698 702 0
149 182 0
149 266 0
149 364 0
149 546 0
149 703 0
149 731 0
703 290 0
150 345 0
150 357 0
150 781 0
150 540 0
151 157 0
151 489 0
152 467 0
152 709 0
467 243 0
467 396 0
286 448 0
286 456 0
286 652 0
286 687 0
205 644 0
158 202 0
158 680 0
202 755 0
159 219 0
219 514 0
219 544 0
160 455 0
455 236 0
449 272 0
540 678 0
163 633 0
163 637 0
633 336 0
633 374 0
637 416 0
164 489 0
167 616 0
616 242 0
170 210 0
210 314 0
210 339 0
361 294 0
173 470 0
173 580 0
173 605 0
173 706 0
580 639 0
176 397 0
397 227 0
178 410 0
178 525 0
178 541 0
178 574 0
178 790 0
525 225 0
179 499 0
499 249 0
180 724 0
724 745 0
181 489 0
489 284 0
489 675 0
186 232 0
232 493 0
232 669 0
232 719 0
189 225 0
189 414 0
189 418 0
225 408 0
225 634 0
225 761 0
414 356 0
414 429 0
191 265 0
191 323 0
191 409 0
192 463 0
192 592 0
193 562 0
562 203 0
562 400 0
562 606 0
195 787 0
787 556 0
309 432 0
309 612 0
198 399 0
198 543 0
198 583 0
198 612 0
705 398 0
207 800 0
800 273 0
800 291 0
212 589 0
589 450 0
213 615 0
615 311 0
615 488 0
615 492 0
220 680 0
680 271 0
680 620 0
680 682 0
230 755 0
755 391 0
755 644 0
755 776 0
755 421 0
231 506 0
506 662 0
506 668 0
242 641 0
628 281 0
628 653 0
691 479 0
245 288 0
245 318 0
245 341 0
247 524 0
247 547 0
247 602 0
247 728 0
547 421 0
248 560 0
250 584 0
584 386 0
584 401 0
251 752 0
252 407 0
252 436 0
252 441 0
252 798 0
407 330 0
407 650 0
436 523 0
436 661 0
256 373 0
373 431 0
257 717 0
717 403 0
496 274 0
496 661 0
263 518 0
269 612 0
612 651 0
270 304 0
304 331 0
304 608 0
272 620 0
274 639 0
276 741 0
741 349 0
278 715 0
715 383 0
279 712 0
712 595 0
281 604 0
604 557 0
604 733 0
604 757 0
285 788 0
788 307 0
788 440 0
788 678 0
287 375 0
375 549 0
290 585 0
290 591 0
297 518 0
518 659 0
518 676 0
688 315 0
553 544 0
302 563 0
302 734 0
563 523 0
563 746 0
563 778 0
303 560 0
560 482 0
306 582 0
306 719 0
306 740 0
306 791 0
700 395 0
313 694 0
694 588 0
315 646 0
315 713 0
316 333 0
316 371 0
316 427 0
316 454 0
316 624 0
317 510 0
510 340 0
320 370 0
320 695 0
320 756 0
322 360 0
360 325 0
327 389 0
327 613 0
327 722 0
327 735 0
722 773 0
329 395 0
332 350 0
350 423 0
350 617 0
353 356 0
353 647 0
353 651 0
651 785 0
611 545 0
358 390 0
390 521 0
369 433 0
433 491 0
378 554 0
554 406 0
554 693 0
554 726 0
385 451 0
451 573 0
451 597 0
396 487 0
487 500 0
487 575 0
398 472 0
398 689 0
406 781 0
437 522 0
429 709 0
416 578 0
578 532 0
578 736 0
418 666 0
419 690 0
690 462 0
420 654 0
654 551 0
426 767 0
767 677 0
678 699 0
435 444 0
435 507 0
522 565 0
439 590 0
590 577 0
461 530 0
461 596 0
474 567 0
474 603 0
476 566 0
566 766 0
477 760 0
760 671 0
479 676 0
479 702 0
483 512 0
483 753 0
502 684 0
527 591 0
591 707 0
591 756 0
533 602 0
533 629 0
533 670 0
614 621 0
614 714 0
653 799 0
631 734 0
734 643 0
699 683 0
699 781 0
679 773 0
685 775 0
751 756 0
