850 899 0
1 99 0
1 291 0
1 378 0
1 718 0
2 137 0
2 256 0
2 322 0
137 139 0
137 515 0
137 557 0
256 71 0
256 488 0
3 409 0
409 4 0
409 286 0
409 555 0
409 615 0
4 112 0
4 813 0
112 295 0
112 510 0
112 724 0
5 23 0
5 100 0
5 382 0
23 123 0
23 265 0
23 313 0
23 388 0
23 597 0
100 95 0
100 533 0
100 628 0
100 659 0
6 53 0
6 115 0
6 182 0
6 761 0
7 70 0
7 195 0
7 702 0
70 34 0
70 369 0
70 700 0
70 873 0
195 138 0
195 187 0
195 247 0
195 730 0
8 16 0
8 134 0
8 300 0
8 549 0
8 730 0
8 771 0
16 367 0
300 564 0
300 608 0
300 664 0
300 744 0
9 77 0
9 123 0
9 309 0
9 540 0
9 740 0
123 433 0
123 750 0
309 235 0
10 729 0
729 379 0
729 558 0
729 583 0
11 324 0
324 156 0
324 244 0
324 600 0
12 695 0
695 25 0
13 36 0
36 155 0
36 338 0
36 354 0
36 562 0
14 356 0
356 528 0
356 599 0
15 578 0
578 464 0
578 620 0
578 721 0
578 68 0
578 837 0
17 303 0
17 438 0
17 790 0
17 848 0
17 850 0
17 899 0
17 900 0
438 372 0
18 716 0
716 177 0
19 325 0
325 182 0
325 298 0
325 359 0
20 28 0
20 575 0
20 662 0
20 884 0
575 102 0
21 127 0
21 492 0
21 684 0
21 732 0
492 319 0
492 709 0
22 851 0
851 426 0
24 151 0
151 249 0
151 841 0
151 624 0
26 673 0
673 739 0
673 823 0
673 84 0
673 288 0
27 61 0
61 75 0
61 586 0
61 589 0
29 113 0
29 444 0
29 572 0
113 611 0
113 683 0
113 696 0
30 56 0
30 432 0
30 671 0
56 560 0
56 620 0
56 708 0
56 713 0
432 360 0
31 248 0
31 343 0
248 148 0
248 481 0
248 523 0
248 594 0
248 892 0
32 347 0
347 42 0
347 50 0
347 170 0
347 277 0
33 815 0
815 408 0
35 269 0
269 691 0
269 726 0
269 764 0
269 621 0
155 579 0
338 59 0
37 534 0
534 47 0
534 117 0
38 829 0
829 103 0
829 531 0
39 416 0
39 458 0
39 590 0
416 48 0
416 588 0
416 703 0
458 46 0
40 289 0
289 318 0
289 508 0
289 767 0
289 832 0
41 594 0
594 423 0
594 520 0
594 554 0
43 371 0
43 539 0
371 138 0
371 363 0
44 327 0
44 419 0
44 631 0
44 776 0
419 88 0
419 387 0
419 819 0
419 337 0
45 80 0
45 682 0
45 792 0
45 897 0
46 647 0
46 705 0
46 813 0
647 448 0
49 650 0
650 519 0
650 689 0
51 889 0
889 230 0
889 631 0
889 821 0
52 59 0
59 293 0
59 447 0
59 449 0
59 628 0
59 854 0
54 803 0
803 222 0
803 75 0
55 862 0
862 252 0
862 506 0
620 345 0
620 705 0
57 393 0
393 163 0
393 768 0
58 69 0
69 591 0
69 288 0
69 700 0
293 162 0
293 129 0
447 433 0
628 218 0
60 368 0
60 382 0
60 441 0
60 579 0
60 602 0
60 709 0
368 185 0
368 611 0
382 504 0
382 694 0
382 138 0
441 507 0
441 527 0
579 550 0
579 588 0
579 632 0
75 93 0
75 542 0
62 316 0
316 145 0
316 274 0
316 868 0
63 545 0
545 679 0
545 692 0
64 649 0
649 227 0
649 543 0
649 255 0
65 321 0
65 430 0
65 548 0
65 648 0
430 74 0
430 94 0
430 496 0
66 124 0
124 197 0
124 259 0
124 654 0
67 865 0
865 290 0
865 392 0
68 288 0
68 498 0
68 744 0
498 128 0
498 330 0
498 602 0
591 559 0
591 257 0
71 107 0
71 481 0
107 208 0
107 732 0
107 736 0
107 849 0
72 279 0
279 126 0
279 255 0
279 511 0
73 847 0
847 267 0
74 287 0
74 435 0
74 793 0
287 800 0
287 838 0
435 153 0
435 636 0
93 258 0
93 531 0
93 793 0
76 787 0
787 735 0
78 145 0
78 188 0
78 600 0
145 243 0
145 656 0
145 853 0
79 88 0
79 129 0
79 476 0
88 762 0
88 801 0
81 341 0
341 247 0
341 592 0
341 668 0
82 178 0
178 132 0
178 173 0
178 425 0
83 187 0
83 351 0
83 460 0
83 788 0
187 245 0
84 353 0
84 478 0
353 263 0
353 660 0
353 680 0
478 365 0
478 504 0
85 672 0
672 600 0
86 417 0
417 377 0
417 742 0
417 822 0
87 465 0
465 110 0
465 181 0
465 210 0
89 380 0
89 404 0
89 451 0
89 667 0
89 900 0
90 674 0
674 261 0
674 284 0
674 512 0
91 629 0
629 384 0
92 233 0
233 571 0
233 764 0
233 795 0
258 343 0
258 518 0
258 691 0
258 160 0
94 304 0
94 622 0
94 661 0
94 869 0
96 332 0
332 175 0
332 268 0
332 455 0
97 797 0
797 133 0
98 352 0
352 354 0
352 385 0
352 783 0
352 268 0
101 185 0
101 406 0
101 572 0
185 209 0
185 499 0
185 160 0
185 769 0
406 170 0
406 335 0
406 339 0
102 530 0
102 743 0
102 808 0
530 150 0
104 245 0
245 367 0
245 494 0
245 509 0
105 372 0
372 694 0
372 863 0
106 355 0
355 376 0
355 394 0
355 764 0
355 861 0
208 455 0
208 818 0
732 158 0
732 305 0
108 864 0
864 885 0
109 645 0
645 271 0
645 792 0
645 231 0
645 816 0
111 413 0
111 479 0
111 637 0
111 706 0
611 421 0
611 481 0
611 671 0
114 200 0
114 296 0
114 344 0
114 442 0
114 783 0
296 685 0
296 748 0
116 524 0
524 136 0
524 630 0
118 542 0
542 183 0
542 400 0
542 898 0
119 257 0
257 203 0
257 529 0
120 345 0
120 480 0
120 522 0
120 656 0
120 770 0
345 149 0
345 805 0
345 268 0
480 166 0
480 170 0
480 262 0
480 414 0
522 333 0
121 418 0
121 652 0
418 266 0
418 617 0
122 237 0
237 146 0
237 165 0
237 284 0
237 377 0
125 188 0
125 613 0
125 633 0
188 219 0
188 802 0
613 225 0
613 281 0
613 526 0
613 715 0
126 387 0
126 634 0
126 646 0
126 687 0
126 879 0
387 181 0
387 539 0
387 767 0
634 284 0
634 756 0
634 183 0
634 883 0
646 383 0
646 169 0
128 160 0
128 633 0
128 755 0
129 144 0
129 473 0
129 762 0
144 231 0
144 241 0
144 621 0
144 624 0
473 196 0
473 637 0
762 140 0
762 482 0
762 749 0
130 709 0
709 624 0
709 657 0
709 836 0
709 207 0
131 502 0
131 733 0
131 767 0
131 780 0
135 895 0
895 403 0
138 744 0
141 827 0
827 830 0
142 305 0
305 552 0
305 693 0
305 806 0
143 896 0
896 563 0
621 223 0
243 159 0
243 394 0
243 854 0
656 232 0
656 301 0
147 618 0
618 306 0
148 472 0
148 606 0
148 774 0
149 437 0
149 488 0
149 730 0
149 775 0
488 834 0
488 899 0
488 202 0
150 415 0
150 569 0
150 845 0
249 643 0
249 710 0
152 564 0
564 164 0
564 794 0
564 270 0
153 246 0
153 277 0
153 526 0
153 547 0
277 462 0
154 223 0
154 238 0
223 474 0
223 600 0
223 835 0
157 440 0
440 213 0
440 280 0
440 398 0
440 555 0
158 292 0
158 503 0
158 746 0
159 192 0
159 553 0
159 767 0
159 828 0
192 496 0
161 688 0
688 214 0
688 565 0
162 283 0
162 459 0
162 551 0
283 179 0
283 602 0
167 395 0
167 627 0
167 636 0
167 652 0
167 702 0
395 643 0
395 883 0
627 360 0
627 444 0
636 587 0
636 874 0
168 644 0
644 217 0
644 362 0
644 612 0
169 193 0
169 429 0
169 812 0
170 364 0
170 781 0
170 837 0
364 389 0
364 477 0
171 215 0
171 247 0
171 554 0
171 738 0
247 500 0
172 205 0
172 226 0
172 315 0
172 532 0
172 639 0
226 652 0
226 801 0
174 536 0
536 698 0
176 820 0
820 198 0
179 431 0
179 456 0
179 750 0
456 273 0
456 383 0
180 825 0
825 443 0
181 500 0
181 555 0
182 331 0
331 363 0
331 764 0
331 841 0
183 724 0
184 711 0
711 812 0
209 495 0
209 748 0
186 561 0
561 779 0
561 196 0
189 266 0
266 667 0
266 796 0
266 843 0
190 766 0
766 466 0
191 340 0
340 335 0
340 366 0
340 505 0
194 357 0
194 424 0
194 484 0
194 631 0
194 866 0
357 747 0
357 755 0
357 793 0
199 236 0
236 445 0
236 489 0
236 849 0
201 467 0
201 633 0
201 826 0
467 260 0
467 640 0
633 808 0
202 216 0
202 402 0
202 486 0
204 556 0
556 354 0
206 333 0
333 697 0
333 736 0
207 694 0
211 800 0
800 370 0
800 842 0
212 741 0
741 783 0
741 798 0
218 220 0
218 540 0
218 772 0
540 705 0
221 807 0
807 676 0
224 690 0
690 736 0
228 495 0
495 285 0
495 378 0
495 888 0
229 605 0
605 425 0
234 577 0
577 275 0
235 334 0
235 396 0
235 612 0
238 294 0
238 317 0
238 367 0
238 501 0
238 658 0
367 671 0
501 744 0
239 517 0
239 666 0
239 841 0
239 881 0
240 838 0
838 607 0
838 731 0
242 302 0
302 330 0
302 463 0
302 638 0
302 657 0
302 814 0
500 349 0
500 789 0
523 278 0
250 554 0
250 710 0
554 767 0
251 755 0
755 422 0
253 609 0
609 373 0
609 375 0
254 805 0
255 814 0
343 270 0
343 348 0
343 361 0
518 264 0
518 374 0
667 336 0
270 433 0
433 312 0
433 532 0
433 595 0
272 475 0
475 439 0
273 485 0
273 552 0
273 723 0
276 747 0
747 759 0
747 858 0
282 784 0
784 623 0
685 448 0
297 319 0
319 521 0
319 743 0
319 882 0
299 818 0
818 677 0
818 899 0
818 377 0
608 328 0
608 651 0
330 513 0
330 705 0
307 642 0
642 391 0
308 568 0
568 434 0
310 462 0
462 765 0
311 493 0
493 390 0
314 337 0
337 339 0
337 745 0
743 872 0
320 893 0
893 799 0
322 831 0
322 856 0
322 886 0
323 453 0
453 704 0
326 446 0
446 598 0
329 833 0
833 398 0
363 383 0
335 476 0
336 412 0
336 546 0
336 692 0
342 410 0
410 407 0
410 420 0
410 757 0
346 702 0
702 381 0
702 725 0
350 701 0
701 358 0
701 425 0
354 813 0
813 812 0
360 497 0
360 714 0
383 630 0
383 692 0
671 859 0
377 617 0
378 559 0
559 448 0
386 397 0
397 582 0
397 583 0
398 573 0
398 760 0
573 428 0
399 468 0
468 454 0
401 891 0
891 585 0
405 572 0
572 535 0
572 580 0
411 590 0
590 601 0
590 840 0
420 567 0
420 710 0
420 744 0
567 471 0
567 574 0
567 596 0
710 584 0
421 427 0
421 720 0
421 846 0
425 581 0
436 566 0
566 639 0
566 641 0
444 514 0
444 610 0
450 855 0
855 786 0
452 722 0
722 753 0
457 643 0
643 717 0
643 860 0
640 539 0
469 496 0
496 678 0
470 826 0
826 890 0
637 853 0
476 541 0
476 655 0
483 626 0
626 809 0
834 525 0
834 719 0
602 687 0
513 614 0
513 751 0
531 791 0
791 616 0
538 748 0
748 860 0
539 793 0
793 592 0
570 782 0
782 727 0
782 736 0
687 665 0
687 686 0
808 879 0
792 712 0
652 700 0
654 712 0
677 814 0
812 758 0
764 824 0
845 900 0
