663 699 0
1 614 0
614 183 0
614 246 0
2 300 0
300 105 0
300 235 0
300 279 0
300 386 0
3 182 0
3 606 0
3 656 0
3 659 0
182 454 0
182 510 0
182 50 0
4 170 0
4 433 0
4 480 0
4 699 0
170 92 0
170 375 0
170 583 0
5 31 0
5 67 0
5 254 0
5 411 0
5 576 0
31 459 0
31 570 0
67 375 0
67 487 0
67 528 0
254 135 0
254 273 0
6 30 0
6 385 0
6 399 0
6 625 0
7 632 0
632 37 0
632 84 0
8 112 0
8 237 0
8 255 0
112 18 0
112 609 0
112 619 0
9 142 0
9 217 0
9 358 0
9 436 0
9 481 0
142 32 0
142 330 0
436 308 0
436 83 0
436 634 0
10 36 0
10 49 0
10 52 0
10 255 0
10 624 0
36 408 0
36 555 0
36 660 0
49 76 0
49 179 0
49 318 0
52 123 0
52 155 0
52 273 0
52 525 0
52 536 0
11 276 0
276 35 0
276 157 0
276 173 0
276 185 0
276 45 0
276 686 0
12 650 0
650 53 0
650 343 0
13 673 0
673 368 0
673 617 0
14 339 0
339 221 0
339 222 0
339 152 0
339 362 0
15 582 0
582 306 0
16 434 0
434 422 0
434 475 0
434 578 0
17 364 0
364 194 0
18 141 0
18 577 0
18 677 0
19 248 0
19 252 0
19 372 0
19 538 0
20 205 0
20 382 0
20 559 0
20 596 0
20 597 0
205 25 0
205 98 0
205 187 0
21 231 0
21 399 0
21 587 0
21 682 0
399 526 0
22 135 0
135 110 0
135 229 0
135 281 0
23 152 0
23 180 0
23 228 0
23 285 0
23 390 0
152 69 0
152 278 0
228 257 0
24 409 0
409 253 0
25 137 0
25 193 0
25 239 0
25 327 0
25 471 0
137 169 0
137 266 0
137 394 0
137 265 0
193 518 0
193 76 0
193 593 0
239 292 0
239 330 0
239 687 0
26 268 0
268 374 0
268 470 0
268 494 0
268 575 0
27 85 0
27 439 0
27 544 0
27 617 0
27 623 0
27 644 0
27 694 0
85 421 0
85 593 0
439 82 0
617 153 0
617 190 0
617 221 0
28 128 0
28 273 0
28 398 0
28 466 0
28 643 0
28 679 0
128 195 0
273 242 0
29 603 0
603 140 0
603 669 0
603 79 0
603 116 0
32 284 0
32 576 0
32 675 0
284 294 0
284 327 0
284 369 0
284 574 0
284 189 0
576 190 0
576 91 0
33 88 0
33 212 0
33 427 0
88 38 0
88 54 0
88 188 0
88 618 0
212 133 0
212 138 0
212 401 0
212 638 0
34 127 0
127 44 0
127 440 0
127 621 0
35 186 0
35 375 0
35 461 0
186 349 0
186 548 0
186 558 0
408 136 0
39 275 0
275 351 0
275 495 0
275 697 0
40 236 0
40 470 0
40 568 0
236 441 0
236 454 0
236 641 0
470 619 0
470 105 0
41 111 0
41 442 0
41 511 0
41 568 0
42 153 0
42 523 0
153 118 0
153 298 0
153 376 0
153 554 0
43 309 0
309 290 0
44 321 0
44 487 0
321 113 0
321 243 0
45 151 0
151 630 0
151 638 0
151 692 0
46 115 0
46 209 0
46 220 0
46 270 0
47 175 0
175 178 0
175 328 0
175 489 0
48 550 0
550 224 0
550 371 0
550 536 0
550 552 0
50 75 0
50 110 0
75 208 0
75 477 0
110 146 0
110 251 0
110 261 0
110 334 0
110 370 0
51 187 0
187 520 0
187 616 0
123 281 0
55 242 0
242 437 0
242 197 0
56 689 0
689 159 0
689 220 0
57 687 0
687 234 0
58 369 0
58 570 0
58 640 0
58 688 0
570 200 0
570 619 0
570 143 0
59 94 0
59 222 0
59 354 0
59 459 0
59 518 0
59 568 0
94 444 0
94 549 0
222 292 0
222 435 0
354 166 0
354 320 0
354 449 0
354 196 0
459 68 0
459 471 0
60 146 0
146 337 0
146 601 0
61 427 0
427 148 0
427 554 0
62 636 0
636 463 0
636 499 0
63 83 0
83 134 0
83 627 0
64 549 0
549 131 0
549 326 0
549 163 0
65 200 0
65 310 0
65 680 0
65 523 0
200 448 0
200 178 0
200 192 0
310 87 0
310 171 0
310 543 0
66 666 0
666 126 0
666 649 0
375 301 0
68 189 0
68 258 0
68 400 0
68 612 0
68 511 0
189 162 0
189 262 0
258 194 0
258 387 0
400 162 0
69 99 0
69 157 0
69 600 0
70 456 0
456 77 0
71 265 0
71 340 0
71 500 0
71 513 0
71 649 0
72 165 0
165 105 0
165 203 0
165 412 0
73 208 0
208 225 0
208 631 0
74 670 0
670 271 0
670 143 0
78 342 0
342 295 0
79 119 0
79 379 0
119 345 0
119 411 0
119 501 0
119 538 0
80 232 0
80 374 0
80 410 0
232 132 0
232 313 0
232 380 0
232 640 0
81 330 0
330 324 0
82 139 0
82 453 0
82 611 0
139 308 0
139 367 0
86 266 0
266 114 0
266 505 0
266 519 0
89 215 0
89 272 0
89 366 0
89 432 0
89 509 0
89 642 0
366 190 0
366 237 0
366 421 0
90 370 0
90 507 0
90 538 0
370 684 0
91 163 0
91 197 0
91 622 0
163 335 0
197 177 0
197 192 0
92 292 0
92 502 0
93 590 0
590 214 0
590 218 0
95 196 0
196 191 0
196 567 0
96 233 0
233 501 0
233 592 0
233 615 0
97 462 0
462 429 0
462 516 0
98 515 0
98 551 0
100 405 0
100 446 0
100 485 0
100 502 0
100 671 0
405 417 0
446 105 0
485 207 0
101 680 0
680 223 0
680 227 0
680 483 0
680 221 0
102 178 0
102 267 0
102 338 0
102 629 0
103 563 0
563 504 0
563 106 0
104 198 0
104 201 0
104 506 0
104 679 0
198 169 0
198 289 0
105 467 0
467 149 0
106 132 0
132 181 0
132 391 0
132 671 0
107 560 0
560 329 0
108 589 0
589 184 0
109 583 0
583 167 0
583 256 0
251 199 0
251 610 0
251 367 0
261 219 0
261 484 0
261 435 0
609 263 0
609 185 0
609 565 0
116 486 0
486 158 0
486 226 0
486 612 0
117 510 0
345 247 0
345 512 0
411 353 0
411 671 0
501 270 0
120 181 0
181 352 0
181 540 0
121 247 0
247 447 0
122 634 0
634 259 0
634 508 0
124 418 0
124 494 0
124 553 0
124 662 0
494 620 0
494 690 0
125 347 0
347 363 0
129 356 0
356 174 0
356 455 0
130 593 0
593 145 0
169 289 0
169 377 0
169 545 0
169 588 0
394 147 0
143 157 0
144 522 0
522 393 0
150 361 0
361 176 0
361 518 0
630 444 0
278 177 0
278 640 0
154 237 0
237 503 0
237 637 0
156 469 0
469 457 0
469 633 0
160 291 0
160 471 0
160 641 0
160 684 0
291 195 0
291 230 0
161 527 0
527 213 0
162 302 0
162 360 0
162 492 0
335 648 0
335 192 0
335 691 0
164 386 0
164 397 0
166 379 0
168 594 0
594 373 0
289 542 0
172 599 0
599 491 0
177 230 0
177 287 0
177 312 0
230 379 0
185 555 0
190 607 0
518 410 0
194 424 0
195 534 0
195 541 0
199 461 0
448 403 0
202 331 0
331 301 0
331 363 0
331 557 0
204 280 0
204 346 0
204 384 0
206 652 0
652 580 0
652 605 0
210 693 0
693 344 0
211 397 0
397 250 0
397 607 0
216 675 0
675 245 0
675 488 0
675 620 0
220 293 0
220 353 0
220 562 0
293 453 0
562 407 0
221 597 0
597 555 0
292 319 0
292 595 0
238 241 0
241 301 0
241 647 0
241 660 0
241 696 0
240 531 0
531 333 0
244 286 0
286 443 0
286 478 0
249 410 0
410 532 0
255 288 0
255 514 0
257 416 0
257 490 0
257 535 0
257 598 0
260 555 0
555 473 0
555 679 0
262 468 0
262 524 0
262 664 0
262 665 0
264 602 0
602 423 0
602 478 0
269 556 0
556 311 0
556 371 0
270 424 0
270 536 0
424 299 0
424 493 0
424 608 0
274 529 0
529 622 0
529 681 0
351 511 0
351 526 0
277 523 0
523 322 0
523 505 0
281 539 0
281 585 0
539 613 0
585 338 0
585 359 0
585 451 0
282 610 0
610 431 0
610 641 0
283 561 0
283 649 0
561 465 0
478 404 0
296 676 0
676 381 0
297 314 0
297 332 0
297 564 0
303 357 0
303 378 0
304 645 0
645 428 0
645 660 0
305 355 0
305 452 0
355 404 0
307 389 0
389 479 0
315 537 0
537 663 0
316 421 0
421 566 0
317 653 0
653 674 0
323 391 0
391 604 0
325 477 0
477 472 0
477 658 0
336 530 0
530 496 0
348 387 0
348 392 0
348 464 0
387 425 0
449 388 0
404 379 0
365 444 0
367 414 0
367 584 0
367 644 0
379 438 0
379 505 0
383 502 0
502 698 0
395 403 0
406 461 0
461 683 0
671 498 0
413 419 0
413 475 0
619 651 0
619 657 0
476 654 0
476 667 0
484 679 0
690 569 0
517 688 0
688 533 0
591 669 0
624 649 0
638 641 0
