574 599 0
1 441 0
441 28 0
2 392 0
392 442 0
392 46 0
392 504 0
3 287 0
287 241 0
287 546 0
287 448 0
4 200 0
4 284 0
4 571 0
200 57 0
200 224 0
200 117 0
200 467 0
5 40 0
5 42 0
5 176 0
5 319 0
176 317 0
176 419 0
6 242 0
242 27 0
242 101 0
242 370 0
242 520 0
7 302 0
302 341 0
302 371 0
302 430 0
302 501 0
302 346 0
302 221 0
8 214 0
214 132 0
214 501 0
214 530 0
214 557 0
9 124 0
9 204 0
9 495 0
9 541 0
124 38 0
124 168 0
124 362 0
10 450 0
450 485 0
11 45 0
11 233 0
11 407 0
11 416 0
12 25 0
12 80 0
12 158 0
12 172 0
25 232 0
25 328 0
80 116 0
80 474 0
80 516 0
80 594 0
13 434 0
434 312 0
434 318 0
434 321 0
14 357 0
357 187 0
357 274 0
357 348 0
15 43 0
43 67 0
43 336 0
43 337 0
16 47 0
16 198 0
16 227 0
16 451 0
17 220 0
220 165 0
220 199 0
220 386 0
18 59 0
18 326 0
18 327 0
18 454 0
18 501 0
18 516 0
59 73 0
59 404 0
326 223 0
326 457 0
326 562 0
326 296 0
327 37 0
327 406 0
327 453 0
454 256 0
19 77 0
19 122 0
19 293 0
19 594 0
77 129 0
77 137 0
122 49 0
122 86 0
122 497 0
20 284 0
284 255 0
284 504 0
21 34 0
21 81 0
21 257 0
21 308 0
21 438 0
21 475 0
34 116 0
34 163 0
81 491 0
81 73 0
308 425 0
22 31 0
22 178 0
22 216 0
22 290 0
31 73 0
31 419 0
23 589 0
589 119 0
589 496 0
589 50 0
589 343 0
24 164 0
164 33 0
164 141 0
164 185 0
164 381 0
232 105 0
232 229 0
232 168 0
26 35 0
26 84 0
26 152 0
26 484 0
35 244 0
35 487 0
35 516 0
29 154 0
29 161 0
29 480 0
30 588 0
588 56 0
73 111 0
73 191 0
32 100 0
100 199 0
100 206 0
100 306 0
100 502 0
33 88 0
33 281 0
33 360 0
88 117 0
88 128 0
88 186 0
88 580 0
281 247 0
281 145 0
116 211 0
116 235 0
116 299 0
244 130 0
244 467 0
244 489 0
244 296 0
244 503 0
36 303 0
303 126 0
303 211 0
303 508 0
38 63 0
38 264 0
38 365 0
39 212 0
39 230 0
39 483 0
212 301 0
212 341 0
212 577 0
41 511 0
511 217 0
67 65 0
67 351 0
44 89 0
89 118 0
89 147 0
89 420 0
46 358 0
46 586 0
358 323 0
48 404 0
404 92 0
404 300 0
404 323 0
404 334 0
50 238 0
50 513 0
50 516 0
238 467 0
238 230 0
513 104 0
51 477 0
477 251 0
477 282 0
477 472 0
52 414 0
52 483 0
52 521 0
52 599 0
483 181 0
483 70 0
53 595 0
595 349 0
54 96 0
54 280 0
54 340 0
54 504 0
54 538 0
280 305 0
55 597 0
597 171 0
597 320 0
597 91 0
57 420 0
57 507 0
57 545 0
420 83 0
420 105 0
58 163 0
58 172 0
163 146 0
163 296 0
163 384 0
163 413 0
163 459 0
60 91 0
60 307 0
60 462 0
60 471 0
91 360 0
91 594 0
61 250 0
250 228 0
250 239 0
250 409 0
250 590 0
62 476 0
476 261 0
476 309 0
476 275 0
64 422 0
422 328 0
422 407 0
65 346 0
65 405 0
65 447 0
66 68 0
66 195 0
66 348 0
66 560 0
69 362 0
362 140 0
362 189 0
70 160 0
70 175 0
70 342 0
71 179 0
179 86 0
179 285 0
179 369 0
179 551 0
72 202 0
202 260 0
202 473 0
202 577 0
74 376 0
376 79 0
376 361 0
75 145 0
75 177 0
75 263 0
75 395 0
177 229 0
177 469 0
76 276 0
76 350 0
76 390 0
76 522 0
78 133 0
133 113 0
133 587 0
133 591 0
82 379 0
379 288 0
83 258 0
83 417 0
83 540 0
85 157 0
85 224 0
85 397 0
157 123 0
157 197 0
157 329 0
157 427 0
157 407 0
224 515 0
224 534 0
224 199 0
224 539 0
86 489 0
87 236 0
87 249 0
87 292 0
117 106 0
117 121 0
90 213 0
90 383 0
90 559 0
360 107 0
360 316 0
360 385 0
93 561 0
561 243 0
561 401 0
94 222 0
222 170 0
222 203 0
222 275 0
222 373 0
95 469 0
469 139 0
469 188 0
97 289 0
289 300 0
289 339 0
289 343 0
289 239 0
289 466 0
98 482 0
482 312 0
99 209 0
99 282 0
99 421 0
99 445 0
282 229 0
199 229 0
102 262 0
102 335 0
102 408 0
103 490 0
490 218 0
490 234 0
490 574 0
105 292 0
105 402 0
105 505 0
292 247 0
292 468 0
106 334 0
106 354 0
106 377 0
334 159 0
108 323 0
108 389 0
108 553 0
108 569 0
108 571 0
109 487 0
487 265 0
487 584 0
110 548 0
548 194 0
548 218 0
548 217 0
548 481 0
112 435 0
435 525 0
113 138 0
113 207 0
113 351 0
138 174 0
138 231 0
138 585 0
114 396 0
396 248 0
115 172 0
115 409 0
115 485 0
172 150 0
172 121 0
409 394 0
409 310 0
211 268 0
211 305 0
121 161 0
121 312 0
120 208 0
120 411 0
120 520 0
161 364 0
161 368 0
161 397 0
125 458 0
458 332 0
127 517 0
517 291 0
517 520 0
131 221 0
131 297 0
131 359 0
131 393 0
131 488 0
221 136 0
221 181 0
134 356 0
356 193 0
356 245 0
356 141 0
356 312 0
135 136 0
136 510 0
136 512 0
141 207 0
142 418 0
418 252 0
143 268 0
268 343 0
268 536 0
144 207 0
207 219 0
148 400 0
400 201 0
400 485 0
400 552 0
149 230 0
230 361 0
230 460 0
150 252 0
150 448 0
150 502 0
150 559 0
252 544 0
448 586 0
448 156 0
448 278 0
151 425 0
425 267 0
153 184 0
184 370 0
184 398 0
155 554 0
554 205 0
156 338 0
156 355 0
156 391 0
156 397 0
156 582 0
197 394 0
197 492 0
158 246 0
158 419 0
246 275 0
246 300 0
419 370 0
159 167 0
159 173 0
159 299 0
159 378 0
159 551 0
299 436 0
299 564 0
368 311 0
162 185 0
162 298 0
162 347 0
162 575 0
185 315 0
413 314 0
166 600 0
600 443 0
168 285 0
168 412 0
168 522 0
285 295 0
285 470 0
169 565 0
565 304 0
565 374 0
170 275 0
317 190 0
317 403 0
317 543 0
180 279 0
279 348 0
279 372 0
279 563 0
181 570 0
181 571 0
570 351 0
182 532 0
532 579 0
183 564 0
564 547 0
370 210 0
192 269 0
269 382 0
269 401 0
269 572 0
196 573 0
573 283 0
210 330 0
210 440 0
305 485 0
215 478 0
478 254 0
478 322 0
218 492 0
218 551 0
492 518 0
492 596 0
275 314 0
225 528 0
528 271 0
226 310 0
310 294 0
310 437 0
235 239 0
237 444 0
444 325 0
444 494 0
240 499 0
499 429 0
467 295 0
247 439 0
247 446 0
253 311 0
311 410 0
259 273 0
259 277 0
259 523 0
266 593 0
593 567 0
593 568 0
270 544 0
544 286 0
544 456 0
544 341 0
272 295 0
295 514 0
314 333 0
278 300 0
348 491 0
348 555 0
343 569 0
293 393 0
293 506 0
293 524 0
393 530 0
436 380 0
313 470 0
470 375 0
470 498 0
315 519 0
315 531 0
324 586 0
586 431 0
586 558 0
331 468 0
468 464 0
468 500 0
344 394 0
394 556 0
555 451 0
352 423 0
423 571 0
366 428 0
428 432 0
428 509 0
367 533 0
533 452 0
387 433 0
433 505 0
401 463 0
463 407 0
455 526 0
455 549 0
596 576 0
577 594 0
