653 699 0
1 667 0
667 415 0
667 587 0
667 377 0
2 46 0
2 230 0
2 611 0
2 655 0
46 38 0
46 212 0
46 380 0
3 62 0
3 357 0
3 440 0
3 616 0
3 662 0
3 693 0
357 35 0
357 38 0
4 35 0
35 96 0
35 399 0
35 275 0
5 86 0
5 188 0
5 446 0
5 575 0
6 251 0
6 543 0
6 572 0
6 665 0
251 454 0
251 452 0
543 264 0
543 379 0
7 626 0
626 467 0
626 506 0
8 60 0
8 371 0
8 439 0
60 153 0
60 258 0
60 554 0
371 322 0
371 407 0
9 669 0
669 45 0
10 87 0
10 124 0
10 351 0
10 425 0
10 665 0
87 279 0
87 553 0
124 75 0
11 344 0
11 366 0
11 367 0
11 401 0
11 524 0
11 670 0
344 14 0
344 247 0
367 502 0
367 24 0
367 520 0
401 443 0
12 158 0
12 201 0
12 213 0
12 352 0
12 413 0
158 92 0
158 587 0
158 631 0
201 15 0
13 630 0
630 110 0
630 147 0
14 236 0
14 277 0
14 340 0
236 65 0
236 676 0
277 170 0
277 207 0
340 268 0
15 423 0
15 520 0
15 692 0
520 656 0
520 233 0
16 679 0
679 164 0
679 372 0
17 24 0
17 134 0
17 168 0
17 459 0
24 622 0
134 78 0
18 272 0
272 267 0
19 117 0
19 313 0
19 338 0
19 387 0
117 94 0
313 36 0
313 392 0
20 72 0
20 91 0
20 286 0
20 412 0
20 449 0
72 387 0
91 153 0
91 186 0
286 186 0
21 444 0
21 450 0
21 553 0
21 639 0
22 121 0
22 295 0
22 463 0
121 224 0
121 267 0
121 334 0
121 358 0
121 447 0
121 332 0
121 493 0
295 265 0
295 288 0
295 386 0
23 127 0
23 300 0
23 427 0
23 638 0
300 129 0
300 194 0
300 210 0
25 583 0
583 477 0
26 397 0
397 298 0
397 527 0
397 618 0
397 185 0
397 649 0
27 652 0
652 146 0
652 214 0
28 66 0
28 175 0
28 409 0
28 523 0
66 231 0
175 44 0
175 133 0
409 129 0
409 550 0
29 327 0
327 187 0
327 527 0
327 83 0
327 603 0
30 74 0
30 160 0
74 81 0
74 198 0
74 416 0
74 509 0
31 98 0
31 334 0
98 212 0
98 339 0
98 461 0
32 317 0
317 153 0
317 390 0
317 610 0
33 275 0
33 414 0
33 558 0
33 573 0
414 168 0
558 572 0
34 84 0
34 280 0
34 448 0
34 559 0
34 602 0
84 99 0
84 221 0
84 339 0
36 325 0
36 561 0
325 388 0
325 504 0
325 553 0
37 443 0
38 549 0
38 682 0
39 309 0
39 370 0
39 480 0
39 550 0
309 104 0
40 48 0
40 157 0
48 126 0
48 319 0
48 392 0
48 418 0
48 634 0
48 506 0
41 378 0
378 200 0
42 271 0
42 281 0
42 301 0
42 377 0
42 432 0
301 606 0
301 613 0
301 120 0
43 347 0
347 167 0
347 472 0
44 341 0
44 365 0
44 506 0
44 671 0
365 294 0
365 222 0
212 200 0
47 589 0
589 132 0
589 257 0
126 197 0
126 548 0
392 53 0
49 231 0
231 517 0
231 563 0
231 660 0
50 142 0
50 176 0
50 221 0
142 208 0
142 238 0
142 263 0
51 691 0
691 526 0
691 594 0
52 120 0
120 246 0
120 342 0
53 303 0
53 453 0
53 654 0
303 144 0
54 114 0
114 69 0
114 541 0
114 591 0
55 522 0
522 219 0
522 245 0
56 195 0
195 382 0
195 694 0
195 439 0
57 138 0
57 253 0
57 261 0
57 289 0
57 463 0
138 339 0
138 424 0
58 145 0
145 208 0
145 224 0
145 619 0
59 294 0
294 335 0
153 511 0
258 128 0
258 259 0
258 527 0
61 321 0
321 405 0
63 143 0
63 162 0
63 315 0
63 523 0
63 618 0
162 147 0
162 330 0
162 571 0
162 666 0
64 607 0
607 350 0
65 93 0
65 570 0
65 627 0
93 144 0
93 464 0
93 666 0
570 284 0
570 205 0
570 556 0
67 131 0
67 416 0
67 633 0
67 681 0
416 606 0
416 498 0
68 442 0
442 156 0
70 452 0
452 159 0
452 576 0
71 194 0
194 229 0
194 241 0
73 107 0
73 186 0
73 660 0
107 78 0
107 177 0
107 567 0
107 642 0
75 239 0
75 573 0
75 660 0
239 320 0
239 363 0
239 665 0
239 473 0
239 687 0
573 612 0
573 622 0
76 454 0
454 203 0
454 204 0
454 389 0
454 215 0
77 220 0
77 240 0
77 463 0
77 446 0
78 398 0
78 503 0
78 688 0
398 227 0
503 227 0
79 224 0
79 332 0
79 375 0
224 635 0
80 435 0
435 343 0
82 172 0
82 329 0
82 550 0
83 157 0
157 323 0
157 337 0
157 439 0
157 501 0
99 184 0
99 266 0
99 608 0
85 180 0
85 360 0
85 395 0
85 675 0
88 133 0
133 179 0
133 225 0
133 356 0
89 206 0
206 209 0
206 257 0
206 646 0
90 221 0
90 613 0
90 657 0
221 137 0
221 514 0
92 635 0
144 106 0
144 385 0
144 513 0
94 140 0
94 417 0
94 505 0
94 557 0
94 684 0
140 429 0
140 564 0
140 674 0
557 247 0
557 429 0
95 632 0
632 305 0
632 545 0
97 359 0
359 148 0
359 288 0
100 530 0
530 451 0
101 243 0
243 232 0
243 622 0
243 698 0
102 604 0
604 111 0
604 168 0
604 178 0
103 590 0
590 527 0
104 259 0
104 455 0
104 465 0
104 569 0
259 270 0
259 494 0
465 553 0
105 628 0
628 125 0
106 168 0
106 678 0
108 651 0
651 460 0
651 678 0
651 215 0
109 116 0
109 328 0
109 560 0
109 659 0
328 468 0
112 498 0
498 173 0
498 190 0
113 393 0
393 291 0
115 182 0
115 228 0
115 358 0
115 689 0
118 411 0
411 168 0
411 183 0
411 484 0
119 166 0
166 358 0
166 489 0
166 538 0
166 580 0
334 250 0
334 602 0
334 663 0
122 274 0
122 349 0
122 612 0
122 644 0
123 561 0
561 318 0
561 421 0
125 352 0
125 375 0
125 473 0
125 625 0
352 247 0
352 250 0
375 326 0
375 489 0
625 130 0
128 160 0
128 364 0
160 374 0
160 609 0
129 541 0
129 629 0
129 663 0
629 387 0
179 552 0
179 556 0
135 255 0
255 227 0
255 489 0
136 420 0
420 174 0
339 284 0
139 468 0
429 218 0
429 599 0
141 464 0
464 519 0
464 529 0
208 215 0
208 355 0
208 471 0
238 155 0
238 403 0
238 618 0
238 662 0
147 404 0
149 676 0
676 540 0
150 635 0
635 161 0
635 290 0
151 256 0
256 354 0
256 600 0
256 154 0
256 241 0
152 387 0
387 462 0
511 581 0
511 612 0
511 624 0
154 249 0
154 612 0
249 395 0
249 482 0
249 493 0
439 496 0
330 287 0
163 578 0
578 474 0
165 424 0
424 314 0
424 381 0
424 546 0
424 241 0
169 496 0
170 373 0
170 441 0
170 615 0
171 653 0
653 263 0
174 614 0
174 639 0
176 402 0
176 492 0
176 639 0
552 248 0
181 270 0
270 260 0
270 555 0
185 186 0
186 196 0
186 377 0
186 568 0
189 304 0
304 268 0
304 579 0
191 494 0
494 469 0
494 500 0
192 355 0
355 200 0
355 235 0
355 297 0
193 252 0
193 284 0
193 333 0
193 672 0
284 493 0
197 285 0
197 430 0
197 460 0
197 483 0
197 486 0
197 645 0
460 658 0
199 310 0
310 650 0
310 660 0
200 640 0
640 211 0
640 601 0
640 623 0
202 614 0
614 244 0
614 620 0
204 642 0
205 207 0
205 463 0
207 336 0
207 476 0
210 470 0
210 547 0
210 574 0
216 233 0
233 324 0
233 516 0
233 697 0
217 345 0
345 222 0
345 302 0
345 585 0
223 422 0
223 475 0
223 508 0
475 461 0
475 598 0
226 502 0
227 250 0
227 478 0
250 662 0
478 495 0
478 518 0
660 554 0
234 556 0
556 242 0
556 621 0
237 278 0
278 279 0
278 548 0
247 369 0
247 690 0
395 461 0
254 394 0
394 466 0
600 544 0
260 353 0
260 542 0
353 622 0
262 637 0
637 368 0
264 400 0
269 595 0
595 434 0
276 497 0
497 380 0
497 532 0
497 673 0
279 326 0
548 658 0
326 521 0
326 533 0
282 537 0
537 446 0
283 436 0
436 346 0
292 410 0
410 348 0
293 404 0
404 535 0
404 688 0
296 322 0
299 696 0
696 597 0
696 612 0
606 408 0
613 528 0
613 577 0
613 380 0
307 312 0
312 481 0
308 428 0
308 457 0
308 602 0
311 657 0
657 331 0
657 491 0
657 662 0
316 364 0
364 531 0
610 379 0
338 438 0
338 550 0
338 680 0
550 674 0
362 596 0
596 515 0
407 636 0
384 593 0
593 631 0
593 683 0
461 542 0
419 471 0
471 566 0
446 539 0
446 554 0
554 688 0
485 544 0
536 572 0
572 666 0
674 663 0
662 700 0
