781 799 0
1 284 0
284 77 0
284 340 0
284 89 0
2 211 0
2 273 0
2 558 0
2 776 0
3 250 0
250 105 0
250 180 0
250 448 0
4 671 0
4 697 0
4 739 0
671 498 0
671 156 0
671 258 0
671 471 0
5 43 0
5 52 0
5 159 0
5 177 0
43 420 0
43 621 0
52 431 0
52 503 0
52 724 0
6 49 0
6 249 0
6 698 0
49 36 0
49 303 0
49 442 0
249 45 0
249 164 0
249 429 0
249 546 0
7 203 0
7 219 0
7 289 0
7 367 0
203 99 0
203 252 0
203 543 0
8 796 0
796 385 0
796 441 0
9 55 0
9 123 0
9 228 0
9 240 0
55 267 0
55 586 0
55 303 0
10 557 0
10 597 0
557 214 0
557 377 0
557 681 0
557 767 0
11 461 0
461 269 0
461 198 0
461 538 0
12 23 0
12 61 0
12 791 0
12 800 0
13 697 0
697 18 0
14 215 0
14 481 0
14 536 0
14 751 0
481 574 0
481 643 0
15 67 0
67 96 0
67 244 0
67 446 0
16 242 0
16 719 0
16 762 0
16 793 0
719 78 0
719 155 0
719 196 0
17 464 0
464 172 0
464 579 0
464 797 0
19 118 0
19 496 0
19 619 0
19 649 0
496 402 0
496 166 0
619 539 0
20 393 0
393 525 0
393 75 0
393 569 0
21 372 0
21 414 0
21 564 0
21 636 0
372 721 0
372 166 0
372 189 0
372 311 0
22 78 0
78 168 0
78 680 0
24 693 0
693 50 0
693 210 0
693 143 0
25 75 0
25 97 0
25 200 0
25 514 0
75 155 0
75 333 0
26 497 0
497 740 0
497 767 0
497 443 0
27 35 0
35 106 0
35 571 0
28 59 0
59 96 0
59 620 0
29 605 0
605 535 0
30 169 0
169 537 0
169 555 0
169 737 0
31 263 0
31 444 0
31 590 0
31 629 0
31 667 0
31 709 0
629 183 0
629 391 0
32 267 0
267 374 0
267 715 0
33 159 0
159 84 0
159 104 0
34 710 0
710 437 0
36 382 0
36 670 0
37 146 0
146 144 0
146 644 0
146 595 0
38 433 0
433 230 0
433 278 0
433 580 0
39 362 0
39 398 0
39 474 0
39 537 0
362 155 0
362 311 0
362 545 0
362 382 0
398 623 0
398 425 0
40 232 0
232 66 0
232 93 0
232 129 0
232 707 0
41 246 0
246 92 0
246 235 0
246 521 0
246 528 0
246 676 0
42 152 0
152 323 0
152 334 0
152 554 0
152 655 0
44 361 0
361 255 0
361 530 0
361 92 0
45 488 0
45 504 0
488 90 0
488 357 0
488 573 0
46 192 0
46 530 0
46 695 0
46 772 0
530 774 0
47 166 0
166 174 0
48 304 0
304 171 0
304 313 0
304 509 0
51 427 0
427 175 0
427 527 0
427 279 0
53 68 0
53 370 0
53 495 0
68 147 0
68 319 0
68 676 0
370 161 0
370 241 0
370 760 0
54 149 0
54 202 0
54 315 0
54 366 0
149 179 0
149 299 0
149 633 0
56 136 0
136 181 0
136 450 0
136 622 0
136 756 0
57 124 0
57 314 0
57 600 0
57 741 0
124 182 0
124 329 0
124 422 0
58 322 0
322 72 0
322 236 0
322 745 0
96 480 0
96 606 0
60 614 0
614 757 0
62 696 0
696 371 0
696 396 0
696 226 0
63 428 0
63 544 0
63 561 0
63 617 0
64 394 0
394 365 0
394 407 0
394 684 0
65 425 0
425 138 0
425 638 0
69 209 0
209 259 0
209 477 0
209 616 0
70 207 0
207 245 0
207 286 0
71 409 0
409 164 0
409 432 0
409 511 0
72 229 0
72 539 0
229 457 0
229 771 0
73 668 0
668 216 0
668 359 0
668 564 0
668 226 0
668 578 0
74 725 0
725 185 0
725 412 0
725 701 0
155 739 0
333 184 0
333 747 0
333 749 0
333 89 0
76 523 0
523 113 0
523 474 0
523 542 0
79 264 0
264 324 0
264 401 0
264 532 0
80 237 0
237 190 0
237 479 0
81 101 0
81 510 0
81 566 0
81 707 0
82 126 0
82 260 0
82 429 0
82 595 0
82 685 0
429 448 0
429 759 0
429 103 0
429 358 0
83 736 0
736 307 0
736 486 0
736 334 0
736 378 0
85 262 0
85 592 0
85 604 0
85 705 0
85 795 0
604 558 0
86 534 0
86 537 0
86 748 0
86 770 0
537 627 0
537 500 0
87 466 0
466 105 0
466 360 0
466 551 0
88 467 0
467 335 0
467 355 0
467 546 0
467 194 0
467 795 0
89 256 0
256 160 0
256 324 0
256 423 0
91 119 0
119 226 0
119 410 0
119 687 0
93 324 0
93 597 0
94 529 0
529 127 0
529 475 0
529 448 0
529 164 0
95 272 0
95 395 0
95 438 0
95 722 0
272 339 0
272 581 0
98 206 0
206 323 0
206 352 0
206 384 0
99 107 0
99 280 0
99 379 0
100 495 0
495 162 0
495 291 0
102 223 0
102 292 0
102 326 0
102 462 0
223 290 0
223 311 0
223 451 0
103 275 0
103 351 0
103 678 0
275 344 0
275 329 0
105 574 0
108 187 0
187 178 0
187 364 0
187 561 0
109 773 0
773 392 0
110 422 0
422 247 0
422 316 0
422 348 0
422 602 0
422 611 0
111 570 0
570 295 0
112 732 0
732 622 0
732 546 0
732 746 0
114 586 0
586 399 0
586 786 0
115 390 0
390 268 0
390 509 0
390 591 0
116 121 0
121 234 0
121 626 0
121 640 0
117 253 0
253 726 0
253 378 0
226 574 0
120 424 0
424 186 0
424 706 0
424 288 0
424 798 0
234 339 0
234 478 0
122 518 0
518 195 0
518 369 0
518 412 0
182 378 0
182 707 0
182 777 0
125 312 0
312 135 0
312 651 0
128 512 0
512 385 0
512 490 0
512 628 0
512 452 0
130 375 0
130 413 0
130 562 0
130 794 0
375 177 0
375 301 0
131 329 0
329 567 0
329 691 0
132 306 0
132 336 0
132 578 0
132 665 0
133 302 0
302 150 0
302 277 0
302 436 0
134 389 0
389 310 0
389 657 0
389 588 0
137 179 0
179 564 0
179 672 0
179 690 0
139 188 0
139 261 0
139 320 0
139 524 0
139 675 0
320 177 0
320 344 0
140 191 0
140 531 0
140 596 0
140 644 0
141 277 0
141 356 0
141 468 0
141 702 0
277 296 0
277 650 0
142 196 0
196 506 0
196 599 0
143 339 0
143 648 0
143 683 0
339 777 0
339 599 0
648 380 0
648 348 0
648 549 0
145 683 0
683 157 0
683 316 0
148 290 0
290 151 0
290 588 0
290 660 0
299 218 0
299 331 0
299 758 0
323 547 0
323 698 0
334 344 0
153 388 0
153 553 0
153 682 0
153 739 0
154 547 0
547 325 0
547 559 0
156 548 0
156 653 0
156 778 0
548 282 0
548 176 0
158 478 0
478 212 0
478 699 0
163 402 0
402 200 0
402 386 0
402 516 0
402 558 0
164 515 0
165 533 0
533 281 0
533 613 0
533 477 0
167 327 0
170 480 0
480 575 0
480 712 0
172 387 0
172 543 0
387 459 0
387 470 0
387 666 0
173 643 0
643 270 0
643 790 0
176 305 0
176 350 0
176 484 0
177 194 0
177 442 0
177 676 0
442 774 0
442 345 0
378 183 0
183 501 0
183 727 0
189 213 0
189 328 0
189 473 0
328 341 0
328 474 0
193 704 0
704 550 0
197 733 0
733 239 0
198 271 0
198 303 0
271 222 0
271 419 0
271 525 0
271 656 0
303 615 0
199 581 0
581 669 0
581 752 0
200 689 0
201 588 0
201 618 0
201 625 0
618 318 0
204 248 0
248 221 0
248 412 0
248 415 0
205 572 0
572 353 0
208 456 0
208 598 0
208 706 0
208 755 0
217 318 0
217 343 0
217 597 0
318 443 0
318 628 0
318 768 0
318 799 0
343 283 0
343 317 0
343 731 0
220 717 0
717 276 0
717 342 0
717 324 0
224 650 0
650 508 0
650 526 0
225 703 0
703 545 0
703 644 0
227 231 0
227 279 0
227 720 0
227 723 0
279 311 0
279 332 0
230 563 0
230 689 0
563 491 0
563 583 0
563 742 0
233 625 0
625 416 0
625 662 0
625 782 0
238 471 0
471 552 0
471 584 0
243 477 0
243 735 0
243 764 0
243 785 0
477 606 0
521 258 0
521 540 0
521 341 0
251 301 0
301 287 0
301 718 0
252 408 0
252 417 0
252 761 0
254 540 0
540 257 0
258 561 0
258 777 0
561 465 0
324 296 0
265 646 0
646 499 0
266 688 0
688 493 0
688 633 0
274 597 0
597 700 0
296 365 0
282 285 0
282 489 0
282 556 0
282 767 0
288 391 0
391 452 0
391 587 0
391 800 0
293 451 0
451 647 0
451 663 0
294 637 0
637 426 0
637 707 0
297 632 0
632 576 0
298 689 0
689 502 0
689 560 0
300 577 0
577 519 0
615 509 0
308 435 0
435 373 0
435 455 0
435 800 0
309 344 0
344 714 0
316 706 0
443 385 0
321 341 0
341 522 0
341 631 0
330 593 0
593 545 0
332 565 0
332 610 0
332 779 0
332 787 0
337 515 0
515 430 0
515 454 0
515 601 0
338 589 0
589 363 0
589 458 0
345 385 0
345 412 0
345 667 0
385 585 0
346 504 0
504 507 0
504 639 0
347 358 0
358 405 0
358 460 0
349 440 0
440 381 0
440 608 0
440 452 0
354 400 0
354 482 0
354 582 0
365 403 0
403 447 0
403 487 0
403 729 0
368 686 0
686 708 0
376 453 0
453 558 0
453 664 0
453 765 0
382 472 0
382 777 0
472 539 0
472 606 0
383 411 0
383 520 0
383 607 0
585 661 0
397 500 0
500 485 0
500 713 0
623 406 0
404 634 0
634 421 0
418 498 0
498 711 0
498 769 0
706 766 0
759 599 0
430 465 0
430 611 0
430 633 0
465 434 0
465 783 0
439 642 0
439 658 0
439 677 0
439 753 0
658 469 0
774 665 0
445 492 0
492 474 0
492 505 0
492 716 0
449 513 0
513 568 0
513 578 0
558 543 0
463 509 0
463 612 0
463 624 0
463 694 0
539 627 0
539 767 0
474 541 0
541 483 0
541 641 0
541 674 0
476 780 0
780 494 0
606 595 0
606 644 0
517 789 0
789 609 0
543 670 0
543 754 0
622 698 0
698 657 0
633 673 0
673 635 0
673 734 0
734 692 0
692 782 0
766 728 0
766 800 0
