866 899 0
1 50 0
1 189 0
1 286 0
1 427 0
1 657 0
1 742 0
50 235 0
50 384 0
286 179 0
427 80 0
2 21 0
2 325 0
2 494 0
2 526 0
2 577 0
21 68 0
21 620 0
21 670 0
325 179 0
325 459 0
325 727 0
325 548 0
494 176 0
526 289 0
3 13 0
3 120 0
3 803 0
3 882 0
120 595 0
120 664 0
4 58 0
4 152 0
4 409 0
58 377 0
58 710 0
58 896 0
152 153 0
152 677 0
152 814 0
5 495 0
495 386 0
495 443 0
6 25 0
6 80 0
6 513 0
6 727 0
25 112 0
25 613 0
25 716 0
80 379 0
80 436 0
80 568 0
80 670 0
80 768 0
80 783 0
7 840 0
840 164 0
8 788 0
788 451 0
788 604 0
9 599 0
599 112 0
599 240 0
599 522 0
10 381 0
10 429 0
10 768 0
10 883 0
11 221 0
11 644 0
11 676 0
221 95 0
221 124 0
221 179 0
221 213 0
221 638 0
221 708 0
12 160 0
12 639 0
12 818 0
160 359 0
160 592 0
639 171 0
639 366 0
639 38 0
14 745 0
745 856 0
745 295 0
15 396 0
396 660 0
396 721 0
16 305 0
305 323 0
305 794 0
305 379 0
17 867 0
867 161 0
867 255 0
18 862 0
862 735 0
862 874 0
19 291 0
19 746 0
19 748 0
19 873 0
291 64 0
291 521 0
291 385 0
746 468 0
746 102 0
746 485 0
20 211 0
20 269 0
20 276 0
20 673 0
211 320 0
211 338 0
211 405 0
276 24 0
276 163 0
276 881 0
68 208 0
68 247 0
68 411 0
68 542 0
620 101 0
620 172 0
620 680 0
22 207 0
207 138 0
207 362 0
207 777 0
23 167 0
23 524 0
23 623 0
167 165 0
167 399 0
167 574 0
167 812 0
524 405 0
524 477 0
24 148 0
24 244 0
24 266 0
24 815 0
24 842 0
148 337 0
148 432 0
244 103 0
244 718 0
244 804 0
266 100 0
266 323 0
112 88 0
112 701 0
112 715 0
112 813 0
26 757 0
757 575 0
27 88 0
27 263 0
27 534 0
27 654 0
88 65 0
88 242 0
88 717 0
88 881 0
28 182 0
28 210 0
28 423 0
28 714 0
182 179 0
182 384 0
182 548 0
29 37 0
37 288 0
37 501 0
37 609 0
30 114 0
30 171 0
30 632 0
114 344 0
114 347 0
114 646 0
114 677 0
114 728 0
114 732 0
31 614 0
614 178 0
32 278 0
278 196 0
278 306 0
278 457 0
278 515 0
278 783 0
33 224 0
33 321 0
33 323 0
33 329 0
33 686 0
323 498 0
323 186 0
323 370 0
34 358 0
34 430 0
34 511 0
358 508 0
358 767 0
358 892 0
430 486 0
430 587 0
35 205 0
35 760 0
205 199 0
205 296 0
36 144 0
36 219 0
36 875 0
36 880 0
38 99 0
38 198 0
38 520 0
39 359 0
359 447 0
359 621 0
40 131 0
40 141 0
40 362 0
40 365 0
40 390 0
131 232 0
131 349 0
131 677 0
362 163 0
41 143 0
41 243 0
41 838 0
41 885 0
42 156 0
42 170 0
42 472 0
42 655 0
42 877 0
472 79 0
472 537 0
43 465 0
43 727 0
465 587 0
44 135 0
44 162 0
44 293 0
44 829 0
135 374 0
293 67 0
293 319 0
45 669 0
669 863 0
46 260 0
260 153 0
260 532 0
260 572 0
47 511 0
511 413 0
511 612 0
48 171 0
48 537 0
48 717 0
171 617 0
49 760 0
760 350 0
760 506 0
760 875 0
51 274 0
51 384 0
274 421 0
274 197 0
52 545 0
545 122 0
545 341 0
53 751 0
751 446 0
54 625 0
625 326 0
625 345 0
625 713 0
55 650 0
650 297 0
56 109 0
109 133 0
109 551 0
109 755 0
57 598 0
57 609 0
57 819 0
57 886 0
609 217 0
609 279 0
59 186 0
59 422 0
59 780 0
59 818 0
186 239 0
60 63 0
60 265 0
60 392 0
63 338 0
63 580 0
63 513 0
61 218 0
61 227 0
61 527 0
61 808 0
61 827 0
218 241 0
227 333 0
227 372 0
227 417 0
227 450 0
62 90 0
62 145 0
62 292 0
62 498 0
62 815 0
90 166 0
90 879 0
292 226 0
292 398 0
498 157 0
338 234 0
338 328 0
338 833 0
65 363 0
66 674 0
674 116 0
67 146 0
67 550 0
67 607 0
146 371 0
146 214 0
550 169 0
208 433 0
69 491 0
491 121 0
491 369 0
70 197 0
197 149 0
197 187 0
71 790 0
790 388 0
72 836 0
836 108 0
73 668 0
668 484 0
74 95 0
95 346 0
95 562 0
75 117 0
75 285 0
75 372 0
75 656 0
117 272 0
117 420 0
117 519 0
76 689 0
689 110 0
77 384 0
384 870 0
78 174 0
78 340 0
78 380 0
78 515 0
340 314 0
340 623 0
340 723 0
340 801 0
79 616 0
79 735 0
79 778 0
79 814 0
379 176 0
81 535 0
535 397 0
535 455 0
535 308 0
535 499 0
82 415 0
415 294 0
415 342 0
415 739 0
83 748 0
748 115 0
748 392 0
84 352 0
352 460 0
352 510 0
352 555 0
352 532 0
85 188 0
85 488 0
85 570 0
85 603 0
488 860 0
488 268 0
86 474 0
474 126 0
474 334 0
474 392 0
87 855 0
855 354 0
855 401 0
855 367 0
242 801 0
89 894 0
894 343 0
894 718 0
91 859 0
859 764 0
92 740 0
740 784 0
93 431 0
431 336 0
431 402 0
431 630 0
94 897 0
897 677 0
96 214 0
214 118 0
214 483 0
97 412 0
412 273 0
412 470 0
98 190 0
190 367 0
190 383 0
100 339 0
100 406 0
339 226 0
339 296 0
339 332 0
339 469 0
339 567 0
339 137 0
339 898 0
102 727 0
102 783 0
727 846 0
727 172 0
103 220 0
103 601 0
103 675 0
220 264 0
220 387 0
220 418 0
220 458 0
220 662 0
220 673 0
104 275 0
275 168 0
275 215 0
105 583 0
583 424 0
583 294 0
106 671 0
671 249 0
671 518 0
107 395 0
395 251 0
395 351 0
395 900 0
133 163 0
133 376 0
133 663 0
111 801 0
801 655 0
801 890 0
801 137 0
113 259 0
259 231 0
259 295 0
259 849 0
259 891 0
347 209 0
646 391 0
646 290 0
677 554 0
272 254 0
272 624 0
272 645 0
119 678 0
678 631 0
595 172 0
595 584 0
595 226 0
123 592 0
592 426 0
592 611 0
592 820 0
124 320 0
125 723 0
723 496 0
723 864 0
127 414 0
414 480 0
414 702 0
414 857 0
128 239 0
128 324 0
128 391 0
239 308 0
239 834 0
239 858 0
129 503 0
129 813 0
503 290 0
130 596 0
596 330 0
232 544 0
232 766 0
232 791 0
132 765 0
765 544 0
765 561 0
163 504 0
163 505 0
376 899 0
376 442 0
134 590 0
590 367 0
590 493 0
136 391 0
136 706 0
391 400 0
391 804 0
391 823 0
391 872 0
137 213 0
213 702 0
139 398 0
398 416 0
398 507 0
398 658 0
398 314 0
140 899 0
899 191 0
899 361 0
142 333 0
333 684 0
333 690 0
333 264 0
333 762 0
371 271 0
371 463 0
371 798 0
147 192 0
192 177 0
192 298 0
192 434 0
192 787 0
337 312 0
337 543 0
337 754 0
150 421 0
421 718 0
421 759 0
151 667 0
667 393 0
667 504 0
153 324 0
154 556 0
154 642 0
154 698 0
154 702 0
154 841 0
155 828 0
828 193 0
157 201 0
157 222 0
157 613 0
613 212 0
613 320 0
158 517 0
517 302 0
517 531 0
517 775 0
517 799 0
517 238 0
159 176 0
176 444 0
176 501 0
176 688 0
504 533 0
166 643 0
166 647 0
169 301 0
169 375 0
169 626 0
169 841 0
173 364 0
173 776 0
175 209 0
209 456 0
209 703 0
209 736 0
209 385 0
177 315 0
177 374 0
177 519 0
315 634 0
374 425 0
374 577 0
374 637 0
180 329 0
180 446 0
180 471 0
180 785 0
329 724 0
329 813 0
446 390 0
181 318 0
318 528 0
318 747 0
318 792 0
318 898 0
318 900 0
183 217 0
217 348 0
217 887 0
184 702 0
184 715 0
184 783 0
702 241 0
702 633 0
185 304 0
185 442 0
185 533 0
304 300 0
304 632 0
304 771 0
304 898 0
367 623 0
298 442 0
194 385 0
194 548 0
194 696 0
194 713 0
195 268 0
268 438 0
268 719 0
199 533 0
200 640 0
640 287 0
640 659 0
202 426 0
202 479 0
202 818 0
203 708 0
708 250 0
708 261 0
204 661 0
661 283 0
206 230 0
206 540 0
206 627 0
736 459 0
320 462 0
212 490 0
212 641 0
212 835 0
216 709 0
709 541 0
418 256 0
223 758 0
758 237 0
758 628 0
758 652 0
758 869 0
225 826 0
826 253 0
826 888 0
826 349 0
226 569 0
372 776 0
228 366 0
366 262 0
366 452 0
366 692 0
229 294 0
229 419 0
229 557 0
229 805 0
233 537 0
537 355 0
537 410 0
537 373 0
235 778 0
235 781 0
235 865 0
236 711 0
711 628 0
711 717 0
711 852 0
238 308 0
238 860 0
241 303 0
241 815 0
245 601 0
601 574 0
601 809 0
246 843 0
843 356 0
248 466 0
466 280 0
466 440 0
252 672 0
672 512 0
672 585 0
256 467 0
256 649 0
256 799 0
257 290 0
290 368 0
290 486 0
290 373 0
258 600 0
600 509 0
600 538 0
600 560 0
600 776 0
295 744 0
267 433 0
433 360 0
433 452 0
270 675 0
675 565 0
675 824 0
675 386 0
277 593 0
593 582 0
593 729 0
306 311 0
279 510 0
279 573 0
279 607 0
279 875 0
607 873 0
281 830 0
830 282 0
284 715 0
715 574 0
289 373 0
289 800 0
289 848 0
486 514 0
299 370 0
299 461 0
299 700 0
370 316 0
370 622 0
632 513 0
307 378 0
378 697 0
378 713 0
378 837 0
309 744 0
744 331 0
744 461 0
744 811 0
310 589 0
589 525 0
311 658 0
311 699 0
311 847 0
658 450 0
658 532 0
313 681 0
681 515 0
681 737 0
681 789 0
314 884 0
317 439 0
317 525 0
317 618 0
317 694 0
525 664 0
319 448 0
319 629 0
319 782 0
322 868 0
868 437 0
868 657 0
324 351 0
324 394 0
324 445 0
324 816 0
459 713 0
327 559 0
559 602 0
559 716 0
813 579 0
813 653 0
335 749 0
749 806 0
749 807 0
349 638 0
638 453 0
638 850 0
353 666 0
666 523 0
357 707 0
707 563 0
363 407 0
363 534 0
363 576 0
363 682 0
534 633 0
382 763 0
763 741 0
389 786 0
786 461 0
390 392 0
872 676 0
403 651 0
651 475 0
404 533 0
533 588 0
533 756 0
405 663 0
406 428 0
406 606 0
406 683 0
408 695 0
695 549 0
409 770 0
409 795 0
409 832 0
420 717 0
420 720 0
420 731 0
432 539 0
432 594 0
432 730 0
435 871 0
871 530 0
441 893 0
893 619 0
442 502 0
442 673 0
442 743 0
743 450 0
449 634 0
634 487 0
454 831 0
831 665 0
831 685 0
455 705 0
705 750 0
705 773 0
461 519 0
461 844 0
519 846 0
473 726 0
726 482 0
726 825 0
476 676 0
676 481 0
478 615 0
615 586 0
479 753 0
479 779 0
479 818 0
514 516 0
860 752 0
489 761 0
761 822 0
497 554 0
554 500 0
554 635 0
513 838 0
799 664 0
536 802 0
802 552 0
546 706 0
706 547 0
706 679 0
558 580 0
580 578 0
580 712 0
564 884 0
884 648 0
571 687 0
687 851 0
591 810 0
810 797 0
776 861 0
644 768 0
663 876 0
700 783 0
869 879 0
842 879 0
