788 799 0
1 240 0
1 247 0
1 401 0
1 496 0
2 616 0
616 452 0
616 482 0
616 753 0
3 32 0
32 201 0
32 202 0
32 389 0
4 237 0
237 335 0
237 412 0
237 438 0
237 530 0
237 681 0
5 68 0
5 241 0
5 317 0
5 521 0
6 653 0
653 673 0
653 217 0
653 436 0
7 730 0
730 77 0
730 286 0
8 701 0
701 344 0
9 712 0
712 350 0
712 729 0
10 82 0
10 120 0
10 197 0
10 365 0
10 373 0
120 358 0
11 43 0
11 278 0
11 322 0
11 650 0
278 264 0
278 465 0
12 791 0
791 74 0
13 116 0
13 289 0
13 474 0
13 645 0
116 189 0
116 591 0
116 613 0
289 298 0
289 532 0
289 572 0
14 259 0
259 76 0
259 466 0
259 538 0
15 473 0
473 151 0
473 753 0
473 755 0
16 170 0
16 352 0
16 529 0
16 750 0
16 754 0
16 756 0
170 459 0
170 137 0
352 313 0
17 27 0
17 212 0
17 363 0
17 626 0
17 784 0
212 25 0
212 665 0
363 384 0
363 619 0
363 656 0
18 336 0
18 484 0
18 517 0
18 523 0
336 285 0
336 547 0
336 761 0
484 413 0
484 622 0
484 693 0
19 429 0
429 231 0
429 563 0
429 519 0
429 687 0
20 59 0
59 346 0
59 409 0
59 531 0
21 89 0
89 379 0
89 451 0
89 778 0
22 117 0
117 478 0
117 559 0
117 771 0
23 211 0
23 392 0
211 640 0
211 717 0
211 751 0
24 261 0
24 329 0
24 414 0
24 553 0
25 299 0
25 321 0
25 565 0
25 738 0
26 171 0
26 205 0
26 377 0
26 596 0
171 141 0
171 135 0
171 214 0
28 465 0
465 666 0
465 412 0
465 770 0
29 203 0
203 309 0
203 420 0
203 373 0
30 219 0
219 199 0
219 231 0
219 643 0
31 176 0
31 415 0
31 514 0
176 459 0
176 620 0
176 652 0
415 133 0
415 295 0
415 657 0
201 213 0
201 744 0
201 357 0
33 79 0
33 455 0
33 496 0
33 724 0
34 557 0
557 306 0
557 331 0
557 789 0
35 265 0
265 94 0
265 132 0
265 615 0
265 725 0
36 256 0
36 664 0
36 739 0
256 134 0
256 269 0
256 532 0
256 675 0
37 723 0
723 236 0
723 172 0
723 798 0
38 159 0
159 64 0
159 446 0
159 538 0
39 65 0
39 119 0
39 298 0
39 385 0
40 734 0
734 128 0
41 238 0
41 274 0
41 553 0
238 268 0
238 427 0
238 765 0
238 774 0
42 90 0
42 260 0
42 450 0
44 167 0
44 232 0
44 279 0
44 635 0
167 418 0
167 631 0
167 675 0
232 297 0
232 404 0
232 762 0
45 503 0
503 231 0
503 386 0
503 677 0
46 87 0
87 291 0
87 695 0
87 769 0
47 368 0
368 602 0
368 625 0
368 243 0
48 200 0
200 748 0
200 771 0
200 785 0
49 282 0
282 342 0
282 380 0
282 418 0
50 356 0
356 527 0
356 105 0
356 695 0
51 330 0
330 224 0
330 472 0
330 787 0
52 84 0
52 150 0
52 496 0
52 560 0
52 581 0
150 137 0
150 364 0
496 522 0
53 536 0
536 345 0
536 454 0
536 347 0
54 777 0
777 93 0
777 524 0
777 574 0
55 453 0
453 140 0
453 158 0
453 467 0
453 290 0
56 343 0
56 519 0
56 574 0
56 757 0
519 522 0
57 332 0
332 136 0
332 495 0
332 694 0
332 138 0
58 361 0
361 172 0
361 493 0
361 566 0
346 513 0
346 523 0
346 612 0
60 228 0
60 430 0
60 461 0
60 787 0
61 680 0
680 147 0
680 272 0
680 565 0
62 251 0
251 182 0
251 391 0
251 795 0
63 164 0
164 253 0
164 510 0
164 572 0
64 264 0
64 617 0
264 362 0
264 532 0
66 274 0
274 627 0
274 652 0
274 775 0
67 590 0
590 598 0
590 607 0
590 661 0
69 277 0
277 235 0
277 358 0
277 94 0
277 586 0
70 514 0
514 112 0
514 442 0
71 507 0
507 284 0
507 706 0
507 783 0
72 367 0
367 187 0
367 334 0
367 488 0
73 491 0
491 101 0
491 480 0
75 509 0
509 459 0
509 540 0
509 658 0
78 271 0
271 138 0
271 140 0
271 699 0
80 549 0
549 497 0
549 508 0
549 614 0
81 399 0
399 310 0
399 601 0
83 768 0
768 244 0
768 305 0
85 255 0
255 262 0
255 348 0
86 655 0
655 155 0
655 469 0
88 162 0
88 532 0
88 553 0
88 565 0
162 258 0
162 364 0
162 525 0
379 743 0
379 165 0
91 764 0
764 580 0
764 403 0
764 767 0
92 700 0
700 371 0
94 135 0
94 641 0
135 140 0
95 548 0
548 148 0
548 435 0
96 209 0
96 456 0
96 584 0
96 631 0
97 290 0
97 347 0
97 407 0
97 492 0
97 674 0
290 220 0
347 522 0
347 130 0
98 165 0
165 249 0
165 555 0
99 258 0
258 198 0
258 341 0
100 185 0
100 193 0
100 267 0
100 561 0
185 567 0
185 585 0
102 114 0
102 206 0
102 319 0
102 722 0
103 440 0
440 328 0
440 418 0
440 597 0
104 686 0
686 481 0
105 313 0
105 498 0
313 207 0
313 570 0
313 736 0
106 369 0
369 186 0
369 287 0
107 216 0
107 410 0
107 497 0
107 648 0
108 109 0
108 142 0
108 340 0
108 397 0
108 545 0
109 635 0
109 694 0
340 390 0
340 395 0
340 366 0
110 364 0
364 254 0
111 129 0
111 565 0
129 188 0
129 475 0
129 298 0
112 575 0
113 796 0
796 302 0
115 184 0
115 308 0
115 357 0
115 714 0
308 213 0
308 537 0
118 513 0
513 174 0
513 505 0
513 550 0
121 388 0
121 500 0
121 522 0
388 573 0
388 702 0
388 732 0
500 375 0
500 599 0
500 335 0
122 393 0
122 652 0
122 665 0
122 691 0
652 546 0
123 312 0
123 574 0
123 595 0
123 634 0
574 697 0
124 192 0
192 512 0
192 727 0
192 553 0
125 645 0
645 708 0
645 268 0
645 542 0
126 617 0
617 444 0
617 737 0
127 208 0
127 245 0
127 403 0
127 618 0
127 620 0
403 564 0
403 619 0
130 131 0
130 315 0
130 577 0
140 471 0
137 494 0
137 685 0
137 715 0
137 748 0
715 408 0
138 300 0
139 749 0
749 218 0
749 572 0
749 644 0
141 406 0
141 470 0
141 600 0
143 366 0
143 564 0
143 651 0
366 166 0
366 250 0
366 425 0
144 579 0
579 175 0
579 795 0
579 412 0
145 551 0
145 567 0
145 587 0
551 445 0
551 487 0
551 504 0
567 675 0
146 160 0
160 387 0
160 553 0
160 707 0
149 183 0
149 423 0
149 713 0
149 766 0
423 535 0
152 320 0
152 458 0
152 490 0
152 497 0
153 760 0
760 441 0
154 222 0
154 227 0
154 394 0
222 156 0
222 400 0
222 632 0
227 324 0
227 477 0
227 309 0
227 745 0
157 358 0
157 396 0
157 434 0
161 772 0
772 351 0
772 464 0
772 480 0
163 252 0
163 317 0
163 428 0
163 605 0
317 283 0
317 436 0
317 537 0
317 615 0
418 195 0
168 416 0
416 172 0
416 242 0
416 326 0
169 293 0
293 276 0
293 337 0
293 459 0
173 471 0
471 569 0
471 624 0
174 651 0
459 468 0
620 314 0
177 325 0
177 663 0
177 710 0
177 795 0
178 239 0
178 268 0
178 283 0
239 210 0
239 542 0
239 598 0
239 756 0
268 243 0
268 770 0
179 641 0
641 397 0
641 449 0
180 744 0
744 378 0
744 476 0
744 765 0
181 635 0
635 233 0
635 318 0
190 215 0
215 360 0
215 698 0
215 774 0
191 656 0
656 501 0
656 544 0
194 704 0
704 565 0
195 266 0
195 376 0
195 571 0
196 719 0
719 629 0
213 671 0
213 758 0
309 722 0
204 728 0
728 480 0
728 576 0
728 592 0
210 535 0
210 697 0
210 739 0
535 438 0
214 230 0
214 433 0
214 582 0
217 483 0
217 628 0
483 419 0
483 589 0
483 703 0
628 752 0
628 783 0
220 359 0
220 647 0
220 722 0
221 498 0
498 662 0
498 684 0
498 717 0
498 390 0
223 517 0
517 439 0
517 740 0
225 395 0
395 335 0
395 583 0
395 636 0
226 746 0
746 516 0
229 333 0
229 480 0
229 558 0
333 304 0
231 534 0
234 283 0
283 720 0
335 450 0
438 659 0
542 408 0
598 447 0
246 793 0
793 303 0
248 422 0
422 604 0
422 669 0
422 783 0
269 394 0
269 522 0
269 534 0
257 525 0
525 311 0
525 374 0
263 300 0
300 499 0
300 726 0
300 756 0
394 373 0
394 497 0
270 588 0
270 670 0
270 759 0
270 773 0
273 608 0
608 437 0
608 568 0
275 474 0
474 541 0
474 609 0
279 294 0
279 417 0
279 716 0
280 526 0
280 556 0
280 572 0
280 711 0
281 502 0
502 631 0
502 690 0
502 794 0
288 468 0
468 354 0
468 460 0
298 594 0
292 790 0
790 649 0
296 392 0
392 370 0
392 398 0
594 448 0
594 457 0
594 689 0
301 314 0
314 485 0
314 694 0
304 327 0
304 633 0
304 705 0
307 381 0
381 426 0
381 489 0
316 518 0
518 552 0
518 575 0
518 770 0
518 765 0
436 612 0
537 558 0
323 564 0
564 405 0
564 390 0
331 667 0
331 752 0
667 402 0
338 642 0
642 488 0
339 630 0
630 479 0
630 735 0
349 659 0
659 382 0
353 676 0
676 372 0
676 447 0
355 373 0
355 533 0
355 603 0
355 692 0
357 497 0
362 432 0
362 515 0
362 709 0
432 443 0
515 554 0
515 646 0
384 462 0
384 486 0
384 682 0
743 675 0
383 587 0
587 593 0
587 610 0
397 771 0
408 543 0
408 562 0
408 782 0
411 747 0
747 463 0
421 585 0
585 606 0
585 786 0
424 797 0
797 506 0
431 660 0
660 621 0
488 534 0
488 668 0
534 695 0
511 651 0
651 683 0
651 753 0
575 697 0
520 668 0
668 611 0
668 679 0
523 558 0
523 773 0
773 623 0
528 546 0
546 637 0
546 763 0
539 612 0
612 672 0
612 731 0
697 753 0
578 792 0
792 776 0
792 780 0
619 664 0
619 795 0
619 800 0
696 756 0
742 799 0
770 771 0
