868 899 0
1 58 0
1 85 0
1 251 0
1 483 0
1 489 0
58 24 0
58 183 0
58 511 0
85 34 0
2 14 0
2 696 0
14 134 0
14 323 0
14 343 0
14 573 0
3 162 0
3 170 0
3 759 0
3 807 0
162 121 0
162 332 0
162 378 0
162 409 0
4 758 0
758 256 0
758 561 0
758 11 0
758 645 0
5 272 0
272 246 0
272 517 0
272 527 0
6 475 0
475 52 0
475 259 0
475 504 0
7 184 0
184 248 0
184 336 0
184 398 0
184 564 0
8 182 0
8 241 0
8 353 0
8 393 0
9 537 0
9 646 0
537 200 0
537 474 0
537 685 0
537 892 0
537 55 0
10 339 0
339 84 0
339 495 0
11 92 0
11 96 0
11 457 0
92 164 0
92 338 0
96 253 0
96 441 0
96 504 0
457 138 0
457 168 0
457 173 0
12 621 0
12 727 0
12 761 0
621 611 0
621 712 0
727 484 0
727 401 0
727 575 0
13 236 0
13 365 0
13 517 0
13 707 0
517 863 0
134 853 0
134 697 0
15 300 0
15 530 0
15 536 0
15 618 0
16 347 0
16 356 0
16 368 0
347 38 0
347 218 0
17 112 0
17 208 0
17 226 0
17 366 0
112 151 0
112 368 0
18 62 0
62 142 0
62 413 0
62 600 0
62 850 0
19 181 0
181 405 0
181 436 0
20 320 0
320 708 0
320 760 0
320 816 0
21 738 0
738 29 0
22 158 0
22 552 0
22 610 0
22 641 0
22 648 0
552 686 0
552 800 0
552 855 0
552 348 0
23 736 0
736 114 0
736 560 0
24 408 0
24 595 0
24 604 0
408 311 0
25 896 0
896 43 0
896 254 0
896 243 0
26 510 0
26 697 0
510 169 0
510 172 0
510 882 0
510 714 0
27 48 0
27 207 0
27 605 0
27 805 0
27 839 0
48 335 0
48 521 0
28 570 0
570 522 0
570 220 0
570 773 0
30 45 0
45 435 0
45 551 0
45 796 0
31 555 0
555 265 0
555 703 0
555 536 0
32 680 0
680 433 0
33 492 0
492 54 0
492 539 0
492 215 0
492 435 0
34 128 0
34 220 0
34 518 0
34 586 0
34 808 0
128 153 0
128 762 0
128 633 0
220 311 0
518 42 0
518 249 0
518 338 0
586 278 0
586 797 0
35 113 0
113 69 0
113 814 0
113 830 0
36 39 0
36 59 0
36 194 0
36 875 0
39 109 0
39 245 0
39 886 0
37 350 0
350 509 0
350 649 0
350 655 0
109 176 0
109 371 0
109 714 0
109 876 0
40 276 0
40 328 0
40 381 0
276 337 0
276 546 0
276 820 0
328 264 0
328 662 0
328 712 0
41 895 0
895 217 0
895 829 0
42 284 0
42 548 0
284 152 0
284 505 0
44 119 0
44 514 0
44 628 0
44 739 0
119 98 0
119 190 0
119 354 0
435 438 0
435 864 0
46 308 0
46 394 0
46 540 0
46 566 0
46 684 0
308 270 0
308 799 0
308 854 0
394 131 0
394 55 0
394 802 0
540 94 0
540 223 0
540 468 0
47 427 0
427 104 0
427 404 0
427 419 0
427 683 0
49 82 0
49 632 0
82 752 0
82 836 0
82 900 0
50 863 0
51 375 0
375 224 0
375 702 0
375 834 0
375 277 0
375 470 0
52 633 0
52 808 0
53 607 0
607 458 0
607 227 0
607 812 0
54 775 0
54 800 0
55 351 0
351 348 0
351 373 0
351 710 0
56 175 0
56 422 0
56 508 0
56 527 0
56 835 0
175 382 0
175 642 0
175 691 0
422 136 0
422 144 0
422 157 0
508 631 0
508 733 0
508 877 0
508 415 0
508 277 0
57 363 0
57 386 0
57 387 0
57 768 0
57 775 0
363 68 0
363 397 0
363 479 0
386 391 0
386 190 0
387 61 0
387 380 0
387 630 0
60 327 0
60 776 0
327 277 0
327 575 0
327 592 0
327 721 0
142 166 0
142 281 0
142 309 0
63 431 0
431 460 0
431 632 0
431 849 0
64 245 0
245 376 0
245 766 0
65 831 0
831 233 0
66 195 0
66 497 0
66 590 0
66 597 0
195 120 0
195 446 0
67 132 0
67 287 0
67 538 0
67 790 0
70 743 0
743 338 0
71 180 0
71 196 0
71 409 0
180 249 0
180 696 0
180 790 0
180 821 0
72 521 0
521 193 0
521 505 0
521 509 0
521 825 0
73 589 0
589 232 0
589 426 0
589 584 0
74 289 0
74 494 0
74 548 0
74 673 0
74 899 0
289 504 0
289 541 0
494 164 0
494 409 0
494 103 0
548 115 0
75 367 0
75 626 0
75 669 0
75 726 0
367 309 0
367 400 0
367 502 0
76 469 0
469 500 0
469 137 0
469 688 0
77 898 0
898 216 0
78 238 0
238 316 0
238 611 0
238 888 0
79 635 0
635 398 0
635 678 0
80 663 0
663 453 0
663 804 0
663 500 0
663 891 0
81 697 0
697 640 0
697 803 0
83 118 0
83 250 0
83 580 0
83 809 0
86 189 0
86 440 0
86 461 0
86 867 0
440 249 0
440 761 0
87 824 0
824 420 0
824 461 0
824 465 0
88 428 0
428 415 0
428 572 0
89 832 0
832 657 0
90 354 0
354 247 0
354 260 0
91 147 0
147 155 0
147 264 0
147 442 0
93 543 0
543 340 0
543 748 0
543 558 0
95 887 0
887 496 0
887 115 0
887 725 0
97 718 0
718 228 0
718 258 0
718 342 0
98 333 0
98 470 0
98 574 0
333 221 0
333 562 0
99 414 0
99 476 0
99 520 0
99 527 0
100 278 0
278 374 0
101 423 0
423 625 0
423 713 0
102 209 0
209 273 0
209 823 0
209 851 0
103 261 0
103 498 0
261 285 0
261 310 0
261 338 0
261 407 0
261 419 0
104 700 0
105 587 0
587 115 0
587 304 0
587 501 0
106 121 0
121 622 0
121 731 0
107 550 0
107 557 0
550 167 0
550 665 0
108 511 0
511 388 0
511 774 0
110 222 0
222 531 0
222 571 0
222 783 0
222 823 0
111 667 0
667 191 0
667 556 0
667 154 0
667 316 0
151 488 0
151 623 0
151 787 0
115 305 0
115 768 0
305 298 0
305 720 0
116 352 0
352 135 0
352 647 0
352 879 0
117 125 0
117 263 0
117 632 0
117 668 0
120 432 0
120 585 0
120 840 0
122 358 0
358 286 0
358 307 0
358 500 0
123 534 0
534 129 0
534 232 0
124 785 0
785 292 0
785 601 0
785 869 0
126 321 0
321 322 0
321 421 0
127 392 0
392 559 0
392 810 0
392 870 0
153 464 0
153 482 0
153 544 0
130 700 0
700 331 0
700 401 0
700 640 0
133 525 0
133 647 0
133 746 0
133 843 0
647 872 0
647 467 0
137 452 0
452 385 0
452 652 0
452 740 0
452 828 0
139 706 0
706 211 0
140 512 0
512 529 0
512 742 0
512 817 0
141 177 0
141 225 0
141 794 0
141 808 0
141 894 0
166 178 0
166 266 0
166 288 0
143 753 0
753 629 0
753 696 0
145 149 0
149 203 0
149 232 0
149 640 0
149 677 0
146 370 0
370 675 0
370 704 0
148 163 0
148 576 0
148 693 0
148 868 0
232 679 0
150 533 0
150 581 0
150 598 0
150 693 0
581 201 0
152 309 0
152 409 0
309 693 0
154 364 0
154 566 0
364 258 0
364 536 0
364 574 0
364 573 0
156 745 0
745 360 0
745 437 0
745 892 0
159 871 0
871 174 0
871 480 0
871 602 0
871 273 0
871 242 0
160 446 0
446 614 0
446 617 0
161 845 0
845 398 0
332 296 0
332 784 0
332 378 0
164 473 0
164 528 0
165 186 0
165 191 0
165 319 0
165 812 0
165 837 0
191 679 0
167 692 0
167 855 0
167 853 0
692 313 0
692 478 0
692 858 0
169 240 0
169 553 0
240 462 0
240 809 0
171 694 0
694 456 0
179 709 0
709 429 0
709 331 0
709 615 0
249 183 0
183 331 0
183 564 0
331 219 0
331 490 0
331 772 0
564 698 0
185 368 0
368 801 0
368 842 0
368 859 0
187 214 0
187 259 0
187 390 0
187 780 0
187 810 0
259 215 0
188 781 0
781 198 0
190 205 0
190 418 0
192 213 0
213 280 0
213 602 0
213 862 0
196 524 0
196 707 0
196 862 0
707 536 0
197 761 0
761 523 0
761 659 0
199 582 0
582 279 0
582 346 0
201 264 0
201 377 0
201 571 0
201 681 0
264 468 0
264 316 0
202 553 0
553 237 0
204 715 0
204 817 0
715 258 0
715 318 0
206 620 0
620 243 0
620 402 0
620 744 0
210 449 0
449 389 0
449 764 0
449 611 0
212 593 0
593 227 0
215 505 0
219 419 0
311 274 0
311 754 0
311 856 0
221 290 0
221 749 0
221 793 0
227 267 0
267 353 0
267 461 0
267 462 0
229 349 0
349 379 0
349 573 0
349 658 0
230 747 0
747 283 0
747 315 0
747 632 0
231 656 0
656 506 0
656 359 0
656 732 0
234 532 0
532 549 0
532 690 0
235 356 0
356 406 0
356 486 0
239 762 0
762 355 0
462 660 0
462 847 0
462 575 0
462 490 0
242 378 0
242 438 0
242 639 0
242 699 0
242 797 0
438 359 0
639 568 0
639 664 0
699 450 0
243 541 0
243 835 0
541 325 0
541 852 0
244 400 0
400 711 0
400 813 0
252 687 0
687 369 0
687 493 0
255 425 0
255 611 0
255 767 0
255 827 0
611 857 0
257 417 0
417 573 0
417 616 0
417 770 0
262 612 0
612 504 0
612 542 0
468 632 0
353 569 0
268 563 0
563 481 0
269 391 0
391 291 0
391 362 0
391 757 0
271 591 0
591 477 0
275 470 0
275 599 0
275 734 0
275 777 0
470 341 0
281 650 0
281 682 0
281 750 0
282 500 0
282 652 0
282 672 0
282 830 0
652 326 0
505 565 0
293 583 0
583 411 0
583 419 0
294 866 0
866 444 0
866 723 0
295 853 0
853 503 0
853 637 0
296 558 0
296 632 0
297 594 0
594 558 0
594 577 0
299 797 0
797 491 0
797 714 0
301 445 0
445 357 0
445 361 0
302 471 0
471 329 0
471 485 0
303 654 0
654 383 0
654 434 0
654 892 0
306 554 0
554 507 0
554 627 0
312 451 0
451 606 0
451 717 0
451 751 0
314 619 0
619 344 0
317 326 0
326 459 0
326 724 0
324 535 0
324 676 0
324 719 0
324 810 0
330 860 0
860 403 0
860 536 0
860 695 0
490 341 0
334 381 0
381 786 0
381 806 0
335 359 0
335 447 0
335 791 0
359 646 0
341 410 0
341 838 0
345 624 0
624 455 0
624 487 0
509 660 0
569 788 0
372 502 0
502 763 0
502 795 0
384 399 0
399 670 0
399 789 0
399 821 0
395 755 0
755 671 0
396 450 0
450 609 0
450 817 0
398 897 0
409 645 0
412 633 0
633 547 0
633 729 0
416 646 0
646 769 0
573 725 0
419 566 0
566 557 0
566 558 0
424 865 0
865 613 0
430 686 0
439 565 0
565 693 0
565 846 0
443 498 0
498 728 0
498 830 0
448 841 0
841 662 0
454 873 0
873 567 0
660 817 0
660 892 0
847 574 0
463 884 0
884 701 0
884 756 0
466 467 0
467 608 0
467 844 0
472 504 0
472 557 0
557 886 0
499 644 0
644 798 0
513 885 0
885 662 0
515 698 0
698 516 0
698 600 0
519 848 0
848 757 0
526 562 0
562 833 0
562 878 0
527 812 0
545 776 0
776 596 0
776 779 0
776 830 0
855 672 0
855 805 0
886 717 0
558 735 0
735 636 0
735 811 0
574 679 0
679 816 0
588 864 0
864 643 0
864 818 0
712 835 0
872 672 0
872 803 0
835 836 0
811 757 0
737 775 0
775 889 0
784 830 0
