668 699 0
1 334 0
334 665 0
334 674 0
334 20 0
2 16 0
16 14 0
16 55 0
16 301 0
16 514 0
3 110 0
3 500 0
3 618 0
3 631 0
110 48 0
110 315 0
110 376 0
4 206 0
206 152 0
206 216 0
206 535 0
5 266 0
266 253 0
266 418 0
266 445 0
6 222 0
6 223 0
6 244 0
6 617 0
222 183 0
222 581 0
223 80 0
223 394 0
223 622 0
223 139 0
223 156 0
7 150 0
7 204 0
7 247 0
7 670 0
7 685 0
204 41 0
204 657 0
247 12 0
247 575 0
247 696 0
8 282 0
282 90 0
282 297 0
282 581 0
282 697 0
9 327 0
9 384 0
9 555 0
9 635 0
384 235 0
384 259 0
384 276 0
10 213 0
213 137 0
213 139 0
213 402 0
213 430 0
11 670 0
670 25 0
670 416 0
12 21 0
12 451 0
12 660 0
21 31 0
21 276 0
21 448 0
13 92 0
92 133 0
92 160 0
92 292 0
92 596 0
15 114 0
15 160 0
15 426 0
15 634 0
160 276 0
55 46 0
17 109 0
109 242 0
109 449 0
109 470 0
18 108 0
18 242 0
18 365 0
108 171 0
108 425 0
108 439 0
19 242 0
19 287 0
19 448 0
19 676 0
242 22 0
242 116 0
287 284 0
287 368 0
287 391 0
20 67 0
20 111 0
20 229 0
67 389 0
67 421 0
67 483 0
67 686 0
111 64 0
111 567 0
111 659 0
31 192 0
31 313 0
22 148 0
22 285 0
22 675 0
23 157 0
23 239 0
157 237 0
157 315 0
157 396 0
24 277 0
24 299 0
24 609 0
24 655 0
299 130 0
299 28 0
299 572 0
26 30 0
26 228 0
26 468 0
26 504 0
27 183 0
183 261 0
183 332 0
183 606 0
28 71 0
28 227 0
28 263 0
28 554 0
71 186 0
71 330 0
29 155 0
29 388 0
155 257 0
155 321 0
155 437 0
32 53 0
32 201 0
32 241 0
32 267 0
201 36 0
201 84 0
201 161 0
33 561 0
561 312 0
561 412 0
34 663 0
663 94 0
35 669 0
669 359 0
36 601 0
37 495 0
495 87 0
495 317 0
495 534 0
38 237 0
237 68 0
237 549 0
237 660 0
39 124 0
39 522 0
39 627 0
39 643 0
124 91 0
124 255 0
124 359 0
124 410 0
124 462 0
522 400 0
522 375 0
522 598 0
40 447 0
447 76 0
447 221 0
447 188 0
447 251 0
41 252 0
41 297 0
41 329 0
41 628 0
41 649 0
252 696 0
252 103 0
297 300 0
297 391 0
297 464 0
297 389 0
42 301 0
42 404 0
301 51 0
301 189 0
301 229 0
301 509 0
43 488 0
488 154 0
44 78 0
44 456 0
44 465 0
44 481 0
78 59 0
78 383 0
456 338 0
456 556 0
45 46 0
46 77 0
46 210 0
46 251 0
46 550 0
210 98 0
210 194 0
210 330 0
251 535 0
47 224 0
47 254 0
47 271 0
47 415 0
224 192 0
224 283 0
224 698 0
254 208 0
254 408 0
48 136 0
48 448 0
48 604 0
136 345 0
136 501 0
49 116 0
49 305 0
49 359 0
49 494 0
49 615 0
359 175 0
359 698 0
50 103 0
50 131 0
50 275 0
50 365 0
50 379 0
50 572 0
103 119 0
103 182 0
131 666 0
131 521 0
275 281 0
275 687 0
275 310 0
365 232 0
365 420 0
365 600 0
365 362 0
51 250 0
51 509 0
51 532 0
51 672 0
509 130 0
52 625 0
625 381 0
54 696 0
696 512 0
696 582 0
56 368 0
368 300 0
368 513 0
57 502 0
502 233 0
502 328 0
502 404 0
58 235 0
235 583 0
59 361 0
59 506 0
59 694 0
60 501 0
501 151 0
501 196 0
61 173 0
173 86 0
173 154 0
173 291 0
173 536 0
62 195 0
62 489 0
62 517 0
62 598 0
62 676 0
63 73 0
63 171 0
63 290 0
63 310 0
63 387 0
171 205 0
65 202 0
202 135 0
202 158 0
66 146 0
146 74 0
146 170 0
146 641 0
69 284 0
284 552 0
284 563 0
70 279 0
279 309 0
279 445 0
72 161 0
161 174 0
161 386 0
74 394 0
74 484 0
75 622 0
622 314 0
622 409 0
79 474 0
474 689 0
474 289 0
474 692 0
80 313 0
80 544 0
80 550 0
313 559 0
313 572 0
313 689 0
81 451 0
81 573 0
81 594 0
81 688 0
451 336 0
451 191 0
82 520 0
520 141 0
520 181 0
83 427 0
427 289 0
427 370 0
427 636 0
84 187 0
84 440 0
84 547 0
85 172 0
85 349 0
85 574 0
172 113 0
172 258 0
172 264 0
349 127 0
349 467 0
349 510 0
86 185 0
87 444 0
87 559 0
444 311 0
444 524 0
88 677 0
677 291 0
677 402 0
89 273 0
273 240 0
273 249 0
273 308 0
273 324 0
273 429 0
93 589 0
589 639 0
95 149 0
95 362 0
95 415 0
95 519 0
362 292 0
96 117 0
117 140 0
117 168 0
97 394 0
394 458 0
394 562 0
394 650 0
98 215 0
98 243 0
98 379 0
215 283 0
215 330 0
99 239 0
239 219 0
239 291 0
100 338 0
338 144 0
338 245 0
338 660 0
101 379 0
101 423 0
379 614 0
102 186 0
186 271 0
186 667 0
104 335 0
104 516 0
104 579 0
104 682 0
516 283 0
516 358 0
105 671 0
671 138 0
671 306 0
671 539 0
106 475 0
475 165 0
475 294 0
107 553 0
553 452 0
553 535 0
553 538 0
112 132 0
112 477 0
112 551 0
112 575 0
115 479 0
479 545 0
479 683 0
118 367 0
118 518 0
118 550 0
118 629 0
120 156 0
120 318 0
120 459 0
120 660 0
156 643 0
121 191 0
191 214 0
191 372 0
122 357 0
122 571 0
122 574 0
122 588 0
357 292 0
357 587 0
357 645 0
357 651 0
571 163 0
574 324 0
123 624 0
624 169 0
255 404 0
125 614 0
614 503 0
126 302 0
302 289 0
302 364 0
302 431 0
302 609 0
128 162 0
128 422 0
128 521 0
128 592 0
129 390 0
390 333 0
390 469 0
130 558 0
130 591 0
134 259 0
259 307 0
259 668 0
345 180 0
345 433 0
345 531 0
141 546 0
141 605 0
142 486 0
486 159 0
486 525 0
486 333 0
143 434 0
434 238 0
145 471 0
471 246 0
147 193 0
147 194 0
147 423 0
147 605 0
147 666 0
193 219 0
193 212 0
193 535 0
423 164 0
423 385 0
423 249 0
153 633 0
633 354 0
154 657 0
154 559 0
315 355 0
315 598 0
315 281 0
166 176 0
166 413 0
166 521 0
166 590 0
166 700 0
521 375 0
521 572 0
167 369 0
369 360 0
369 604 0
369 648 0
170 276 0
170 374 0
170 507 0
374 476 0
374 497 0
374 644 0
507 256 0
175 236 0
236 209 0
236 219 0
236 325 0
177 406 0
406 200 0
406 294 0
406 348 0
178 570 0
570 352 0
179 358 0
358 286 0
358 537 0
184 580 0
580 347 0
185 212 0
185 333 0
185 402 0
212 192 0
212 229 0
271 556 0
271 627 0
188 229 0
188 346 0
229 584 0
346 230 0
346 485 0
346 620 0
189 274 0
189 322 0
189 460 0
189 621 0
322 226 0
322 396 0
190 546 0
546 653 0
546 219 0
197 654 0
654 319 0
654 363 0
654 398 0
198 564 0
564 269 0
564 557 0
199 208 0
208 541 0
208 585 0
203 446 0
446 353 0
205 448 0
205 484 0
484 339 0
207 464 0
211 679 0
679 320 0
283 612 0
217 366 0
366 350 0
366 603 0
218 637 0
637 463 0
220 647 0
647 351 0
647 616 0
225 566 0
566 248 0
226 340 0
226 341 0
226 612 0
231 511 0
511 324 0
511 344 0
511 371 0
511 300 0
234 288 0
288 260 0
288 548 0
288 321 0
240 646 0
244 646 0
244 698 0
646 411 0
646 461 0
646 528 0
646 308 0
249 660 0
262 643 0
643 535 0
643 623 0
265 316 0
265 373 0
265 575 0
265 607 0
268 408 0
408 407 0
408 530 0
270 336 0
336 472 0
336 656 0
556 342 0
556 378 0
272 523 0
523 337 0
308 572 0
281 565 0
278 376 0
376 298 0
376 626 0
280 339 0
339 454 0
339 527 0
292 611 0
611 414 0
293 529 0
529 397 0
294 400 0
294 609 0
400 296 0
295 608 0
608 445 0
608 482 0
296 383 0
383 321 0
383 445 0
303 443 0
443 324 0
443 326 0
443 441 0
304 605 0
605 343 0
605 436 0
310 661 0
661 331 0
661 419 0
661 499 0
559 404 0
559 419 0
572 473 0
321 565 0
565 432 0
565 602 0
565 690 0
323 505 0
505 453 0
330 405 0
330 515 0
330 576 0
356 678 0
678 468 0
375 380 0
375 630 0
377 568 0
568 496 0
445 601 0
388 597 0
388 619 0
399 457 0
457 533 0
403 493 0
403 658 0
417 640 0
640 526 0
435 599 0
599 613 0
438 695 0
695 492 0
695 604 0
442 657 0
657 581 0
450 699 0
699 528 0
466 666 0
689 610 0
480 569 0
480 578 0
540 627 0
627 693 0
550 588 0
