900 899 0
1 124 0
124 258 0
124 655 0
124 704 0
2 42 0
2 115 0
2 366 0
2 542 0
42 518 0
42 801 0
115 307 0
115 740 0
115 741 0
3 88 0
3 288 0
3 582 0
3 663 0
3 855 0
288 11 0
288 298 0
288 426 0
582 327 0
582 593 0
582 759 0
4 95 0
4 140 0
4 389 0
4 548 0
5 36 0
5 386 0
5 434 0
5 860 0
36 104 0
36 369 0
36 485 0
36 785 0
386 410 0
386 556 0
386 880 0
6 170 0
6 173 0
6 707 0
6 718 0
7 330 0
7 352 0
7 695 0
330 32 0
330 643 0
330 655 0
330 875 0
8 713 0
713 418 0
713 601 0
713 744 0
9 125 0
9 442 0
9 444 0
9 795 0
10 159 0
10 308 0
10 458 0
10 498 0
11 336 0
11 886 0
12 296 0
296 434 0
296 506 0
296 810 0
13 242 0
13 320 0
13 877 0
242 198 0
242 277 0
242 705 0
242 827 0
14 16 0
14 218 0
14 362 0
14 452 0
14 727 0
218 627 0
15 222 0
222 102 0
222 345 0
222 523 0
17 478 0
17 881 0
478 453 0
478 668 0
478 676 0
478 703 0
18 190 0
18 541 0
18 591 0
18 762 0
19 785 0
785 574 0
785 876 0
20 142 0
142 348 0
142 679 0
142 726 0
21 492 0
492 388 0
492 500 0
22 137 0
137 229 0
137 439 0
137 678 0
23 584 0
584 91 0
584 419 0
584 655 0
24 50 0
24 287 0
24 870 0
50 366 0
50 452 0
50 676 0
50 753 0
25 205 0
205 224 0
205 268 0
205 572 0
26 82 0
82 423 0
82 550 0
82 705 0
27 578 0
27 595 0
27 602 0
27 719 0
28 529 0
529 431 0
529 734 0
529 736 0
29 293 0
29 707 0
29 731 0
29 737 0
707 455 0
707 656 0
30 207 0
30 484 0
30 545 0
30 813 0
31 894 0
894 39 0
894 691 0
894 57 0
33 226 0
33 291 0
33 467 0
33 766 0
291 146 0
291 374 0
34 379 0
34 548 0
34 860 0
34 888 0
379 320 0
379 530 0
379 847 0
35 78 0
78 38 0
78 448 0
78 794 0
104 275 0
104 443 0
104 833 0
369 46 0
369 435 0
369 798 0
37 155 0
37 378 0
37 501 0
155 268 0
155 273 0
155 489 0
40 210 0
40 503 0
40 581 0
40 839 0
41 880 0
880 817 0
880 864 0
43 209 0
209 123 0
209 647 0
209 768 0
44 132 0
132 673 0
132 811 0
132 832 0
45 378 0
378 62 0
378 672 0
378 877 0
47 169 0
47 234 0
47 634 0
47 829 0
48 511 0
48 651 0
48 686 0
48 887 0
511 246 0
511 466 0
511 576 0
651 312 0
651 526 0
651 831 0
49 144 0
144 83 0
144 285 0
366 597 0
366 887 0
452 319 0
452 575 0
51 89 0
89 147 0
89 162 0
89 527 0
52 279 0
52 306 0
52 393 0
52 877 0
53 644 0
644 164 0
644 216 0
54 611 0
611 557 0
55 60 0
55 361 0
55 814 0
55 825 0
361 133 0
361 135 0
361 341 0
361 570 0
56 213 0
56 217 0
56 710 0
213 92 0
213 208 0
213 475 0
213 516 0
57 189 0
57 430 0
57 455 0
189 197 0
189 730 0
189 775 0
430 317 0
430 626 0
430 641 0
58 633 0
633 232 0
633 795 0
633 850 0
59 415 0
415 302 0
415 732 0
415 251 0
415 364 0
61 278 0
278 346 0
278 683 0
278 795 0
63 546 0
546 521 0
546 571 0
546 251 0
64 519 0
519 402 0
519 463 0
65 256 0
65 538 0
65 606 0
65 638 0
65 724 0
256 843 0
256 592 0
256 890 0
66 759 0
759 276 0
759 689 0
67 774 0
774 110 0
774 238 0
774 544 0
68 116 0
68 131 0
68 581 0
68 660 0
69 496 0
69 501 0
69 695 0
69 890 0
496 119 0
496 321 0
496 844 0
501 245 0
501 286 0
501 598 0
501 724 0
70 396 0
396 81 0
396 428 0
396 662 0
71 380 0
380 176 0
380 289 0
380 819 0
380 899 0
72 80 0
72 92 0
72 687 0
72 706 0
92 327 0
92 728 0
73 281 0
281 126 0
281 329 0
281 470 0
74 84 0
84 412 0
84 499 0
84 545 0
75 108 0
75 450 0
75 684 0
75 690 0
75 807 0
450 417 0
450 474 0
450 756 0
76 756 0
756 835 0
756 891 0
77 340 0
77 385 0
77 579 0
77 858 0
79 374 0
374 259 0
374 616 0
85 163 0
163 331 0
163 777 0
163 870 0
86 695 0
695 553 0
87 319 0
319 822 0
319 837 0
90 211 0
90 325 0
90 619 0
90 631 0
93 490 0
490 239 0
490 666 0
490 439 0
94 352 0
352 157 0
352 589 0
352 892 0
96 556 0
556 171 0
556 507 0
97 618 0
618 434 0
618 661 0
618 842 0
98 437 0
437 157 0
437 359 0
437 381 0
99 270 0
270 405 0
270 536 0
270 747 0
100 791 0
791 158 0
791 284 0
791 138 0
101 394 0
101 510 0
101 525 0
101 869 0
103 244 0
103 251 0
103 309 0
103 540 0
251 307 0
105 769 0
769 708 0
769 138 0
106 249 0
106 554 0
106 612 0
106 755 0
107 215 0
215 128 0
215 354 0
109 146 0
109 322 0
109 676 0
146 368 0
146 872 0
111 337 0
337 345 0
337 739 0
337 781 0
112 513 0
513 192 0
513 879 0
513 581 0
113 802 0
802 776 0
802 778 0
802 895 0
114 235 0
235 543 0
235 709 0
307 418 0
307 768 0
117 701 0
117 806 0
117 889 0
117 900 0
118 195 0
195 182 0
195 214 0
195 738 0
120 558 0
558 594 0
558 652 0
121 237 0
121 254 0
121 599 0
121 740 0
237 427 0
237 472 0
237 852 0
254 318 0
254 712 0
254 763 0
122 592 0
592 250 0
592 622 0
127 343 0
127 451 0
127 623 0
127 675 0
343 542 0
343 655 0
451 247 0
451 295 0
451 517 0
129 815 0
815 400 0
815 495 0
815 441 0
130 223 0
130 364 0
130 547 0
130 619 0
130 765 0
364 148 0
133 422 0
133 482 0
133 698 0
134 800 0
800 231 0
800 722 0
800 676 0
135 260 0
135 542 0
135 625 0
260 356 0
260 605 0
260 629 0
136 282 0
136 486 0
136 535 0
136 636 0
138 617 0
138 741 0
617 240 0
617 265 0
617 274 0
741 527 0
741 585 0
139 336 0
336 436 0
336 609 0
336 764 0
141 341 0
341 179 0
341 438 0
143 433 0
143 440 0
143 476 0
143 803 0
145 782 0
782 610 0
782 682 0
782 793 0
148 332 0
148 624 0
148 803 0
149 685 0
685 676 0
685 693 0
685 871 0
150 669 0
669 203 0
669 873 0
669 528 0
151 477 0
477 700 0
477 746 0
477 796 0
152 853 0
853 694 0
853 804 0
153 562 0
562 200 0
562 834 0
154 404 0
404 377 0
404 753 0
404 779 0
404 899 0
268 264 0
268 866 0
156 754 0
754 303 0
157 586 0
157 866 0
160 613 0
613 473 0
613 504 0
613 778 0
161 836 0
836 454 0
836 799 0
836 619 0
165 342 0
342 227 0
342 566 0
342 610 0
166 395 0
395 206 0
395 498 0
395 867 0
167 851 0
851 645 0
168 441 0
168 590 0
168 625 0
168 664 0
168 846 0
441 515 0
625 671 0
172 533 0
533 420 0
533 650 0
533 525 0
174 363 0
363 485 0
363 755 0
363 770 0
363 878 0
175 409 0
409 545 0
409 561 0
409 841 0
177 627 0
627 372 0
627 755 0
178 823 0
823 398 0
823 551 0
180 387 0
387 488 0
387 640 0
387 761 0
181 406 0
406 255 0
406 418 0
406 596 0
183 608 0
608 714 0
608 743 0
184 212 0
212 401 0
212 528 0
212 760 0
185 410 0
410 353 0
410 570 0
410 893 0
186 530 0
530 429 0
530 742 0
187 298 0
298 299 0
298 447 0
298 535 0
188 313 0
313 634 0
313 653 0
313 898 0
191 630 0
630 525 0
630 564 0
630 884 0
193 820 0
820 228 0
820 460 0
194 315 0
194 335 0
194 432 0
194 528 0
196 280 0
196 324 0
196 357 0
196 819 0
199 563 0
563 238 0
563 272 0
563 384 0
201 586 0
586 397 0
586 849 0
202 416 0
416 344 0
416 840 0
204 283 0
283 329 0
283 600 0
283 828 0
217 375 0
217 439 0
217 780 0
439 845 0
219 479 0
219 585 0
219 604 0
219 628 0
585 847 0
585 886 0
585 729 0
220 697 0
697 292 0
697 787 0
697 527 0
221 728 0
728 271 0
728 539 0
225 729 0
729 350 0
729 524 0
230 322 0
322 370 0
322 424 0
322 583 0
233 710 0
710 349 0
710 483 0
710 602 0
236 696 0
696 262 0
696 449 0
238 818 0
238 866 0
818 512 0
818 808 0
818 428 0
241 532 0
532 323 0
532 459 0
243 367 0
367 534 0
367 885 0
367 705 0
248 371 0
248 657 0
248 811 0
248 861 0
252 491 0
491 667 0
491 424 0
491 702 0
253 537 0
253 573 0
253 637 0
253 889 0
843 269 0
843 531 0
843 724 0
257 565 0
565 382 0
565 468 0
356 588 0
356 692 0
356 816 0
261 656 0
656 614 0
656 620 0
263 339 0
263 609 0
263 762 0
263 870 0
339 465 0
339 866 0
339 518 0
609 391 0
609 615 0
264 403 0
264 515 0
264 621 0
266 549 0
549 311 0
549 865 0
549 418 0
267 881 0
881 338 0
405 575 0
405 345 0
329 465 0
287 290 0
287 733 0
287 877 0
294 545 0
294 581 0
294 610 0
294 801 0
297 773 0
773 414 0
773 767 0
300 445 0
445 424 0
445 790 0
445 883 0
301 681 0
681 607 0
681 646 0
681 634 0
304 464 0
464 333 0
464 635 0
305 772 0
772 462 0
772 736 0
772 847 0
310 399 0
310 502 0
310 527 0
310 560 0
311 674 0
311 686 0
634 455 0
314 365 0
314 688 0
314 736 0
314 859 0
316 897 0
897 716 0
897 749 0
320 494 0
320 809 0
424 493 0
326 599 0
599 425 0
599 480 0
327 778 0
327 789 0
778 407 0
328 615 0
615 821 0
615 764 0
465 535 0
334 602 0
334 705 0
334 736 0
334 860 0
345 597 0
345 830 0
542 474 0
597 619 0
597 877 0
830 358 0
830 421 0
830 658 0
347 826 0
826 559 0
826 569 0
351 886 0
886 567 0
886 717 0
355 771 0
771 497 0
771 659 0
360 391 0
391 469 0
391 748 0
755 845 0
373 522 0
522 411 0
522 580 0
376 555 0
555 746 0
555 862 0
555 428 0
555 874 0
383 593 0
593 587 0
593 786 0
390 417 0
417 758 0
417 792 0
392 623 0
623 552 0
623 699 0
407 457 0
407 757 0
407 784 0
408 671 0
671 751 0
671 882 0
413 686 0
686 481 0
686 632 0
426 868 0
426 888 0
426 899 0
845 801 0
446 498 0
446 715 0
446 761 0
446 824 0
715 801 0
456 520 0
456 610 0
456 752 0
456 857 0
461 896 0
896 471 0
896 670 0
474 525 0
474 819 0
487 509 0
509 535 0
509 750 0
509 797 0
493 738 0
493 746 0
493 789 0
746 568 0
505 648 0
505 720 0
508 577 0
577 642 0
577 764 0
577 819 0
577 863 0
514 788 0
788 677 0
788 856 0
518 789 0
518 860 0
789 890 0
528 740 0
740 858 0
568 639 0
568 735 0
568 838 0
575 725 0
575 745 0
603 675 0
675 654 0
675 665 0
605 783 0
605 805 0
605 848 0
629 711 0
629 812 0
629 854 0
649 824 0
674 680 0
674 721 0
674 723 0
679 887 0
887 794 0
890 795 0
