873 899 0
1 24 0
1 233 0
1 741 0
1 876 0
2 18 0
2 220 0
2 449 0
2 618 0
18 221 0
18 811 0
3 314 0
314 72 0
314 191 0
314 629 0
314 800 0
4 689 0
689 59 0
689 353 0
689 369 0
5 340 0
340 80 0
340 448 0
340 471 0
6 242 0
6 331 0
6 429 0
6 446 0
6 474 0
6 551 0
242 290 0
242 509 0
429 318 0
429 518 0
446 835 0
446 707 0
446 225 0
7 438 0
438 19 0
438 806 0
438 218 0
8 269 0
8 525 0
8 622 0
8 753 0
8 893 0
269 206 0
269 715 0
269 850 0
525 82 0
525 772 0
525 874 0
622 194 0
622 643 0
622 553 0
622 849 0
9 114 0
9 309 0
9 815 0
114 222 0
114 312 0
114 715 0
10 399 0
399 93 0
399 153 0
399 369 0
11 413 0
413 183 0
413 726 0
413 861 0
12 789 0
789 761 0
789 255 0
13 450 0
450 298 0
450 546 0
450 703 0
14 835 0
835 435 0
15 575 0
575 372 0
575 797 0
575 865 0
16 773 0
773 389 0
773 473 0
773 223 0
17 470 0
470 715 0
470 818 0
470 336 0
470 507 0
20 31 0
20 148 0
20 199 0
20 327 0
31 172 0
31 305 0
21 121 0
21 492 0
21 565 0
21 637 0
21 655 0
21 709 0
492 30 0
492 747 0
492 207 0
22 200 0
22 229 0
22 751 0
22 781 0
22 825 0
200 68 0
200 383 0
229 208 0
751 727 0
751 234 0
751 424 0
751 493 0
23 63 0
23 73 0
23 273 0
23 564 0
63 336 0
63 350 0
63 547 0
63 707 0
25 412 0
25 465 0
25 576 0
25 698 0
25 889 0
26 579 0
579 154 0
579 719 0
27 303 0
303 386 0
303 416 0
303 752 0
28 209 0
209 210 0
209 482 0
209 741 0
29 383 0
383 725 0
383 843 0
383 854 0
30 510 0
30 578 0
30 625 0
172 221 0
172 761 0
172 854 0
172 861 0
32 110 0
110 47 0
110 181 0
110 218 0
110 749 0
33 884 0
884 590 0
34 602 0
602 377 0
602 562 0
35 119 0
119 40 0
119 187 0
119 648 0
119 836 0
36 141 0
36 260 0
36 688 0
36 748 0
688 829 0
688 167 0
37 342 0
342 74 0
342 385 0
342 608 0
342 779 0
38 731 0
731 101 0
731 170 0
731 670 0
39 338 0
338 294 0
338 477 0
338 182 0
41 375 0
375 48 0
375 169 0
375 408 0
42 221 0
42 324 0
42 799 0
42 818 0
42 894 0
221 309 0
221 455 0
324 539 0
324 206 0
324 49 0
799 516 0
799 71 0
43 728 0
43 778 0
43 861 0
728 249 0
728 594 0
778 146 0
778 329 0
44 756 0
756 86 0
756 823 0
45 497 0
497 541 0
497 359 0
46 103 0
103 283 0
103 464 0
103 889 0
48 339 0
48 455 0
48 551 0
48 620 0
339 122 0
339 212 0
339 479 0
339 563 0
455 50 0
455 101 0
49 75 0
49 78 0
49 270 0
75 369 0
75 529 0
75 800 0
78 106 0
78 562 0
78 598 0
50 567 0
50 586 0
567 149 0
567 282 0
567 344 0
51 193 0
51 495 0
51 707 0
51 832 0
193 223 0
193 648 0
193 709 0
193 795 0
495 512 0
707 304 0
52 300 0
52 794 0
52 850 0
52 892 0
53 609 0
609 566 0
54 374 0
374 251 0
374 279 0
374 855 0
55 94 0
94 95 0
94 391 0
94 767 0
94 807 0
94 818 0
56 130 0
56 162 0
56 431 0
56 454 0
130 265 0
130 651 0
57 456 0
57 587 0
57 621 0
57 832 0
456 793 0
456 423 0
587 503 0
587 187 0
587 822 0
58 457 0
58 538 0
58 811 0
60 310 0
60 316 0
60 434 0
310 841 0
310 850 0
310 853 0
61 365 0
365 152 0
365 286 0
365 197 0
365 304 0
62 460 0
62 593 0
62 634 0
62 691 0
350 254 0
350 323 0
350 491 0
350 175 0
350 820 0
64 415 0
64 532 0
64 574 0
64 733 0
65 501 0
501 276 0
501 552 0
501 741 0
501 771 0
66 138 0
66 175 0
66 370 0
66 583 0
66 871 0
67 231 0
67 414 0
67 742 0
231 206 0
231 359 0
231 362 0
231 733 0
68 180 0
68 280 0
68 316 0
68 780 0
68 878 0
180 126 0
180 127 0
180 270 0
316 250 0
316 309 0
69 160 0
69 422 0
69 573 0
69 865 0
70 89 0
70 253 0
70 610 0
70 817 0
71 178 0
71 240 0
71 618 0
71 770 0
618 632 0
618 79 0
74 459 0
74 832 0
369 710 0
76 571 0
76 616 0
76 626 0
76 802 0
571 265 0
571 388 0
77 561 0
561 385 0
561 551 0
561 212 0
561 768 0
106 509 0
106 585 0
79 182 0
79 442 0
182 196 0
182 252 0
442 373 0
442 484 0
442 531 0
80 238 0
80 327 0
80 543 0
80 627 0
80 674 0
238 346 0
238 500 0
238 642 0
327 179 0
543 243 0
543 570 0
543 623 0
81 523 0
523 174 0
523 204 0
523 646 0
83 742 0
742 304 0
84 544 0
544 391 0
544 787 0
544 852 0
85 216 0
216 341 0
216 598 0
216 695 0
216 845 0
87 747 0
747 96 0
747 846 0
88 134 0
88 548 0
88 744 0
88 769 0
88 866 0
134 236 0
90 252 0
252 268 0
252 410 0
91 693 0
693 420 0
92 651 0
651 396 0
651 721 0
391 158 0
97 434 0
97 568 0
97 654 0
97 674 0
434 468 0
434 528 0
568 201 0
568 522 0
568 597 0
654 144 0
654 473 0
98 218 0
98 219 0
98 403 0
98 730 0
218 498 0
99 645 0
645 333 0
645 671 0
100 553 0
100 647 0
100 758 0
100 824 0
553 577 0
101 462 0
101 775 0
462 129 0
462 298 0
462 690 0
102 196 0
196 486 0
196 613 0
104 864 0
864 476 0
864 555 0
105 158 0
158 356 0
158 533 0
509 211 0
509 863 0
509 888 0
107 531 0
531 667 0
531 745 0
108 679 0
679 367 0
109 493 0
493 289 0
493 502 0
111 135 0
135 306 0
135 347 0
135 697 0
112 388 0
388 358 0
388 650 0
113 226 0
226 131 0
226 505 0
115 192 0
192 480 0
192 581 0
192 828 0
192 899 0
116 432 0
432 308 0
432 366 0
432 362 0
117 701 0
701 189 0
701 668 0
701 307 0
118 266 0
118 499 0
118 824 0
118 807 0
120 737 0
737 156 0
123 293 0
293 256 0
293 362 0
293 624 0
124 184 0
124 704 0
124 716 0
124 795 0
125 281 0
125 577 0
125 639 0
125 713 0
577 611 0
577 774 0
577 335 0
126 136 0
126 549 0
126 657 0
127 452 0
127 507 0
127 511 0
127 785 0
507 815 0
128 236 0
236 472 0
236 536 0
236 757 0
265 309 0
265 889 0
265 486 0
132 621 0
621 246 0
621 819 0
621 354 0
133 644 0
644 685 0
644 761 0
137 151 0
137 157 0
137 400 0
137 709 0
151 418 0
151 451 0
139 190 0
190 285 0
190 387 0
140 682 0
682 407 0
682 529 0
142 159 0
142 297 0
142 404 0
142 582 0
297 611 0
297 854 0
143 417 0
143 436 0
143 858 0
143 896 0
145 402 0
402 359 0
402 440 0
402 664 0
147 198 0
198 235 0
198 379 0
150 217 0
150 232 0
150 676 0
418 208 0
418 351 0
418 453 0
418 658 0
418 191 0
418 741 0
155 223 0
155 526 0
155 551 0
223 179 0
223 560 0
161 560 0
560 241 0
560 695 0
560 887 0
163 484 0
484 633 0
164 545 0
545 409 0
545 619 0
545 648 0
165 815 0
815 392 0
815 398 0
166 879 0
879 666 0
167 343 0
167 393 0
167 630 0
167 812 0
168 381 0
381 715 0
381 717 0
381 868 0
171 213 0
213 562 0
213 569 0
213 869 0
173 426 0
426 376 0
426 527 0
426 562 0
176 895 0
895 411 0
177 711 0
711 205 0
711 453 0
711 762 0
179 317 0
179 723 0
179 833 0
185 753 0
753 425 0
753 870 0
186 839 0
839 362 0
188 729 0
729 301 0
285 207 0
285 648 0
191 535 0
581 620 0
581 208 0
648 427 0
195 414 0
414 540 0
414 554 0
414 769 0
197 224 0
197 528 0
224 665 0
224 718 0
224 828 0
235 267 0
235 526 0
202 468 0
468 261 0
468 580 0
203 513 0
513 380 0
513 519 0
513 769 0
207 437 0
207 539 0
207 752 0
437 512 0
437 649 0
539 498 0
208 364 0
208 775 0
364 382 0
364 421 0
364 817 0
775 320 0
775 496 0
214 649 0
649 239 0
649 826 0
649 298 0
215 891 0
891 659 0
598 345 0
498 697 0
309 872 0
309 898 0
225 352 0
225 395 0
225 430 0
227 508 0
508 466 0
508 750 0
228 736 0
228 783 0
228 855 0
228 880 0
230 267 0
267 284 0
267 672 0
234 278 0
234 295 0
234 515 0
472 738 0
472 776 0
237 589 0
589 287 0
589 687 0
244 348 0
348 582 0
348 764 0
348 786 0
245 451 0
451 334 0
451 759 0
247 557 0
247 601 0
247 856 0
247 885 0
601 319 0
248 686 0
686 264 0
686 828 0
250 606 0
250 808 0
250 861 0
254 710 0
255 459 0
255 550 0
459 378 0
459 529 0
257 259 0
257 486 0
257 488 0
257 646 0
257 803 0
258 390 0
390 304 0
390 357 0
262 680 0
680 447 0
263 699 0
699 489 0
270 398 0
270 865 0
398 518 0
865 535 0
271 776 0
776 746 0
776 842 0
272 720 0
720 458 0
720 529 0
720 838 0
274 900 0
900 355 0
900 537 0
900 583 0
275 288 0
288 419 0
288 660 0
288 661 0
288 857 0
277 335 0
335 354 0
335 695 0
290 368 0
290 754 0
290 824 0
291 877 0
877 791 0
292 318 0
318 487 0
318 580 0
318 612 0
318 850 0
296 512 0
512 628 0
512 873 0
299 305 0
305 478 0
305 830 0
302 886 0
886 559 0
307 354 0
354 832 0
872 590 0
311 528 0
528 811 0
528 552 0
313 337 0
313 423 0
313 661 0
313 678 0
313 766 0
315 848 0
848 712 0
319 521 0
319 638 0
319 669 0
321 524 0
524 405 0
524 635 0
322 535 0
535 694 0
325 585 0
585 592 0
326 530 0
530 328 0
530 332 0
330 547 0
547 445 0
547 805 0
547 807 0
385 738 0
345 600 0
345 732 0
345 777 0
582 424 0
582 722 0
349 821 0
821 572 0
351 424 0
351 738 0
360 461 0
461 469 0
461 584 0
361 384 0
361 517 0
361 634 0
361 897 0
363 475 0
475 406 0
475 653 0
710 615 0
710 692 0
371 684 0
684 401 0
684 514 0
373 698 0
373 859 0
373 883 0
725 526 0
394 840 0
840 439 0
840 740 0
397 790 0
790 556 0
790 734 0
790 405 0
790 898 0
518 463 0
518 862 0
769 674 0
453 558 0
427 604 0
427 614 0
427 831 0
428 586 0
586 433 0
586 683 0
441 663 0
663 636 0
443 804 0
804 520 0
804 677 0
444 558 0
558 700 0
558 735 0
558 784 0
467 591 0
591 534 0
481 837 0
837 542 0
837 702 0
483 816 0
816 792 0
816 867 0
485 516 0
516 490 0
494 760 0
760 583 0
552 861 0
504 722 0
722 814 0
506 620 0
620 724 0
526 627 0
526 796 0
627 700 0
550 706 0
550 739 0
550 765 0
550 875 0
765 832 0
611 652 0
611 828 0
774 696 0
583 882 0
882 634 0
588 603 0
603 605 0
590 617 0
640 755 0
755 705 0
755 834 0
646 813 0
813 858 0
674 798 0
674 854 0
798 894 0
832 824 0
824 888 0
