960 999 0
1 314 0
314 144 0
314 715 0
314 767 0
2 132 0
2 254 0
2 452 0
2 887 0
254 97 0
254 565 0
254 626 0
3 88 0
88 450 0
88 652 0
88 945 0
4 303 0
303 338 0
303 770 0
303 780 0
5 227 0
5 365 0
227 238 0
227 323 0
227 373 0
227 439 0
6 333 0
6 414 0
6 518 0
6 956 0
414 46 0
414 671 0
7 368 0
7 622 0
7 664 0
7 872 0
8 503 0
503 268 0
503 821 0
503 829 0
9 793 0
793 177 0
10 77 0
10 160 0
10 664 0
10 849 0
11 493 0
11 705 0
11 994 0
493 228 0
493 612 0
493 623 0
493 662 0
12 231 0
231 185 0
231 451 0
13 39 0
13 403 0
13 491 0
13 572 0
13 736 0
13 940 0
403 245 0
403 496 0
403 520 0
14 562 0
562 629 0
562 810 0
562 947 0
15 163 0
15 193 0
15 600 0
15 607 0
193 57 0
193 378 0
193 420 0
16 129 0
16 284 0
16 471 0
129 376 0
129 554 0
129 615 0
284 204 0
284 535 0
284 726 0
17 177 0
17 473 0
17 636 0
177 936 0
177 292 0
177 841 0
18 318 0
318 80 0
318 155 0
318 82 0
318 801 0
19 700 0
700 305 0
700 437 0
20 415 0
415 255 0
415 797 0
21 166 0
166 37 0
166 116 0
166 551 0
22 59 0
59 246 0
59 383 0
59 654 0
23 668 0
668 40 0
24 886 0
886 479 0
25 513 0
513 342 0
513 417 0
513 427 0
26 999 0
999 101 0
999 393 0
999 497 0
27 180 0
27 293 0
27 322 0
27 396 0
27 895 0
27 952 0
322 96 0
322 813 0
322 147 0
396 46 0
28 271 0
271 246 0
271 385 0
271 777 0
271 789 0
29 245 0
29 436 0
29 721 0
245 714 0
245 816 0
436 394 0
436 48 0
436 686 0
30 348 0
348 701 0
348 825 0
31 223 0
223 44 0
223 532 0
223 913 0
32 847 0
847 515 0
33 397 0
397 120 0
397 278 0
397 399 0
397 536 0
34 173 0
34 425 0
34 882 0
34 721 0
173 54 0
173 309 0
173 501 0
425 547 0
425 820 0
425 928 0
35 186 0
186 357 0
186 458 0
36 531 0
531 128 0
531 519 0
531 525 0
531 635 0
531 325 0
38 362 0
362 218 0
362 445 0
362 984 0
41 190 0
41 424 0
41 555 0
41 577 0
42 841 0
841 141 0
841 260 0
43 334 0
43 466 0
43 533 0
334 225 0
334 338 0
334 573 0
45 819 0
819 862 0
819 509 0
819 246 0
46 120 0
46 234 0
46 686 0
46 742 0
46 765 0
120 400 0
120 740 0
120 893 0
234 240 0
234 392 0
686 546 0
686 176 0
742 634 0
742 97 0
47 426 0
426 182 0
426 320 0
426 277 0
426 386 0
48 249 0
48 307 0
48 571 0
249 346 0
249 430 0
249 920 0
307 57 0
307 911 0
307 89 0
49 710 0
710 509 0
710 781 0
710 860 0
50 267 0
50 769 0
50 861 0
50 933 0
267 400 0
51 149 0
51 274 0
51 408 0
51 981 0
149 257 0
149 523 0
149 936 0
52 896 0
896 169 0
896 331 0
896 929 0
896 263 0
53 286 0
286 367 0
286 391 0
286 539 0
286 857 0
55 364 0
364 68 0
364 428 0
56 694 0
694 198 0
694 298 0
694 848 0
57 325 0
57 984 0
58 171 0
171 581 0
171 713 0
171 938 0
246 632 0
60 988 0
988 906 0
988 932 0
988 607 0
988 233 0
61 524 0
524 594 0
524 893 0
524 214 0
62 298 0
62 346 0
62 585 0
62 687 0
298 217 0
346 548 0
346 845 0
346 632 0
63 134 0
63 237 0
63 930 0
64 690 0
690 164 0
690 529 0
690 652 0
65 100 0
100 289 0
100 511 0
100 697 0
66 122 0
66 606 0
66 674 0
66 752 0
122 172 0
122 429 0
606 136 0
606 754 0
67 604 0
604 146 0
604 386 0
604 467 0
69 472 0
472 152 0
472 816 0
472 908 0
70 684 0
684 233 0
71 215 0
215 214 0
215 512 0
215 937 0
72 730 0
730 351 0
73 85 0
73 287 0
73 585 0
73 972 0
74 280 0
74 675 0
74 736 0
74 781 0
74 817 0
75 555 0
75 605 0
75 635 0
75 894 0
75 919 0
555 462 0
76 202 0
76 704 0
76 708 0
76 743 0
76 777 0
202 614 0
202 665 0
708 127 0
708 813 0
78 522 0
522 233 0
522 261 0
79 778 0
778 87 0
778 765 0
80 243 0
80 949 0
243 82 0
243 733 0
243 812 0
243 920 0
81 924 0
924 553 0
924 962 0
83 768 0
768 448 0
768 544 0
768 761 0
84 262 0
262 714 0
262 794 0
262 851 0
86 217 0
217 469 0
217 955 0
89 297 0
89 382 0
297 277 0
297 353 0
297 465 0
297 468 0
297 749 0
90 168 0
90 883 0
168 343 0
168 575 0
168 766 0
168 952 0
91 148 0
91 258 0
91 631 0
91 714 0
148 126 0
148 384 0
92 226 0
92 468 0
92 477 0
92 706 0
468 352 0
93 869 0
869 107 0
869 470 0
869 714 0
94 350 0
94 377 0
94 439 0
94 691 0
95 613 0
613 275 0
613 645 0
613 641 0
96 504 0
96 532 0
96 582 0
96 894 0
532 265 0
97 221 0
97 649 0
98 762 0
762 112 0
99 147 0
99 255 0
99 369 0
99 656 0
99 661 0
147 212 0
255 444 0
255 473 0
102 879 0
879 158 0
879 885 0
103 802 0
802 823 0
802 170 0
802 263 0
104 340 0
104 589 0
104 641 0
104 806 0
105 798 0
798 296 0
106 811 0
811 390 0
108 328 0
328 114 0
328 178 0
328 443 0
109 292 0
292 110 0
292 283 0
111 666 0
666 119 0
113 172 0
172 167 0
172 402 0
172 637 0
115 270 0
270 207 0
270 737 0
270 982 0
117 523 0
523 478 0
523 977 0
118 837 0
837 337 0
400 443 0
400 447 0
400 581 0
400 854 0
121 788 0
788 433 0
123 374 0
374 325 0
374 395 0
374 990 0
124 960 0
960 370 0
960 410 0
125 419 0
419 751 0
126 381 0
126 537 0
126 836 0
126 856 0
126 980 0
856 564 0
856 568 0
127 517 0
127 593 0
127 741 0
741 669 0
741 165 0
130 257 0
257 508 0
257 615 0
257 801 0
257 833 0
131 184 0
131 250 0
131 583 0
131 511 0
133 380 0
133 544 0
133 578 0
133 651 0
544 773 0
135 496 0
496 534 0
496 740 0
496 987 0
136 647 0
136 939 0
136 961 0
137 460 0
460 339 0
460 958 0
460 585 0
138 379 0
138 456 0
138 756 0
138 852 0
139 232 0
139 316 0
139 391 0
139 514 0
139 760 0
316 490 0
391 345 0
391 990 0
140 540 0
540 244 0
540 702 0
540 984 0
142 156 0
156 356 0
156 499 0
156 566 0
143 313 0
143 363 0
143 599 0
145 601 0
601 179 0
601 492 0
601 499 0
150 157 0
157 291 0
157 442 0
157 637 0
157 688 0
151 757 0
757 598 0
153 567 0
153 655 0
153 790 0
153 986 0
154 312 0
312 273 0
312 812 0
312 858 0
499 174 0
499 444 0
499 285 0
291 483 0
637 471 0
637 201 0
159 201 0
201 584 0
201 850 0
161 755 0
755 229 0
755 360 0
162 266 0
162 367 0
162 630 0
162 951 0
367 317 0
367 546 0
165 355 0
165 386 0
165 394 0
355 712 0
355 737 0
355 779 0
355 480 0
386 429 0
170 382 0
170 810 0
382 715 0
382 910 0
382 969 0
581 626 0
581 199 0
581 548 0
174 285 0
174 912 0
174 918 0
285 996 0
175 934 0
934 192 0
176 214 0
176 263 0
176 366 0
176 536 0
214 241 0
263 490 0
366 625 0
366 718 0
181 747 0
747 502 0
183 349 0
183 365 0
183 542 0
183 626 0
349 401 0
349 560 0
349 608 0
365 329 0
365 506 0
542 734 0
542 786 0
542 817 0
187 497 0
187 785 0
187 863 0
187 907 0
497 614 0
497 718 0
188 935 0
935 341 0
935 483 0
189 459 0
189 485 0
189 500 0
189 719 0
485 248 0
485 587 0
191 457 0
457 206 0
457 406 0
457 971 0
378 990 0
378 565 0
194 776 0
776 586 0
776 644 0
195 949 0
949 407 0
949 603 0
196 565 0
565 946 0
197 968 0
968 326 0
199 411 0
199 561 0
199 916 0
200 703 0
703 483 0
703 597 0
703 685 0
614 920 0
614 715 0
203 490 0
490 264 0
490 295 0
490 577 0
490 817 0
205 853 0
853 422 0
206 208 0
206 446 0
206 533 0
208 209 0
208 568 0
446 664 0
446 911 0
446 744 0
209 252 0
209 441 0
209 633 0
210 718 0
718 830 0
718 950 0
211 541 0
211 557 0
211 689 0
211 881 0
557 570 0
557 352 0
557 634 0
212 301 0
212 876 0
212 982 0
213 556 0
556 375 0
556 536 0
216 473 0
473 311 0
219 533 0
533 967 0
220 638 0
638 585 0
638 731 0
638 978 0
222 240 0
240 455 0
240 596 0
224 306 0
224 321 0
224 440 0
224 579 0
323 520 0
323 754 0
230 729 0
729 389 0
729 427 0
729 435 0
233 546 0
233 621 0
233 902 0
546 633 0
621 358 0
235 405 0
405 439 0
405 563 0
405 672 0
236 558 0
558 633 0
558 660 0
558 965 0
239 966 0
966 251 0
966 404 0
966 781 0
241 299 0
241 464 0
241 839 0
242 392 0
392 898 0
392 927 0
733 648 0
247 480 0
247 564 0
247 893 0
480 300 0
480 695 0
248 774 0
248 904 0
248 905 0
253 712 0
712 640 0
712 564 0
256 805 0
805 432 0
805 551 0
805 615 0
259 354 0
259 663 0
259 728 0
259 835 0
663 554 0
663 627 0
265 294 0
265 720 0
265 840 0
269 673 0
673 610 0
673 693 0
272 744 0
744 824 0
744 944 0
744 290 0
276 345 0
345 290 0
279 520 0
520 330 0
520 804 0
520 990 0
281 429 0
429 595 0
429 865 0
282 616 0
616 451 0
616 507 0
616 750 0
288 985 0
985 564 0
985 866 0
290 754 0
302 574 0
574 580 0
574 844 0
338 510 0
304 384 0
384 453 0
384 602 0
384 641 0
911 870 0
911 352 0
308 494 0
494 476 0
494 931 0
494 790 0
310 488 0
310 590 0
310 633 0
310 707 0
315 680 0
680 915 0
317 521 0
317 571 0
317 737 0
317 901 0
571 795 0
737 995 0
319 983 0
983 440 0
983 543 0
983 722 0
324 998 0
998 475 0
998 483 0
998 591 0
998 973 0
325 505 0
505 516 0
505 748 0
505 701 0
505 921 0
327 692 0
692 398 0
332 882 0
882 431 0
882 746 0
335 430 0
335 641 0
335 652 0
335 810 0
430 444 0
336 636 0
636 609 0
636 623 0
636 827 0
344 568 0
568 434 0
568 890 0
548 570 0
347 474 0
474 418 0
474 451 0
474 527 0
474 550 0
701 625 0
352 483 0
483 620 0
779 569 0
358 623 0
358 698 0
358 838 0
359 421 0
421 372 0
421 765 0
421 942 0
360 371 0
360 659 0
360 801 0
371 530 0
371 550 0
371 618 0
659 795 0
659 920 0
361 454 0
361 486 0
361 745 0
361 867 0
715 855 0
453 552 0
387 587 0
587 732 0
587 926 0
388 420 0
420 903 0
394 716 0
394 754 0
716 894 0
716 756 0
443 634 0
439 721 0
409 791 0
791 717 0
412 658 0
658 463 0
658 643 0
658 687 0
413 634 0
634 899 0
416 427 0
416 545 0
416 620 0
416 782 0
416 795 0
427 721 0
620 984 0
423 891 0
891 551 0
444 760 0
438 772 0
772 652 0
440 871 0
871 953 0
449 628 0
628 682 0
628 756 0
628 834 0
628 994 0
451 642 0
642 693 0
461 462 0
462 607 0
462 709 0
462 828 0
466 821 0
466 892 0
466 959 0
466 992 0
821 552 0
471 745 0
481 800 0
800 619 0
800 670 0
482 855 0
484 611 0
611 810 0
611 525 0
611 917 0
487 813 0
813 677 0
813 812 0
489 803 0
803 790 0
577 551 0
495 883 0
883 808 0
883 816 0
498 773 0
773 592 0
773 822 0
510 764 0
510 826 0
510 873 0
511 625 0
511 679 0
625 526 0
625 909 0
679 970 0
528 874 0
874 739 0
538 979 0
979 617 0
549 669 0
669 763 0
550 551 0
551 845 0
552 624 0
552 667 0
552 832 0
570 639 0
570 646 0
559 925 0
925 588 0
576 723 0
576 756 0
576 815 0
626 970 0
627 711 0
627 799 0
627 1000 0
632 790 0
632 880 0
632 962 0
962 893 0
648 727 0
653 796 0
796 792 0
796 843 0
920 777 0
665 775 0
665 914 0
665 989 0
671 678 0
671 699 0
671 735 0
681 724 0
681 771 0
705 753 0
705 996 0
705 997 0
996 754 0
781 870 0
754 861 0
765 799 0
765 902 0
799 982 0
787 888 0
888 809 0
888 953 0
868 929 0
