952 999 0
1 8 0
8 731 0
8 838 0
8 958 0
2 505 0
505 407 0
505 596 0
3 111 0
3 278 0
3 430 0
3 568 0
4 453 0
4 495 0
453 609 0
453 752 0
453 833 0
453 945 0
5 190 0
5 249 0
5 721 0
5 808 0
190 581 0
190 592 0
190 965 0
249 36 0
249 97 0
6 99 0
99 468 0
99 533 0
99 976 0
7 14 0
7 551 0
7 789 0
14 72 0
14 365 0
14 646 0
731 504 0
731 887 0
731 210 0
9 590 0
590 63 0
590 327 0
590 361 0
10 899 0
899 758 0
899 762 0
11 539 0
539 628 0
539 713 0
539 200 0
12 180 0
12 667 0
12 929 0
12 946 0
13 275 0
13 621 0
13 643 0
15 530 0
530 680 0
530 798 0
530 107 0
16 119 0
16 145 0
16 265 0
16 524 0
16 693 0
119 495 0
119 615 0
145 324 0
145 672 0
265 151 0
265 816 0
265 413 0
524 652 0
524 887 0
17 335 0
17 595 0
17 681 0
335 408 0
335 546 0
335 738 0
335 293 0
335 795 0
18 544 0
544 570 0
544 658 0
544 830 0
19 843 0
843 65 0
843 184 0
843 533 0
20 82 0
20 83 0
20 704 0
20 891 0
20 968 0
82 492 0
21 253 0
21 294 0
21 691 0
21 786 0
253 35 0
253 681 0
294 222 0
294 456 0
294 887 0
22 134 0
22 205 0
22 786 0
22 857 0
134 158 0
134 619 0
134 628 0
134 920 0
205 173 0
205 655 0
205 874 0
205 962 0
23 740 0
740 268 0
24 487 0
487 745 0
487 844 0
487 901 0
487 235 0
25 194 0
194 231 0
194 142 0
26 326 0
326 223 0
326 405 0
326 779 0
27 369 0
27 519 0
27 721 0
27 896 0
28 292 0
292 434 0
292 774 0
29 38 0
29 135 0
29 572 0
29 824 0
30 227 0
30 252 0
30 273 0
30 352 0
31 425 0
425 592 0
425 767 0
425 938 0
425 349 0
32 73 0
32 420 0
32 693 0
73 652 0
73 728 0
420 133 0
420 438 0
420 753 0
33 598 0
598 375 0
34 251 0
251 259 0
251 349 0
251 690 0
35 150 0
35 614 0
35 809 0
35 919 0
809 714 0
809 818 0
36 107 0
36 423 0
36 646 0
36 890 0
107 157 0
107 213 0
423 323 0
423 457 0
37 969 0
969 607 0
39 419 0
419 406 0
419 698 0
419 397 0
419 972 0
40 574 0
574 282 0
41 573 0
573 215 0
573 857 0
573 143 0
573 931 0
42 108 0
42 371 0
42 888 0
42 924 0
43 398 0
43 403 0
43 527 0
43 811 0
403 795 0
403 79 0
403 831 0
44 174 0
44 620 0
44 717 0
44 732 0
45 635 0
635 59 0
635 270 0
635 693 0
46 359 0
359 164 0
359 204 0
359 376 0
47 432 0
432 321 0
432 507 0
432 751 0
48 458 0
48 615 0
48 982 0
458 395 0
458 428 0
458 437 0
49 336 0
49 473 0
49 483 0
49 641 0
49 650 0
336 161 0
336 414 0
336 921 0
473 601 0
473 821 0
473 580 0
473 825 0
483 92 0
483 317 0
483 351 0
50 64 0
64 51 0
64 605 0
64 980 0
52 448 0
52 626 0
52 800 0
52 915 0
53 474 0
474 55 0
474 164 0
474 310 0
54 172 0
54 304 0
54 500 0
172 68 0
172 597 0
304 285 0
304 631 0
304 864 0
304 892 0
56 218 0
56 862 0
56 886 0
218 130 0
218 541 0
218 710 0
218 978 0
57 188 0
57 239 0
57 433 0
57 629 0
188 120 0
188 171 0
188 580 0
188 617 0
188 917 0
239 332 0
239 789 0
58 565 0
565 165 0
565 262 0
565 412 0
565 567 0
60 311 0
60 514 0
60 586 0
60 806 0
311 233 0
311 639 0
311 848 0
311 989 0
514 654 0
514 666 0
586 752 0
586 761 0
586 137 0
586 779 0
61 603 0
603 301 0
603 361 0
62 330 0
62 460 0
62 553 0
62 968 0
66 100 0
66 415 0
66 426 0
66 777 0
100 142 0
100 290 0
100 873 0
100 542 0
67 104 0
67 281 0
67 725 0
67 932 0
104 856 0
104 950 0
68 74 0
68 648 0
74 166 0
74 208 0
74 885 0
69 151 0
151 386 0
151 644 0
70 720 0
720 112 0
720 370 0
71 113 0
71 147 0
71 604 0
71 608 0
71 827 0
652 492 0
652 797 0
652 284 0
75 966 0
966 999 0
966 504 0
966 154 0
76 576 0
576 279 0
576 115 0
576 778 0
77 940 0
940 168 0
940 219 0
78 727 0
727 169 0
727 321 0
727 803 0
79 148 0
79 189 0
79 930 0
80 996 0
996 211 0
81 355 0
355 162 0
355 472 0
355 233 0
355 661 0
84 541 0
84 562 0
84 736 0
84 997 0
84 999 0
541 674 0
541 849 0
541 949 0
541 890 0
85 593 0
593 96 0
593 566 0
593 192 0
593 638 0
86 466 0
86 501 0
86 728 0
466 152 0
466 587 0
466 662 0
87 379 0
379 579 0
379 859 0
379 934 0
88 364 0
88 842 0
364 312 0
364 378 0
364 501 0
364 631 0
364 771 0
89 271 0
271 186 0
271 905 0
271 924 0
90 331 0
90 492 0
90 509 0
90 557 0
90 592 0
90 719 0
331 95 0
492 390 0
492 708 0
91 871 0
871 109 0
93 479 0
93 542 0
479 597 0
479 669 0
479 999 0
479 725 0
94 489 0
94 617 0
94 902 0
94 963 0
617 666 0
95 443 0
95 636 0
95 700 0
95 764 0
636 358 0
636 390 0
636 511 0
97 167 0
97 273 0
97 707 0
167 98 0
167 146 0
167 319 0
273 139 0
273 496 0
273 650 0
98 185 0
98 827 0
98 875 0
290 393 0
290 441 0
290 567 0
290 653 0
290 970 0
101 213 0
101 363 0
213 160 0
213 366 0
102 708 0
708 881 0
103 127 0
127 163 0
127 410 0
127 853 0
105 883 0
883 475 0
883 563 0
106 125 0
125 286 0
125 441 0
125 867 0
157 246 0
157 744 0
157 794 0
157 849 0
110 634 0
634 993 0
634 478 0
634 262 0
114 348 0
114 389 0
114 684 0
114 807 0
115 287 0
115 382 0
115 815 0
287 203 0
287 465 0
287 719 0
287 934 0
382 493 0
382 677 0
382 546 0
382 834 0
116 906 0
906 337 0
117 990 0
990 567 0
118 297 0
297 494 0
297 679 0
495 732 0
495 777 0
495 164 0
121 358 0
358 309 0
358 749 0
122 442 0
122 678 0
122 769 0
123 413 0
413 226 0
413 315 0
124 560 0
560 137 0
560 339 0
126 272 0
272 133 0
272 217 0
272 849 0
272 912 0
128 179 0
128 775 0
128 938 0
128 994 0
129 319 0
319 181 0
319 705 0
131 672 0
672 383 0
672 960 0
132 793 0
793 554 0
793 693 0
793 712 0
133 551 0
133 584 0
551 234 0
551 329 0
619 195 0
136 952 0
952 482 0
137 542 0
542 340 0
542 918 0
138 612 0
612 244 0
612 267 0
139 182 0
139 417 0
139 907 0
140 806 0
806 377 0
806 516 0
141 633 0
141 651 0
141 654 0
143 515 0
515 599 0
515 707 0
515 846 0
515 540 0
144 706 0
706 754 0
706 354 0
706 788 0
324 575 0
324 743 0
324 909 0
146 276 0
146 504 0
146 508 0
149 810 0
810 384 0
810 490 0
153 956 0
956 624 0
154 342 0
154 354 0
154 533 0
342 344 0
342 362 0
342 669 0
342 796 0
354 592 0
155 325 0
155 493 0
155 564 0
155 650 0
155 800 0
493 783 0
493 962 0
493 850 0
564 299 0
156 457 0
457 941 0
457 953 0
159 547 0
547 632 0
162 647 0
162 682 0
647 280 0
647 600 0
647 642 0
647 284 0
647 889 0
164 170 0
170 209 0
170 295 0
170 510 0
173 262 0
173 761 0
173 844 0
262 394 0
175 629 0
629 197 0
629 476 0
176 447 0
176 684 0
176 752 0
176 935 0
684 183 0
177 869 0
869 357 0
178 368 0
178 455 0
178 726 0
183 431 0
183 449 0
183 822 0
183 995 0
431 438 0
187 756 0
756 363 0
581 388 0
581 674 0
191 391 0
391 462 0
391 674 0
391 669 0
192 299 0
299 202 0
299 229 0
299 296 0
299 583 0
193 852 0
852 722 0
852 928 0
195 430 0
195 437 0
430 435 0
437 709 0
437 804 0
196 316 0
196 753 0
316 518 0
316 345 0
198 216 0
198 416 0
198 424 0
198 486 0
216 561 0
216 884 0
216 595 0
199 511 0
511 411 0
511 686 0
200 394 0
394 236 0
394 400 0
201 445 0
201 754 0
201 890 0
201 959 0
655 637 0
874 242 0
874 860 0
206 440 0
440 232 0
440 385 0
440 572 0
207 360 0
360 303 0
360 732 0
360 927 0
210 347 0
210 467 0
210 895 0
212 277 0
277 669 0
277 349 0
277 819 0
214 293 0
214 402 0
214 404 0
293 235 0
561 313 0
561 401 0
561 454 0
561 503 0
220 714 0
714 558 0
714 228 0
221 785 0
785 463 0
785 549 0
785 476 0
222 409 0
222 724 0
222 979 0
224 742 0
742 964 0
225 789 0
789 609 0
789 760 0
789 799 0
789 333 0
228 274 0
228 284 0
228 345 0
228 709 0
274 476 0
274 625 0
274 739 0
230 696 0
696 480 0
235 478 0
235 823 0
478 765 0
237 831 0
831 772 0
831 481 0
238 813 0
813 611 0
813 694 0
240 536 0
240 666 0
240 615 0
536 390 0
536 682 0
536 887 0
241 783 0
783 845 0
243 823 0
823 497 0
823 528 0
823 877 0
245 648 0
648 353 0
648 401 0
648 452 0
648 481 0
247 526 0
526 528 0
526 657 0
526 711 0
248 683 0
683 346 0
683 861 0
250 264 0
264 308 0
264 781 0
264 792 0
264 886 0
254 1000 0
1000 499 0
255 660 0
660 410 0
660 461 0
660 525 0
256 753 0
753 631 0
753 646 0
257 323 0
323 397 0
323 540 0
323 588 0
258 534 0
258 555 0
258 729 0
258 797 0
534 591 0
534 429 0
260 770 0
770 477 0
261 343 0
343 381 0
343 572 0
343 689 0
263 936 0
936 506 0
266 737 0
737 439 0
269 373 0
373 318 0
373 502 0
373 441 0
496 459 0
496 898 0
496 944 0
282 491 0
282 682 0
282 947 0
283 692 0
692 387 0
692 610 0
288 500 0
500 715 0
500 735 0
289 904 0
904 363 0
441 444 0
441 763 0
567 350 0
291 484 0
291 602 0
291 725 0
291 850 0
602 937 0
298 404 0
404 306 0
404 654 0
404 872 0
583 535 0
583 390 0
300 765 0
765 322 0
765 868 0
765 302 0
302 402 0
302 421 0
402 452 0
402 577 0
402 701 0
421 550 0
421 556 0
631 827 0
305 955 0
955 380 0
307 780 0
780 605 0
780 854 0
314 681 0
681 948 0
320 728 0
728 521 0
728 605 0
321 332 0
321 815 0
332 350 0
332 977 0
328 826 0
826 608 0
333 429 0
429 531 0
429 835 0
334 435 0
435 782 0
435 914 0
408 341 0
408 446 0
408 659 0
738 471 0
738 723 0
338 981 0
981 747 0
981 984 0
352 433 0
352 790 0
352 850 0
433 646 0
433 703 0
433 985 0
790 671 0
790 763 0
356 571 0
571 501 0
361 804 0
804 608 0
363 488 0
363 595 0
488 569 0
488 851 0
488 882 0
595 428 0
595 929 0
501 709 0
367 870 0
870 520 0
372 965 0
965 436 0
965 676 0
374 837 0
837 897 0
392 545 0
545 649 0
545 702 0
395 584 0
395 763 0
395 950 0
395 786 0
584 481 0
584 528 0
584 938 0
763 609 0
396 992 0
992 675 0
992 693 0
399 640 0
640 668 0
640 762 0
654 971 0
410 805 0
410 846 0
410 887 0
805 594 0
418 464 0
464 485 0
464 721 0
464 973 0
422 894 0
894 582 0
427 791 0
791 513 0
428 591 0
709 792 0
444 820 0
450 533 0
450 570 0
533 641 0
533 949 0
533 997 0
533 623 0
451 622 0
622 566 0
752 797 0
456 630 0
456 865 0
456 900 0
469 842 0
842 570 0
842 814 0
470 666 0
597 615 0
597 971 0
732 847 0
498 512 0
498 540 0
498 559 0
498 688 0
498 972 0
517 671 0
522 755 0
755 543 0
523 623 0
523 773 0
523 792 0
523 942 0
523 997 0
529 535 0
535 618 0
535 905 0
532 847 0
641 857 0
641 982 0
949 552 0
949 589 0
949 665 0
537 862 0
862 750 0
862 858 0
538 856 0
856 817 0
856 863 0
856 988 0
570 829 0
829 817 0
572 950 0
950 978 0
950 605 0
578 943 0
943 695 0
943 730 0
585 699 0
699 613 0
761 615 0
761 815 0
605 908 0
616 884 0
884 766 0
884 801 0
627 840 0
840 779 0
650 873 0
664 967 0
967 808 0
967 934 0
670 759 0
759 787 0
687 987 0
987 719 0
987 926 0
716 820 0
820 725 0
820 836 0
879 983 0
983 893 0
