575 599 0
1 61 0
61 28 0
61 59 0
61 473 0
61 479 0
2 16 0
2 115 0
2 126 0
2 139 0
2 337 0
2 575 0
16 175 0
16 364 0
115 261 0
115 299 0
115 598 0
126 138 0
126 324 0
126 514 0
139 117 0
139 188 0
139 292 0
139 516 0
139 578 0
3 44 0
3 144 0
3 261 0
3 401 0
3 548 0
144 175 0
144 210 0
144 187 0
261 17 0
261 478 0
261 210 0
4 420 0
420 187 0
420 121 0
420 54 0
5 380 0
380 50 0
380 183 0
6 537 0
537 31 0
537 189 0
537 270 0
537 234 0
7 441 0
7 451 0
7 463 0
441 143 0
441 393 0
441 525 0
451 293 0
8 454 0
454 216 0
454 242 0
9 100 0
100 229 0
100 399 0
100 446 0
100 506 0
10 171 0
10 226 0
171 105 0
171 142 0
171 314 0
171 567 0
11 111 0
11 304 0
11 376 0
11 567 0
12 21 0
12 65 0
12 158 0
21 18 0
21 290 0
21 528 0
13 45 0
45 114 0
45 240 0
45 430 0
45 227 0
45 437 0
14 307 0
14 410 0
14 419 0
14 551 0
15 49 0
15 256 0
15 445 0
15 501 0
49 88 0
49 168 0
49 325 0
49 502 0
49 572 0
17 112 0
17 333 0
18 265 0
18 311 0
18 396 0
18 544 0
265 132 0
265 497 0
19 40 0
19 133 0
19 167 0
19 305 0
40 206 0
20 168 0
20 172 0
20 394 0
20 531 0
168 358 0
168 405 0
168 406 0
172 186 0
172 270 0
172 286 0
172 535 0
172 190 0
22 508 0
508 127 0
508 164 0
508 564 0
508 595 0
23 363 0
363 94 0
363 417 0
24 37 0
24 387 0
24 407 0
24 488 0
37 89 0
37 129 0
37 493 0
387 228 0
387 281 0
387 349 0
407 125 0
407 132 0
25 26 0
25 74 0
26 99 0
26 273 0
26 302 0
26 528 0
99 156 0
99 218 0
99 238 0
273 332 0
273 361 0
273 398 0
27 549 0
549 157 0
28 365 0
29 553 0
553 321 0
30 146 0
30 205 0
30 325 0
146 269 0
146 291 0
146 580 0
146 399 0
146 590 0
32 103 0
103 219 0
103 361 0
103 302 0
33 185 0
33 195 0
185 47 0
185 434 0
185 533 0
185 577 0
34 279 0
279 218 0
279 428 0
279 564 0
35 38 0
38 68 0
38 355 0
38 554 0
36 182 0
36 227 0
36 280 0
36 418 0
36 584 0
182 132 0
182 300 0
182 342 0
182 190 0
227 497 0
39 184 0
184 152 0
184 221 0
184 564 0
184 423 0
41 505 0
505 201 0
505 237 0
505 251 0
42 198 0
198 82 0
198 47 0
198 116 0
43 573 0
573 70 0
573 150 0
573 456 0
114 409 0
240 155 0
240 424 0
240 331 0
46 107 0
107 97 0
107 435 0
107 518 0
47 106 0
106 366 0
106 408 0
106 504 0
48 122 0
122 121 0
122 134 0
122 174 0
88 181 0
88 393 0
88 457 0
325 63 0
325 207 0
50 173 0
50 422 0
50 545 0
50 572 0
173 56 0
173 119 0
173 315 0
422 225 0
422 120 0
422 547 0
51 442 0
442 334 0
52 203 0
52 327 0
52 414 0
52 444 0
203 329 0
203 528 0
53 379 0
379 247 0
379 156 0
54 156 0
54 165 0
156 137 0
156 365 0
55 409 0
409 125 0
409 249 0
409 495 0
57 73 0
73 128 0
73 332 0
73 522 0
58 81 0
58 130 0
58 136 0
58 181 0
58 190 0
58 395 0
58 503 0
81 331 0
136 354 0
181 120 0
181 406 0
181 64 0
181 415 0
60 177 0
60 230 0
60 478 0
60 525 0
60 541 0
478 592 0
62 162 0
162 338 0
162 361 0
162 467 0
64 151 0
64 176 0
64 217 0
66 90 0
90 72 0
90 113 0
90 189 0
90 494 0
67 220 0
220 287 0
220 452 0
69 206 0
206 234 0
206 291 0
206 470 0
71 491 0
491 421 0
72 104 0
72 123 0
104 282 0
104 309 0
104 597 0
74 393 0
74 458 0
74 598 0
393 512 0
458 498 0
458 93 0
75 439 0
439 118 0
439 143 0
76 252 0
252 513 0
252 80 0
77 109 0
77 197 0
77 209 0
77 459 0
109 510 0
109 562 0
109 574 0
109 588 0
197 243 0
197 450 0
197 568 0
209 121 0
209 251 0
209 191 0
78 331 0
331 213 0
331 264 0
79 329 0
80 93 0
80 211 0
93 191 0
93 291 0
93 506 0
211 193 0
211 267 0
211 465 0
83 477 0
477 192 0
84 226 0
226 125 0
226 223 0
226 455 0
85 365 0
365 91 0
365 563 0
86 268 0
86 474 0
86 489 0
86 503 0
86 516 0
268 208 0
268 364 0
87 196 0
196 238 0
196 466 0
196 467 0
92 299 0
299 189 0
299 483 0
95 335 0
95 340 0
95 368 0
95 521 0
95 556 0
96 303 0
303 145 0
303 350 0
303 487 0
98 519 0
98 592 0
519 480 0
519 238 0
399 312 0
101 312 0
312 355 0
312 583 0
312 406 0
102 295 0
295 431 0
295 435 0
295 523 0
108 165 0
165 456 0
165 484 0
165 539 0
110 362 0
362 345 0
117 187 0
121 195 0
195 276 0
195 475 0
123 278 0
123 301 0
123 306 0
124 383 0
383 298 0
383 371 0
125 155 0
155 487 0
131 238 0
131 284 0
131 302 0
131 453 0
131 546 0
238 392 0
132 148 0
132 492 0
135 318 0
318 346 0
318 506 0
318 526 0
137 236 0
137 313 0
137 369 0
140 330 0
330 367 0
141 337 0
337 308 0
143 497 0
175 332 0
175 503 0
147 257 0
147 352 0
147 423 0
147 437 0
147 552 0
423 436 0
423 534 0
423 180 0
149 529 0
529 360 0
153 166 0
166 457 0
166 517 0
166 561 0
154 490 0
490 161 0
159 212 0
212 246 0
212 359 0
212 370 0
212 533 0
160 413 0
413 382 0
163 550 0
550 559 0
456 234 0
457 283 0
457 354 0
169 235 0
235 202 0
235 224 0
235 361 0
170 463 0
463 204 0
463 599 0
270 516 0
270 534 0
174 502 0
174 591 0
502 496 0
332 398 0
178 317 0
317 262 0
317 347 0
179 290 0
290 231 0
290 587 0
180 390 0
180 488 0
390 241 0
390 339 0
300 255 0
300 326 0
300 566 0
434 342 0
187 404 0
187 425 0
187 470 0
404 449 0
404 462 0
470 208 0
194 344 0
194 487 0
194 542 0
194 596 0
487 476 0
199 476 0
476 259 0
200 591 0
591 277 0
591 460 0
591 538 0
205 214 0
205 342 0
205 374 0
214 245 0
214 328 0
214 581 0
342 435 0
374 375 0
208 260 0
208 570 0
251 271 0
251 351 0
210 448 0
210 469 0
210 536 0
246 436 0
215 354 0
354 322 0
218 496 0
496 511 0
496 557 0
222 341 0
341 323 0
341 525 0
232 351 0
351 272 0
351 464 0
233 296 0
296 319 0
296 320 0
296 343 0
239 364 0
364 600 0
364 398 0
244 481 0
248 488 0
488 289 0
250 415 0
415 298 0
271 400 0
271 447 0
271 461 0
253 585 0
585 288 0
254 520 0
520 388 0
258 579 0
579 357 0
263 386 0
386 499 0
266 381 0
266 438 0
266 509 0
266 577 0
274 459 0
459 402 0
459 530 0
275 565 0
565 316 0
283 353 0
283 411 0
283 560 0
285 389 0
389 384 0
294 336 0
336 320 0
319 598 0
320 412 0
297 500 0
500 527 0
310 424 0
424 397 0
424 486 0
355 545 0
412 567 0
333 564 0
348 576 0
576 472 0
576 524 0
545 551 0
545 598 0
377 543 0
543 571 0
416 436 0
436 540 0
426 594 0
594 569 0
498 538 0
498 556 0
467 506 0
473 528 0
497 593 0
531 572 0
