753 799 0
1 694 0
694 488 0
694 660 0
2 46 0
46 164 0
46 366 0
3 35 0
3 200 0
3 216 0
3 449 0
3 514 0
35 75 0
35 194 0
35 269 0
216 296 0
216 773 0
216 780 0
4 147 0
4 234 0
4 729 0
4 793 0
147 199 0
147 311 0
147 197 0
147 648 0
234 357 0
234 413 0
234 537 0
5 464 0
5 630 0
6 65 0
6 378 0
6 411 0
6 542 0
65 502 0
65 523 0
65 530 0
65 544 0
65 549 0
378 24 0
378 207 0
378 163 0
378 362 0
411 424 0
7 70 0
7 116 0
7 143 0
7 675 0
70 134 0
70 440 0
8 204 0
8 212 0
8 548 0
8 657 0
9 426 0
426 447 0
10 269 0
10 352 0
10 412 0
269 86 0
269 449 0
269 518 0
11 172 0
172 64 0
172 144 0
172 210 0
12 44 0
12 287 0
12 383 0
12 593 0
44 355 0
44 570 0
44 644 0
44 790 0
287 122 0
287 792 0
383 285 0
383 618 0
383 684 0
13 237 0
13 338 0
13 354 0
13 516 0
13 695 0
338 265 0
354 131 0
354 160 0
354 267 0
14 226 0
14 273 0
14 324 0
14 400 0
324 148 0
324 451 0
324 661 0
15 347 0
347 219 0
347 451 0
16 126 0
126 364 0
126 375 0
126 634 0
17 633 0
633 664 0
18 555 0
555 214 0
555 381 0
19 395 0
395 638 0
395 649 0
395 673 0
20 128 0
20 365 0
20 469 0
20 584 0
20 632 0
365 380 0
365 615 0
365 228 0
469 267 0
469 432 0
469 572 0
21 505 0
505 171 0
505 255 0
505 394 0
505 763 0
22 327 0
22 333 0
22 545 0
22 687 0
333 550 0
333 387 0
23 681 0
681 113 0
25 696 0
696 140 0
696 408 0
696 662 0
26 199 0
26 286 0
26 392 0
26 738 0
199 120 0
199 255 0
199 309 0
27 201 0
201 163 0
201 247 0
201 678 0
28 29 0
29 90 0
29 266 0
29 326 0
30 308 0
30 583 0
30 800 0
308 146 0
308 297 0
308 462 0
31 112 0
31 206 0
31 229 0
31 647 0
112 47 0
112 163 0
112 291 0
112 642 0
112 770 0
206 232 0
206 398 0
206 607 0
32 606 0
606 55 0
33 445 0
445 573 0
34 348 0
348 587 0
348 425 0
348 651 0
75 43 0
75 285 0
75 393 0
36 371 0
36 688 0
371 346 0
371 415 0
371 538 0
37 372 0
372 463 0
372 548 0
372 645 0
38 131 0
131 173 0
131 586 0
131 570 0
131 684 0
39 299 0
299 562 0
299 566 0
299 736 0
299 775 0
40 115 0
40 379 0
40 557 0
40 735 0
40 799 0
115 281 0
557 540 0
557 162 0
41 159 0
41 176 0
41 603 0
41 658 0
41 663 0
176 249 0
603 541 0
603 84 0
603 202 0
42 268 0
268 110 0
268 223 0
268 284 0
268 736 0
43 322 0
43 510 0
43 560 0
322 384 0
322 435 0
322 468 0
322 779 0
510 279 0
45 666 0
666 360 0
47 444 0
47 643 0
47 774 0
444 129 0
48 289 0
48 316 0
289 96 0
289 160 0
289 461 0
289 477 0
49 800 0
800 227 0
800 311 0
50 80 0
80 105 0
80 630 0
80 709 0
51 76 0
51 133 0
51 294 0
52 684 0
52 737 0
52 752 0
52 768 0
684 270 0
684 725 0
53 501 0
53 541 0
53 791 0
501 650 0
501 796 0
501 300 0
501 798 0
54 139 0
139 375 0
139 554 0
139 795 0
56 138 0
56 397 0
56 585 0
56 726 0
56 734 0
138 107 0
138 230 0
138 424 0
138 734 0
138 776 0
397 590 0
585 670 0
585 747 0
726 202 0
726 405 0
57 230 0
57 356 0
57 359 0
230 446 0
230 494 0
230 717 0
58 95 0
58 217 0
58 246 0
58 336 0
217 187 0
217 323 0
59 91 0
59 565 0
59 578 0
91 205 0
91 208 0
91 476 0
91 654 0
91 560 0
565 156 0
565 235 0
565 656 0
60 295 0
60 516 0
60 626 0
60 754 0
516 715 0
516 414 0
61 352 0
352 183 0
352 260 0
352 389 0
352 773 0
352 96 0
62 211 0
211 303 0
211 356 0
211 325 0
211 468 0
63 571 0
571 342 0
502 291 0
502 317 0
523 314 0
66 421 0
421 121 0
421 730 0
67 387 0
387 111 0
387 682 0
68 278 0
68 592 0
68 688 0
68 775 0
278 296 0
278 335 0
278 662 0
592 302 0
592 317 0
69 774 0
774 438 0
774 626 0
774 261 0
134 135 0
134 361 0
134 561 0
71 670 0
670 551 0
72 168 0
168 224 0
168 306 0
168 521 0
73 231 0
231 504 0
231 612 0
231 259 0
231 626 0
74 225 0
74 323 0
225 153 0
225 373 0
225 544 0
77 88 0
77 209 0
77 518 0
88 124 0
88 321 0
88 594 0
78 731 0
731 301 0
731 264 0
79 209 0
209 106 0
209 449 0
209 679 0
209 775 0
81 249 0
249 166 0
82 221 0
221 96 0
221 165 0
221 623 0
83 583 0
583 267 0
583 305 0
583 520 0
583 788 0
84 174 0
84 576 0
84 599 0
85 181 0
85 292 0
85 304 0
85 526 0
85 598 0
292 96 0
292 456 0
87 414 0
414 369 0
414 402 0
124 305 0
124 422 0
124 482 0
124 715 0
89 704 0
704 706 0
704 732 0
92 271 0
92 300 0
92 498 0
92 524 0
271 161 0
271 604 0
93 386 0
386 254 0
386 280 0
94 122 0
122 573 0
122 697 0
96 228 0
228 291 0
228 356 0
97 281 0
281 242 0
281 311 0
98 101 0
98 195 0
98 519 0
98 618 0
99 410 0
99 517 0
99 540 0
410 117 0
410 186 0
410 305 0
517 188 0
517 596 0
100 222 0
222 262 0
222 558 0
222 665 0
102 420 0
420 264 0
420 532 0
420 416 0
420 552 0
103 792 0
792 718 0
104 203 0
104 382 0
104 611 0
107 604 0
107 729 0
108 579 0
579 548 0
109 374 0
374 284 0
374 389 0
291 758 0
291 797 0
114 244 0
114 251 0
114 343 0
244 780 0
244 786 0
118 685 0
685 393 0
119 380 0
380 196 0
380 542 0
120 197 0
120 257 0
120 728 0
123 282 0
282 277 0
282 356 0
282 600 0
282 727 0
282 755 0
305 755 0
422 263 0
422 337 0
422 376 0
422 711 0
125 320 0
320 171 0
320 427 0
320 778 0
127 401 0
401 312 0
401 388 0
401 638 0
130 319 0
130 567 0
130 588 0
130 755 0
130 785 0
319 171 0
588 202 0
588 534 0
132 424 0
424 329 0
136 630 0
137 368 0
368 390 0
368 412 0
368 669 0
375 440 0
375 467 0
141 162 0
162 495 0
162 771 0
142 624 0
624 431 0
624 433 0
624 673 0
145 258 0
258 509 0
258 612 0
258 149 0
311 518 0
311 646 0
311 703 0
148 399 0
148 404 0
148 429 0
149 229 0
149 465 0
229 418 0
229 654 0
229 739 0
150 467 0
467 193 0
467 274 0
151 349 0
151 454 0
349 362 0
349 497 0
349 391 0
349 699 0
152 456 0
456 336 0
456 396 0
154 786 0
786 479 0
786 511 0
155 506 0
506 742 0
506 336 0
157 550 0
550 415 0
550 783 0
158 490 0
490 213 0
161 245 0
161 272 0
161 283 0
167 175 0
167 218 0
167 293 0
167 367 0
169 486 0
486 367 0
170 284 0
170 346 0
170 412 0
170 485 0
346 661 0
171 316 0
171 334 0
171 443 0
171 797 0
316 241 0
316 563 0
316 762 0
334 344 0
177 466 0
466 452 0
178 703 0
179 776 0
776 253 0
776 580 0
776 270 0
180 793 0
793 489 0
793 542 0
182 359 0
359 196 0
359 513 0
359 572 0
359 406 0
184 722 0
722 340 0
185 210 0
185 325 0
185 522 0
185 525 0
210 192 0
210 465 0
187 309 0
187 323 0
189 759 0
759 238 0
190 259 0
190 285 0
190 367 0
190 520 0
190 665 0
190 667 0
285 758 0
367 341 0
367 451 0
191 194 0
194 496 0
194 714 0
194 716 0
192 406 0
192 548 0
406 256 0
198 252 0
252 236 0
252 618 0
252 641 0
202 306 0
202 425 0
306 582 0
306 701 0
425 326 0
356 620 0
215 482 0
482 328 0
482 415 0
482 546 0
296 345 0
296 403 0
296 674 0
220 686 0
686 330 0
686 617 0
654 270 0
612 661 0
233 593 0
593 751 0
593 326 0
239 639 0
639 437 0
240 747 0
243 764 0
764 653 0
780 598 0
780 688 0
248 298 0
248 472 0
248 665 0
248 740 0
250 439 0
250 450 0
250 475 0
450 302 0
256 499 0
256 556 0
256 608 0
261 560 0
261 775 0
560 604 0
264 405 0
405 336 0
405 342 0
265 393 0
265 493 0
265 753 0
393 471 0
393 513 0
267 376 0
267 647 0
376 760 0
270 335 0
335 394 0
335 436 0
335 577 0
275 750 0
750 665 0
276 769 0
769 313 0
769 377 0
769 362 0
288 454 0
454 307 0
454 370 0
454 618 0
290 610 0
610 650 0
302 455 0
302 480 0
302 636 0
302 638 0
582 350 0
309 331 0
309 631 0
309 781 0
310 358 0
310 544 0
310 613 0
310 734 0
544 540 0
518 531 0
314 342 0
314 416 0
314 595 0
314 637 0
315 317 0
317 733 0
318 512 0
512 535 0
512 547 0
323 391 0
323 448 0
323 564 0
323 720 0
391 344 0
332 713 0
713 528 0
713 559 0
339 541 0
541 470 0
341 453 0
341 559 0
341 693 0
344 692 0
344 707 0
587 417 0
351 705 0
705 527 0
773 791 0
353 725 0
725 441 0
620 492 0
513 647 0
363 791 0
791 507 0
440 458 0
440 688 0
618 481 0
385 471 0
590 442 0
407 647 0
647 601 0
409 743 0
743 756 0
412 531 0
531 434 0
417 622 0
419 605 0
605 487 0
605 757 0
428 729 0
729 515 0
729 539 0
430 784 0
784 655 0
432 459 0
432 485 0
458 627 0
457 766 0
766 473 0
627 474 0
627 574 0
627 700 0
465 478 0
465 575 0
465 619 0
468 665 0
473 538 0
538 578 0
484 534 0
500 741 0
741 508 0
529 635 0
529 659 0
536 643 0
643 553 0
643 629 0
578 673 0
578 706 0
540 648 0
559 677 0
604 789 0
598 621 0
621 748 0
621 767 0
652 690 0
652 702 0
