670 699 0
1 259 0
259 436 0
259 445 0
2 468 0
468 123 0
468 72 0
3 167 0
167 179 0
167 351 0
167 629 0
4 190 0
190 28 0
190 319 0
190 685 0
5 467 0
467 503 0
6 30 0
6 50 0
6 159 0
6 409 0
6 479 0
50 414 0
50 582 0
409 362 0
409 7 0
409 343 0
7 257 0
7 295 0
7 353 0
7 695 0
257 276 0
257 293 0
295 322 0
295 160 0
353 300 0
353 89 0
353 538 0
8 118 0
8 229 0
8 678 0
229 341 0
229 655 0
9 272 0
272 105 0
272 331 0
272 337 0
10 655 0
655 175 0
655 211 0
11 454 0
454 140 0
454 233 0
12 382 0
12 586 0
382 55 0
382 201 0
382 231 0
382 258 0
13 553 0
553 25 0
14 179 0
14 215 0
14 286 0
14 681 0
179 183 0
179 437 0
215 385 0
15 177 0
177 102 0
177 192 0
16 154 0
16 191 0
16 339 0
16 376 0
339 87 0
339 288 0
17 430 0
430 80 0
430 320 0
430 344 0
18 243 0
18 416 0
18 445 0
18 518 0
18 564 0
416 449 0
416 285 0
416 67 0
445 431 0
445 647 0
445 55 0
19 597 0
597 470 0
597 549 0
20 308 0
308 23 0
308 170 0
21 37 0
21 133 0
21 135 0
37 270 0
37 383 0
37 398 0
37 598 0
22 120 0
22 126 0
22 160 0
120 188 0
120 602 0
120 668 0
126 319 0
126 421 0
126 433 0
126 462 0
24 87 0
24 111 0
24 403 0
24 685 0
87 227 0
87 315 0
87 373 0
111 133 0
111 261 0
26 149 0
26 281 0
26 418 0
26 672 0
149 27 0
149 35 0
149 183 0
149 582 0
27 131 0
27 188 0
131 98 0
131 144 0
131 354 0
131 95 0
29 198 0
198 483 0
198 626 0
198 663 0
31 208 0
31 323 0
31 411 0
208 161 0
208 431 0
208 183 0
323 151 0
32 329 0
32 490 0
329 524 0
329 580 0
329 146 0
33 60 0
33 105 0
33 123 0
60 51 0
60 189 0
105 453 0
34 43 0
34 199 0
34 236 0
34 288 0
34 545 0
43 250 0
43 458 0
236 252 0
236 494 0
288 72 0
288 192 0
288 666 0
288 513 0
35 326 0
35 671 0
36 153 0
36 263 0
36 306 0
36 508 0
263 110 0
263 338 0
263 466 0
263 550 0
38 536 0
536 447 0
39 82 0
39 137 0
39 219 0
39 376 0
39 431 0
39 657 0
82 78 0
82 276 0
137 317 0
137 344 0
137 413 0
219 134 0
219 268 0
219 358 0
219 391 0
376 659 0
40 261 0
261 577 0
261 619 0
41 575 0
575 361 0
575 650 0
42 429 0
429 260 0
429 551 0
429 204 0
429 686 0
250 79 0
250 223 0
250 461 0
250 480 0
250 504 0
44 434 0
434 152 0
45 453 0
453 600 0
453 640 0
46 285 0
285 102 0
285 543 0
47 166 0
47 400 0
47 448 0
47 477 0
47 639 0
400 340 0
400 249 0
400 278 0
48 293 0
293 84 0
293 552 0
49 123 0
49 173 0
49 271 0
49 521 0
123 439 0
123 581 0
51 138 0
51 228 0
52 170 0
52 210 0
52 367 0
52 410 0
52 614 0
170 122 0
53 254 0
254 284 0
254 404 0
254 488 0
54 240 0
240 71 0
240 627 0
240 398 0
55 59 0
55 211 0
59 298 0
59 513 0
59 577 0
59 670 0
211 562 0
56 554 0
554 148 0
554 234 0
57 165 0
165 79 0
165 144 0
58 362 0
362 81 0
362 348 0
362 182 0
513 230 0
61 278 0
278 231 0
278 364 0
278 590 0
62 343 0
343 387 0
343 417 0
63 588 0
588 113 0
588 267 0
588 299 0
588 318 0
64 242 0
64 437 0
64 473 0
242 85 0
242 388 0
242 538 0
242 652 0
242 677 0
65 659 0
659 372 0
659 473 0
659 689 0
66 675 0
675 230 0
675 304 0
675 514 0
67 163 0
67 194 0
67 322 0
67 359 0
163 83 0
163 299 0
163 560 0
163 403 0
194 202 0
194 325 0
194 646 0
322 493 0
322 504 0
322 683 0
68 296 0
296 107 0
296 79 0
296 609 0
69 116 0
69 237 0
69 620 0
69 691 0
70 439 0
439 253 0
439 584 0
72 586 0
73 347 0
347 238 0
347 478 0
74 321 0
321 264 0
321 489 0
75 77 0
77 187 0
77 368 0
77 486 0
76 204 0
76 221 0
76 291 0
76 327 0
76 505 0
221 143 0
221 214 0
221 357 0
291 200 0
291 303 0
291 402 0
291 664 0
78 222 0
79 95 0
83 361 0
86 398 0
86 500 0
86 551 0
398 624 0
398 666 0
500 192 0
500 346 0
227 206 0
227 216 0
227 352 0
315 147 0
315 365 0
315 694 0
373 121 0
373 124 0
373 369 0
88 414 0
414 162 0
414 481 0
89 311 0
89 330 0
89 472 0
90 146 0
146 185 0
146 643 0
91 361 0
91 375 0
91 384 0
91 395 0
91 585 0
361 251 0
361 232 0
92 440 0
92 496 0
92 511 0
92 626 0
93 524 0
524 196 0
524 408 0
94 582 0
582 506 0
582 699 0
582 258 0
96 487 0
487 537 0
487 541 0
487 599 0
487 239 0
97 463 0
463 299 0
463 420 0
99 539 0
539 212 0
100 224 0
224 422 0
224 450 0
224 682 0
101 130 0
101 133 0
101 476 0
130 222 0
133 181 0
133 563 0
102 340 0
103 213 0
213 136 0
213 314 0
213 392 0
104 122 0
104 356 0
104 364 0
122 338 0
122 608 0
122 630 0
356 218 0
356 230 0
356 460 0
106 312 0
312 305 0
312 546 0
312 558 0
108 193 0
108 255 0
108 546 0
108 665 0
108 684 0
255 510 0
546 540 0
546 151 0
109 327 0
327 246 0
110 300 0
110 473 0
112 586 0
586 265 0
586 551 0
586 673 0
114 249 0
249 366 0
249 474 0
115 437 0
437 394 0
437 410 0
437 615 0
117 386 0
386 509 0
386 560 0
386 569 0
119 313 0
313 182 0
313 258 0
313 318 0
313 485 0
188 528 0
338 668 0
125 657 0
657 370 0
127 656 0
656 531 0
128 451 0
451 283 0
129 158 0
129 346 0
129 510 0
158 217 0
158 354 0
354 621 0
132 540 0
540 342 0
540 410 0
135 169 0
135 301 0
135 529 0
135 544 0
135 652 0
139 401 0
401 333 0
141 432 0
432 581 0
432 625 0
142 155 0
155 244 0
155 473 0
155 637 0
145 292 0
292 185 0
292 332 0
292 526 0
185 340 0
185 472 0
150 307 0
150 314 0
150 328 0
150 471 0
150 676 0
314 232 0
151 486 0
151 605 0
156 476 0
476 207 0
476 248 0
476 605 0
476 233 0
157 436 0
160 355 0
160 415 0
161 232 0
161 466 0
161 621 0
232 422 0
299 574 0
164 557 0
557 435 0
168 385 0
385 528 0
385 607 0
385 660 0
171 407 0
407 442 0
407 472 0
407 523 0
172 688 0
688 587 0
174 266 0
174 294 0
174 302 0
174 566 0
266 247 0
266 649 0
266 431 0
176 184 0
176 419 0
176 444 0
178 562 0
562 395 0
562 639 0
562 537 0
180 634 0
634 507 0
634 612 0
183 601 0
601 490 0
186 510 0
510 269 0
510 324 0
510 399 0
189 527 0
189 532 0
189 595 0
192 239 0
192 667 0
239 251 0
195 501 0
501 225 0
197 516 0
516 358 0
203 690 0
690 381 0
690 560 0
205 497 0
497 374 0
497 537 0
206 230 0
206 349 0
209 276 0
276 465 0
276 558 0
220 396 0
396 235 0
396 335 0
396 422 0
222 256 0
222 424 0
222 459 0
222 615 0
459 438 0
422 623 0
226 603 0
603 592 0
341 230 0
341 537 0
230 547 0
547 380 0
233 449 0
233 686 0
252 262 0
252 469 0
251 642 0
251 644 0
241 571 0
571 390 0
245 645 0
645 345 0
247 275 0
247 279 0
247 591 0
577 581 0
466 425 0
466 475 0
273 282 0
282 377 0
282 633 0
282 560 0
274 412 0
412 290 0
277 458 0
458 334 0
458 481 0
458 576 0
280 520 0
520 498 0
287 578 0
578 404 0
578 426 0
578 455 0
578 622 0
666 371 0
289 359 0
359 428 0
297 589 0
589 491 0
300 309 0
300 570 0
300 698 0
310 403 0
310 473 0
403 411 0
403 558 0
316 594 0
594 405 0
336 515 0
515 573 0
515 652 0
346 446 0
346 568 0
346 622 0
346 632 0
349 565 0
349 613 0
349 636 0
349 691 0
613 503 0
350 679 0
679 379 0
360 572 0
572 456 0
572 457 0
572 492 0
363 475 0
363 484 0
363 610 0
528 505 0
389 649 0
649 696 0
649 697 0
397 662 0
662 542 0
399 533 0
533 464 0
411 567 0
411 695 0
404 494 0
494 503 0
406 674 0
674 443 0
472 668 0
567 438 0
623 631 0
427 574 0
574 651 0
574 653 0
441 535 0
535 482 0
490 559 0
490 641 0
490 692 0
505 691 0
512 611 0
611 561 0
611 635 0
517 687 0
687 604 0
548 550 0
550 583 0
549 680 0
