980 999 0
1 68 0
1 721 0
1 861 0
1 891 0
721 492 0
721 154 0
721 511 0
2 690 0
690 62 0
690 300 0
690 641 0
3 741 0
741 243 0
741 663 0
741 783 0
4 22 0
4 615 0
4 619 0
4 703 0
22 94 0
22 339 0
22 696 0
22 697 0
22 782 0
22 872 0
615 728 0
615 840 0
615 875 0
615 884 0
615 302 0
5 153 0
5 270 0
5 830 0
153 44 0
153 61 0
153 532 0
270 314 0
270 608 0
270 803 0
6 878 0
878 418 0
878 498 0
878 730 0
7 793 0
793 266 0
793 388 0
793 322 0
8 17 0
8 383 0
8 685 0
8 836 0
8 894 0
383 56 0
383 78 0
383 825 0
685 393 0
685 903 0
685 486 0
9 200 0
9 438 0
9 999 0
200 129 0
200 415 0
200 537 0
10 403 0
403 72 0
403 353 0
403 546 0
403 749 0
11 895 0
895 555 0
895 562 0
895 626 0
12 289 0
289 151 0
289 265 0
289 716 0
13 276 0
13 435 0
13 484 0
13 497 0
13 584 0
276 324 0
276 399 0
276 979 0
435 370 0
14 348 0
14 419 0
14 645 0
14 694 0
14 940 0
348 223 0
348 340 0
348 864 0
419 83 0
419 572 0
419 978 0
645 851 0
645 368 0
645 424 0
15 477 0
477 207 0
477 620 0
477 945 0
16 517 0
517 46 0
517 372 0
18 116 0
18 439 0
18 550 0
18 617 0
116 579 0
19 135 0
19 492 0
19 959 0
135 719 0
135 900 0
135 908 0
20 307 0
20 537 0
20 635 0
20 826 0
307 159 0
307 221 0
307 640 0
537 44 0
537 850 0
21 73 0
73 317 0
73 665 0
73 764 0
696 97 0
696 825 0
697 180 0
23 812 0
812 778 0
812 396 0
24 724 0
724 204 0
724 298 0
25 407 0
407 194 0
407 557 0
26 222 0
26 589 0
26 617 0
26 672 0
27 642 0
642 261 0
642 777 0
642 964 0
28 100 0
28 250 0
28 670 0
28 766 0
29 807 0
807 269 0
807 345 0
807 542 0
30 494 0
494 656 0
494 988 0
494 728 0
31 539 0
539 438 0
539 461 0
539 973 0
539 109 0
32 234 0
234 183 0
234 919 0
234 952 0
33 414 0
414 117 0
414 365 0
414 965 0
414 733 0
34 47 0
47 102 0
47 473 0
47 552 0
35 928 0
928 77 0
928 386 0
928 986 0
36 422 0
422 297 0
422 466 0
37 447 0
37 467 0
37 912 0
37 987 0
447 333 0
447 72 0
467 262 0
467 575 0
467 777 0
38 119 0
119 577 0
119 733 0
39 430 0
430 236 0
430 349 0
430 767 0
40 757 0
757 191 0
757 611 0
757 542 0
41 92 0
92 81 0
92 495 0
42 616 0
616 134 0
616 618 0
43 133 0
43 575 0
43 870 0
43 939 0
575 847 0
575 541 0
44 352 0
44 979 0
44 987 0
352 486 0
352 775 0
45 512 0
45 607 0
45 779 0
45 801 0
48 213 0
48 959 0
48 987 0
213 240 0
213 302 0
49 105 0
105 488 0
105 594 0
105 609 0
105 717 0
50 74 0
74 695 0
74 859 0
74 925 0
51 629 0
629 145 0
629 858 0
52 646 0
646 113 0
646 507 0
646 107 0
646 653 0
53 694 0
694 332 0
694 471 0
694 396 0
54 898 0
898 238 0
898 436 0
898 527 0
55 142 0
55 458 0
55 670 0
55 915 0
56 643 0
57 178 0
178 251 0
178 514 0
178 777 0
58 188 0
188 106 0
188 268 0
188 465 0
59 659 0
659 386 0
659 547 0
659 571 0
60 529 0
529 61 0
529 518 0
529 651 0
61 489 0
61 598 0
489 98 0
489 175 0
489 534 0
63 847 0
847 67 0
847 91 0
64 983 0
983 392 0
65 455 0
455 286 0
455 322 0
455 794 0
66 129 0
129 551 0
129 666 0
69 854 0
854 203 0
70 511 0
511 190 0
511 406 0
71 437 0
437 473 0
437 526 0
437 751 0
72 296 0
72 707 0
296 166 0
296 382 0
296 442 0
296 896 0
695 742 0
695 745 0
695 160 0
695 590 0
695 992 0
75 630 0
630 262 0
630 380 0
630 434 0
76 281 0
76 309 0
76 687 0
76 790 0
281 742 0
281 849 0
78 248 0
78 624 0
78 930 0
78 977 0
248 109 0
248 525 0
248 950 0
248 643 0
79 205 0
79 478 0
79 946 0
79 954 0
80 391 0
391 136 0
391 370 0
391 749 0
82 378 0
378 123 0
378 565 0
378 981 0
84 267 0
267 170 0
267 459 0
267 644 0
85 226 0
85 950 0
85 782 0
226 464 0
226 524 0
226 636 0
226 686 0
86 914 0
914 355 0
914 545 0
914 626 0
87 853 0
853 169 0
853 88 0
853 904 0
88 199 0
88 591 0
88 810 0
88 868 0
199 177 0
199 796 0
591 103 0
591 400 0
810 565 0
810 670 0
89 493 0
89 681 0
89 730 0
89 947 0
90 171 0
90 713 0
90 845 0
90 931 0
93 131 0
93 322 0
93 498 0
93 650 0
93 851 0
93 932 0
131 97 0
131 351 0
131 520 0
322 554 0
650 962 0
650 942 0
650 737 0
95 448 0
448 233 0
448 542 0
448 743 0
96 324 0
324 311 0
324 338 0
97 148 0
97 648 0
97 911 0
99 323 0
99 528 0
99 783 0
99 784 0
101 569 0
101 678 0
101 837 0
569 473 0
569 633 0
569 198 0
678 157 0
678 428 0
678 452 0
103 367 0
103 658 0
103 976 0
104 830 0
830 423 0
830 974 0
594 581 0
107 541 0
541 404 0
541 763 0
108 156 0
108 255 0
108 369 0
108 564 0
108 783 0
109 481 0
110 258 0
258 305 0
258 788 0
258 994 0
111 128 0
128 249 0
128 845 0
128 920 0
112 838 0
838 886 0
114 416 0
114 671 0
114 764 0
114 820 0
114 849 0
416 825 0
416 487 0
671 487 0
671 603 0
671 987 0
115 950 0
950 564 0
118 769 0
769 176 0
769 271 0
769 470 0
769 755 0
120 318 0
318 253 0
318 728 0
318 804 0
121 798 0
798 273 0
798 441 0
798 641 0
122 358 0
358 139 0
358 734 0
358 790 0
124 513 0
124 802 0
124 820 0
124 829 0
125 814 0
814 374 0
814 716 0
814 863 0
126 202 0
126 346 0
126 845 0
126 876 0
127 918 0
918 237 0
918 563 0
918 644 0
130 927 0
927 395 0
927 674 0
927 470 0
132 520 0
520 310 0
520 533 0
137 902 0
902 558 0
902 760 0
902 797 0
138 957 0
957 336 0
957 420 0
140 279 0
279 183 0
279 510 0
279 916 0
141 944 0
944 231 0
944 558 0
944 773 0
143 152 0
143 745 0
143 889 0
143 959 0
152 260 0
152 805 0
152 900 0
745 244 0
745 951 0
144 306 0
306 505 0
306 538 0
306 982 0
146 923 0
923 344 0
923 653 0
923 818 0
147 627 0
627 576 0
627 708 0
627 548 0
627 706 0
149 703 0
703 390 0
703 468 0
150 873 0
873 312 0
260 220 0
260 341 0
260 699 0
154 505 0
154 633 0
154 727 0
505 519 0
505 516 0
505 673 0
633 197 0
155 377 0
155 821 0
155 850 0
158 805 0
805 304 0
805 705 0
160 274 0
160 330 0
274 565 0
274 667 0
274 673 0
274 715 0
161 961 0
961 460 0
961 527 0
961 985 0
162 707 0
707 425 0
707 991 0
163 259 0
259 596 0
259 717 0
259 971 0
164 362 0
362 725 0
362 888 0
165 871 0
871 275 0
871 431 0
167 638 0
638 472 0
638 679 0
168 839 0
839 485 0
839 522 0
839 686 0
172 399 0
399 887 0
399 929 0
173 837 0
837 567 0
837 867 0
837 905 0
174 316 0
174 370 0
174 549 0
174 740 0
370 506 0
370 525 0
176 926 0
179 933 0
933 761 0
180 301 0
180 315 0
180 840 0
180 935 0
181 536 0
536 216 0
536 284 0
536 412 0
536 532 0
182 227 0
227 235 0
227 586 0
227 841 0
183 487 0
184 530 0
530 366 0
530 808 0
530 850 0
530 321 0
185 241 0
241 558 0
241 706 0
241 772 0
186 966 0
966 376 0
966 535 0
966 386 0
187 212 0
212 652 0
212 761 0
212 998 0
189 942 0
942 357 0
942 958 0
192 373 0
373 483 0
373 676 0
373 686 0
373 883 0
193 486 0
486 219 0
486 676 0
195 999 0
196 684 0
684 481 0
684 540 0
684 655 0
197 644 0
197 716 0
197 790 0
644 975 0
198 206 0
198 330 0
198 381 0
206 359 0
206 491 0
206 806 0
330 277 0
330 892 0
415 718 0
415 996 0
415 327 0
201 714 0
201 792 0
201 842 0
201 965 0
207 487 0
207 775 0
487 548 0
208 400 0
400 401 0
400 469 0
400 588 0
400 673 0
209 470 0
209 508 0
209 816 0
209 890 0
470 597 0
210 542 0
210 617 0
210 686 0
617 459 0
211 868 0
868 225 0
868 726 0
240 503 0
240 597 0
240 903 0
214 737 0
737 246 0
737 649 0
215 579 0
579 216 0
579 410 0
579 509 0
579 716 0
216 603 0
217 813 0
813 239 0
813 293 0
813 670 0
218 516 0
516 303 0
516 710 0
220 427 0
220 780 0
220 848 0
224 975 0
975 632 0
228 229 0
228 444 0
228 565 0
228 989 0
230 699 0
699 292 0
699 335 0
232 554 0
554 612 0
554 688 0
503 481 0
503 730 0
558 912 0
706 683 0
242 968 0
968 639 0
968 900 0
244 394 0
244 662 0
394 457 0
394 758 0
394 860 0
662 733 0
662 789 0
662 885 0
662 924 0
245 333 0
245 449 0
245 668 0
245 762 0
333 345 0
333 614 0
247 619 0
619 501 0
619 880 0
525 302 0
525 717 0
252 421 0
252 465 0
252 727 0
252 731 0
254 962 0
962 463 0
962 553 0
256 288 0
288 438 0
288 578 0
288 677 0
257 739 0
739 613 0
739 906 0
739 262 0
341 337 0
341 521 0
341 879 0
262 698 0
263 560 0
560 720 0
560 781 0
264 282 0
264 327 0
264 385 0
264 442 0
264 815 0
264 850 0
282 480 0
327 283 0
442 308 0
272 750 0
750 588 0
750 770 0
750 948 0
565 311 0
278 934 0
934 515 0
280 480 0
480 368 0
480 454 0
480 637 0
283 411 0
283 548 0
283 622 0
283 831 0
285 775 0
775 354 0
775 544 0
287 320 0
320 311 0
320 832 0
320 869 0
320 951 0
438 822 0
438 889 0
290 846 0
846 349 0
846 702 0
846 759 0
291 566 0
566 445 0
566 626 0
566 997 0
294 424 0
294 568 0
294 735 0
294 785 0
424 502 0
424 602 0
295 368 0
295 561 0
295 723 0
295 963 0
368 683 0
299 826 0
826 347 0
826 682 0
302 499 0
499 653 0
499 783 0
499 845 0
308 321 0
308 349 0
308 712 0
308 819 0
321 361 0
349 889 0
313 426 0
426 523 0
426 730 0
426 828 0
319 371 0
371 711 0
371 913 0
371 727 0
325 614 0
614 379 0
614 786 0
326 874 0
874 570 0
874 631 0
328 361 0
361 440 0
329 953 0
953 482 0
953 728 0
331 704 0
704 779 0
704 862 0
704 875 0
345 976 0
334 675 0
675 343 0
675 532 0
675 747 0
342 941 0
941 389 0
350 475 0
475 413 0
475 791 0
351 364 0
351 387 0
351 973 0
356 984 0
984 500 0
984 657 0
360 443 0
443 451 0
443 481 0
443 742 0
443 881 0
363 581 0
581 776 0
506 628 0
506 768 0
506 882 0
375 669 0
375 689 0
375 790 0
375 844 0
381 453 0
381 729 0
381 753 0
384 502 0
502 897 0
502 970 0
386 912 0
912 527 0
393 610 0
393 744 0
393 922 0
396 664 0
664 559 0
664 765 0
664 852 0
397 398 0
398 573 0
398 691 0
398 849 0
588 889 0
588 825 0
402 474 0
474 601 0
474 661 0
405 476 0
405 490 0
405 641 0
405 866 0
408 992 0
992 693 0
992 746 0
409 969 0
969 479 0
969 605 0
417 602 0
602 654 0
602 865 0
420 592 0
592 496 0
592 595 0
592 787 0
429 532 0
429 625 0
429 756 0
429 955 0
432 590 0
590 433 0
590 907 0
822 722 0
446 856 0
856 462 0
856 709 0
450 698 0
698 647 0
698 748 0
456 492 0
492 599 0
492 799 0
459 973 0
597 701 0
597 788 0
597 884 0
653 980 0
504 635 0
635 593 0
635 972 0
519 580 0
519 583 0
519 736 0
527 993 0
993 738 0
531 643 0
643 556 0
643 680 0
643 749 0
543 980 0
574 855 0
855 604 0
855 782 0
582 771 0
771 621 0
585 823 0
823 752 0
587 598 0
598 754 0
598 817 0
701 995 0
600 683 0
683 692 0
606 774 0
774 732 0
623 857 0
857 727 0
626 990 0
990 641 0
634 926 0
926 795 0
660 936 0
936 827 0
936 893 0
686 901 0
700 900 0
995 782 0
761 903 0
903 954 0
841 979 0
979 976 0
884 956 0
956 909 0
