583 599 0
1 15 0
15 71 0
15 241 0
15 493 0
2 243 0
2 392 0
2 457 0
2 470 0
243 171 0
243 364 0
243 312 0
3 500 0
500 417 0
500 553 0
500 582 0
500 55 0
4 599 0
599 172 0
5 480 0
480 234 0
6 183 0
6 302 0
6 355 0
6 517 0
6 524 0
183 39 0
183 20 0
183 143 0
302 75 0
302 178 0
302 443 0
302 35 0
302 596 0
355 68 0
355 550 0
355 74 0
7 31 0
7 35 0
7 306 0
7 490 0
7 493 0
31 122 0
31 186 0
31 321 0
306 204 0
306 220 0
8 173 0
173 323 0
173 501 0
9 97 0
9 147 0
9 169 0
9 531 0
10 19 0
10 54 0
10 111 0
10 193 0
10 263 0
19 107 0
19 216 0
19 251 0
111 477 0
11 204 0
204 310 0
204 443 0
204 465 0
12 352 0
352 194 0
352 495 0
352 255 0
352 504 0
13 551 0
551 146 0
551 37 0
551 106 0
14 366 0
366 339 0
366 396 0
366 566 0
366 17 0
16 170 0
170 237 0
170 386 0
170 592 0
17 79 0
17 99 0
79 74 0
79 273 0
79 382 0
18 63 0
63 123 0
63 339 0
63 415 0
107 95 0
107 165 0
107 528 0
20 176 0
20 181 0
20 558 0
176 232 0
176 388 0
176 390 0
181 38 0
181 407 0
181 448 0
21 190 0
190 73 0
190 231 0
190 467 0
22 492 0
492 144 0
492 233 0
492 283 0
23 213 0
23 387 0
23 525 0
23 584 0
213 132 0
213 140 0
213 575 0
24 72 0
72 153 0
72 333 0
72 396 0
25 227 0
25 490 0
25 517 0
227 543 0
227 202 0
227 575 0
26 238 0
238 440 0
238 456 0
238 471 0
238 414 0
238 479 0
27 506 0
506 233 0
506 246 0
506 267 0
28 383 0
383 83 0
383 66 0
383 199 0
29 188 0
188 294 0
188 362 0
188 389 0
30 64 0
64 33 0
64 68 0
64 235 0
122 80 0
122 163 0
122 344 0
32 44 0
32 108 0
32 262 0
32 483 0
34 162 0
162 414 0
162 439 0
162 474 0
162 212 0
162 550 0
36 53 0
53 446 0
53 519 0
53 585 0
37 202 0
37 210 0
202 91 0
202 406 0
210 115 0
210 221 0
39 155 0
39 343 0
39 413 0
155 46 0
155 132 0
343 52 0
343 268 0
343 547 0
40 345 0
40 373 0
40 436 0
345 96 0
345 258 0
345 600 0
373 158 0
373 244 0
373 279 0
41 326 0
326 42 0
326 109 0
326 119 0
326 250 0
326 199 0
326 499 0
43 282 0
282 252 0
282 399 0
282 597 0
45 259 0
259 59 0
259 254 0
259 594 0
46 91 0
46 402 0
46 466 0
91 468 0
47 367 0
367 431 0
367 75 0
367 535 0
48 187 0
48 405 0
48 423 0
48 523 0
49 312 0
312 151 0
312 223 0
50 482 0
482 203 0
482 301 0
482 481 0
51 311 0
311 106 0
311 258 0
311 309 0
311 571 0
311 353 0
446 299 0
55 434 0
55 517 0
434 331 0
434 597 0
434 106 0
434 598 0
56 488 0
488 150 0
57 164 0
57 258 0
57 285 0
258 315 0
58 264 0
264 222 0
264 438 0
264 538 0
59 141 0
59 349 0
59 431 0
141 142 0
141 532 0
60 142 0
142 61 0
142 199 0
142 445 0
142 353 0
142 533 0
62 70 0
70 178 0
70 245 0
70 410 0
65 277 0
277 520 0
277 537 0
277 74 0
277 565 0
66 157 0
66 171 0
66 432 0
157 271 0
157 476 0
157 589 0
171 316 0
171 515 0
171 490 0
67 281 0
281 224 0
281 389 0
281 588 0
68 297 0
297 85 0
297 89 0
297 267 0
297 478 0
69 511 0
511 239 0
178 336 0
73 216 0
73 217 0
73 394 0
216 207 0
216 533 0
74 161 0
161 189 0
161 509 0
161 591 0
75 256 0
256 391 0
256 451 0
256 518 0
76 381 0
381 242 0
381 301 0
381 384 0
381 317 0
77 307 0
77 313 0
77 358 0
77 520 0
77 600 0
313 81 0
78 413 0
413 408 0
413 498 0
81 86 0
81 131 0
81 423 0
81 487 0
423 595 0
423 117 0
82 477 0
477 233 0
477 287 0
84 508 0
508 499 0
87 338 0
338 255 0
338 293 0
88 364 0
364 236 0
364 291 0
364 426 0
364 396 0
90 110 0
110 247 0
110 303 0
110 499 0
110 513 0
92 369 0
369 278 0
369 406 0
369 454 0
93 218 0
93 400 0
93 550 0
93 567 0
94 101 0
101 121 0
101 316 0
101 397 0
96 139 0
96 421 0
96 517 0
139 194 0
139 237 0
139 483 0
98 342 0
342 305 0
342 360 0
342 464 0
342 154 0
342 596 0
99 207 0
99 301 0
99 460 0
99 484 0
207 517 0
460 229 0
100 532 0
532 249 0
532 530 0
532 600 0
102 140 0
140 215 0
140 228 0
103 280 0
280 339 0
280 497 0
280 554 0
104 124 0
104 133 0
104 205 0
104 250 0
105 577 0
577 288 0
577 385 0
577 393 0
109 126 0
109 531 0
109 468 0
126 315 0
126 371 0
247 177 0
247 341 0
112 198 0
112 212 0
112 411 0
113 416 0
416 125 0
416 194 0
416 572 0
114 220 0
220 569 0
220 574 0
116 322 0
322 143 0
322 209 0
322 317 0
322 370 0
117 159 0
117 327 0
117 430 0
118 441 0
441 549 0
120 296 0
120 353 0
120 512 0
120 594 0
127 522 0
522 395 0
128 166 0
128 332 0
128 406 0
129 404 0
404 389 0
404 479 0
404 464 0
404 414 0
130 286 0
286 200 0
286 156 0
132 137 0
132 175 0
132 298 0
134 555 0
555 237 0
555 257 0
555 269 0
135 427 0
427 346 0
136 251 0
251 325 0
251 503 0
138 315 0
315 201 0
315 564 0
194 156 0
194 444 0
143 349 0
143 365 0
143 415 0
349 182 0
349 191 0
349 435 0
365 318 0
365 442 0
145 455 0
455 330 0
455 236 0
455 370 0
148 552 0
552 461 0
149 444 0
444 370 0
444 380 0
152 217 0
217 206 0
217 419 0
154 308 0
308 489 0
308 536 0
308 538 0
160 558 0
558 192 0
558 290 0
167 379 0
379 226 0
379 484 0
379 526 0
168 462 0
462 361 0
237 557 0
316 317 0
316 516 0
316 351 0
174 534 0
534 250 0
177 261 0
177 320 0
177 372 0
179 548 0
548 180 0
184 376 0
376 347 0
376 483 0
376 587 0
185 433 0
433 284 0
433 398 0
186 458 0
186 475 0
186 586 0
195 341 0
341 274 0
341 289 0
196 570 0
570 276 0
570 472 0
197 351 0
351 314 0
351 561 0
208 229 0
229 469 0
229 540 0
211 321 0
321 272 0
321 374 0
214 329 0
329 418 0
329 493 0
329 545 0
219 260 0
260 230 0
260 288 0
225 394 0
394 350 0
394 354 0
543 471 0
236 375 0
236 431 0
375 406 0
375 459 0
240 496 0
496 248 0
250 575 0
253 573 0
573 363 0
265 368 0
368 401 0
368 533 0
368 563 0
266 412 0
412 447 0
267 406 0
406 507 0
270 580 0
580 579 0
275 429 0
429 450 0
520 436 0
339 575 0
288 421 0
421 389 0
421 529 0
292 436 0
436 541 0
295 557 0
557 335 0
557 348 0
299 490 0
299 538 0
299 597 0
300 432 0
432 337 0
432 578 0
304 336 0
336 340 0
336 502 0
516 324 0
516 377 0
516 403 0
319 359 0
359 328 0
359 484 0
359 505 0
334 437 0
437 425 0
356 539 0
539 449 0
357 510 0
510 420 0
371 452 0
371 593 0
371 600 0
378 424 0
424 463 0
415 531 0
531 595 0
428 521 0
521 485 0
521 538 0
597 515 0
468 544 0
468 581 0
538 527 0
524 556 0
