750 799 0
1 246 0
1 431 0
1 443 0
1 518 0
1 689 0
246 157 0
246 526 0
246 588 0
246 751 0
431 50 0
431 93 0
443 297 0
518 444 0
518 579 0
518 32 0
518 584 0
2 39 0
2 209 0
2 266 0
2 752 0
3 315 0
3 545 0
3 770 0
315 173 0
315 460 0
315 131 0
315 558 0
4 659 0
659 433 0
5 269 0
269 191 0
269 448 0
269 710 0
269 745 0
6 255 0
255 61 0
255 125 0
255 687 0
7 465 0
465 61 0
465 184 0
8 101 0
8 303 0
8 306 0
8 514 0
101 248 0
101 292 0
101 783 0
303 364 0
303 603 0
9 36 0
9 143 0
9 545 0
9 573 0
9 684 0
9 694 0
36 508 0
143 503 0
545 652 0
545 653 0
545 776 0
10 618 0
618 469 0
618 477 0
618 120 0
11 14 0
11 24 0
11 96 0
11 243 0
11 282 0
11 285 0
11 508 0
24 491 0
96 602 0
96 737 0
282 387 0
12 20 0
12 208 0
12 368 0
12 421 0
20 521 0
20 612 0
20 663 0
208 277 0
208 344 0
13 735 0
735 483 0
15 55 0
15 361 0
15 413 0
55 28 0
55 99 0
361 51 0
361 109 0
16 83 0
16 283 0
83 63 0
83 684 0
17 304 0
304 200 0
304 355 0
304 482 0
18 738 0
738 531 0
19 147 0
19 164 0
19 298 0
19 680 0
164 382 0
164 533 0
521 163 0
21 54 0
21 223 0
21 231 0
21 239 0
21 381 0
21 486 0
21 703 0
21 745 0
21 789 0
54 300 0
54 550 0
223 87 0
223 253 0
223 410 0
223 528 0
231 405 0
231 636 0
231 742 0
231 771 0
239 187 0
239 349 0
239 626 0
239 381 0
381 73 0
381 224 0
486 261 0
486 374 0
486 569 0
486 613 0
22 87 0
22 353 0
22 386 0
22 397 0
22 679 0
87 410 0
87 722 0
353 188 0
353 213 0
386 739 0
386 225 0
23 247 0
23 252 0
23 339 0
23 449 0
23 651 0
247 59 0
247 359 0
247 121 0
247 619 0
252 118 0
252 500 0
252 629 0
339 92 0
339 344 0
25 449 0
449 57 0
449 621 0
449 230 0
26 606 0
606 393 0
606 497 0
606 56 0
606 102 0
27 45 0
27 180 0
27 592 0
45 106 0
45 130 0
45 135 0
45 203 0
45 749 0
28 245 0
28 404 0
28 568 0
245 435 0
245 699 0
245 725 0
29 215 0
29 467 0
29 559 0
29 754 0
29 767 0
467 244 0
559 66 0
559 136 0
30 175 0
30 186 0
30 433 0
30 445 0
31 332 0
332 35 0
332 302 0
32 387 0
32 627 0
387 166 0
387 241 0
387 305 0
33 117 0
33 194 0
33 294 0
33 346 0
33 423 0
33 479 0
117 320 0
423 154 0
34 115 0
34 142 0
34 249 0
34 352 0
37 167 0
37 168 0
37 550 0
167 258 0
167 628 0
167 681 0
38 644 0
644 529 0
644 563 0
644 92 0
40 320 0
320 338 0
320 546 0
41 137 0
41 325 0
41 367 0
42 297 0
297 412 0
297 433 0
297 582 0
43 48 0
48 66 0
48 268 0
48 329 0
44 744 0
744 235 0
130 295 0
130 350 0
46 322 0
322 290 0
47 499 0
47 539 0
47 624 0
47 667 0
499 396 0
66 178 0
66 213 0
66 230 0
66 336 0
66 602 0
49 341 0
341 240 0
341 473 0
341 737 0
341 173 0
341 755 0
50 134 0
50 626 0
50 683 0
134 75 0
134 407 0
134 551 0
52 432 0
432 289 0
432 357 0
432 360 0
53 318 0
53 366 0
53 630 0
318 468 0
318 575 0
366 155 0
366 206 0
366 420 0
300 120 0
300 380 0
300 684 0
56 338 0
56 379 0
338 162 0
338 296 0
58 493 0
493 251 0
60 153 0
60 191 0
60 242 0
60 532 0
60 666 0
60 761 0
191 144 0
191 172 0
191 438 0
191 596 0
191 377 0
242 349 0
61 368 0
61 487 0
61 681 0
368 379 0
368 635 0
368 279 0
62 413 0
413 660 0
413 664 0
413 765 0
413 248 0
64 715 0
715 79 0
715 610 0
65 678 0
678 227 0
178 70 0
178 388 0
178 392 0
213 76 0
213 416 0
213 672 0
230 589 0
67 377 0
67 430 0
67 437 0
67 456 0
377 163 0
430 90 0
430 555 0
430 272 0
68 136 0
136 436 0
136 504 0
136 595 0
69 299 0
69 464 0
69 520 0
69 524 0
70 156 0
70 262 0
70 550 0
156 279 0
156 352 0
156 126 0
71 74 0
71 463 0
71 657 0
71 662 0
72 404 0
404 310 0
404 704 0
73 421 0
77 726 0
726 438 0
78 212 0
78 272 0
78 429 0
78 535 0
78 562 0
78 652 0
78 781 0
272 388 0
562 514 0
80 131 0
80 140 0
80 317 0
80 527 0
80 649 0
131 276 0
81 126 0
81 190 0
81 390 0
81 591 0
126 123 0
126 149 0
126 188 0
82 398 0
398 312 0
84 277 0
277 436 0
277 505 0
85 105 0
85 149 0
85 296 0
105 568 0
105 661 0
105 776 0
149 439 0
149 648 0
86 572 0
572 605 0
88 271 0
271 151 0
271 411 0
271 450 0
271 340 0
271 575 0
89 379 0
379 627 0
90 218 0
90 598 0
90 736 0
91 165 0
91 605 0
91 762 0
91 763 0
605 262 0
92 461 0
93 168 0
93 647 0
168 99 0
168 174 0
168 197 0
94 160 0
160 471 0
160 607 0
160 673 0
95 114 0
95 281 0
95 352 0
95 427 0
97 402 0
402 337 0
98 578 0
578 425 0
99 295 0
99 301 0
295 204 0
295 603 0
100 421 0
421 344 0
421 702 0
421 754 0
421 775 0
248 139 0
248 162 0
102 132 0
102 394 0
132 645 0
132 716 0
132 753 0
132 769 0
394 544 0
394 241 0
394 597 0
103 602 0
602 172 0
104 301 0
104 492 0
104 780 0
301 256 0
301 479 0
301 508 0
301 481 0
568 198 0
568 498 0
568 234 0
107 614 0
614 580 0
108 571 0
571 158 0
571 457 0
109 592 0
110 692 0
692 138 0
111 555 0
555 347 0
112 773 0
773 326 0
113 466 0
466 128 0
466 222 0
116 279 0
116 515 0
116 541 0
116 576 0
279 422 0
541 681 0
119 355 0
119 418 0
119 442 0
119 478 0
120 324 0
120 461 0
324 274 0
324 334 0
121 151 0
151 139 0
151 419 0
151 689 0
122 371 0
371 772 0
371 141 0
371 169 0
371 173 0
123 396 0
123 589 0
124 283 0
283 171 0
283 380 0
283 400 0
283 454 0
127 139 0
139 514 0
139 707 0
139 760 0
128 480 0
129 503 0
503 264 0
503 594 0
276 197 0
276 473 0
133 265 0
265 328 0
265 520 0
265 788 0
265 607 0
141 286 0
286 169 0
286 170 0
286 409 0
144 384 0
144 538 0
144 656 0
145 570 0
570 352 0
146 589 0
589 180 0
589 522 0
148 689 0
689 651 0
150 224 0
224 169 0
224 313 0
224 364 0
152 661 0
661 395 0
661 508 0
154 481 0
154 548 0
154 688 0
154 724 0
548 257 0
548 647 0
352 261 0
159 415 0
159 495 0
159 684 0
471 296 0
161 225 0
161 229 0
161 396 0
225 270 0
225 335 0
163 373 0
163 527 0
163 682 0
163 721 0
527 780 0
382 228 0
382 525 0
258 520 0
258 627 0
258 782 0
628 266 0
174 261 0
169 638 0
171 249 0
171 448 0
249 596 0
172 350 0
176 480 0
480 266 0
480 540 0
480 651 0
480 698 0
177 547 0
547 389 0
547 665 0
179 746 0
746 554 0
180 291 0
180 472 0
180 658 0
180 711 0
180 774 0
291 238 0
291 293 0
291 370 0
291 702 0
711 189 0
181 308 0
181 344 0
181 485 0
181 709 0
344 284 0
182 557 0
557 529 0
183 278 0
183 372 0
183 475 0
183 741 0
278 396 0
185 510 0
510 256 0
187 349 0
187 627 0
188 330 0
188 740 0
438 260 0
192 549 0
549 392 0
193 696 0
696 362 0
696 674 0
696 397 0
195 800 0
800 356 0
800 718 0
196 376 0
196 552 0
196 600 0
376 363 0
376 609 0
197 638 0
197 774 0
199 705 0
705 655 0
201 385 0
201 392 0
201 459 0
201 675 0
202 221 0
221 314 0
221 529 0
221 620 0
203 422 0
203 613 0
204 229 0
204 633 0
204 636 0
229 319 0
229 490 0
633 226 0
205 257 0
257 637 0
257 745 0
257 754 0
207 260 0
260 266 0
260 323 0
260 583 0
210 284 0
284 261 0
284 643 0
211 776 0
776 611 0
214 592 0
592 378 0
592 417 0
216 533 0
533 354 0
217 731 0
731 517 0
219 275 0
275 383 0
275 603 0
275 783 0
275 798 0
220 581 0
581 401 0
364 632 0
232 333 0
232 561 0
232 603 0
232 650 0
233 452 0
452 267 0
452 594 0
234 461 0
461 743 0
461 756 0
236 691 0
691 488 0
691 577 0
237 685 0
685 331 0
685 489 0
349 397 0
349 625 0
244 365 0
244 470 0
244 652 0
250 316 0
250 340 0
250 720 0
250 781 0
340 647 0
254 441 0
254 603 0
254 631 0
256 635 0
259 635 0
635 447 0
266 642 0
262 327 0
262 781 0
327 307 0
781 770 0
263 748 0
748 617 0
448 428 0
273 292 0
292 577 0
292 785 0
292 791 0
280 768 0
768 713 0
380 693 0
380 712 0
287 350 0
350 321 0
350 446 0
288 722 0
722 408 0
722 759 0
296 458 0
296 502 0
479 513 0
508 311 0
307 345 0
309 586 0
586 343 0
586 700 0
586 732 0
311 348 0
468 550 0
468 596 0
342 491 0
491 587 0
491 782 0
351 494 0
351 507 0
360 537 0
537 440 0
363 516 0
632 369 0
632 474 0
375 475 0
375 634 0
475 701 0
475 739 0
693 476 0
693 585 0
712 453 0
712 484 0
739 796 0
391 670 0
670 543 0
396 758 0
399 623 0
623 530 0
403 501 0
501 669 0
406 671 0
671 455 0
417 616 0
616 511 0
616 565 0
419 777 0
777 566 0
424 615 0
615 607 0
615 610 0
434 487 0
487 560 0
487 639 0
451 797 0
797 536 0
797 662 0
797 686 0
462 630 0
630 553 0
596 543 0
596 677 0
513 496 0
492 794 0
506 706 0
706 542 0
780 714 0
534 653 0
626 757 0
641 683 0
