952 999 0
1 897 0
897 523 0
2 843 0
843 161 0
843 257 0
843 489 0
3 554 0
554 115 0
554 441 0
554 97 0
554 168 0
4 339 0
339 182 0
339 351 0
339 467 0
339 896 0
5 38 0
5 163 0
5 272 0
5 309 0
5 330 0
5 980 0
38 249 0
38 963 0
163 102 0
163 325 0
163 951 0
272 394 0
272 921 0
309 668 0
309 680 0
309 789 0
6 859 0
859 569 0
859 815 0
7 889 0
889 572 0
889 87 0
889 619 0
8 449 0
449 198 0
449 626 0
449 394 0
9 69 0
9 123 0
9 712 0
69 128 0
69 202 0
69 319 0
69 988 0
123 355 0
123 484 0
123 530 0
123 759 0
123 862 0
10 483 0
483 111 0
483 603 0
11 179 0
179 302 0
179 767 0
179 986 0
12 581 0
581 56 0
581 124 0
13 725 0
725 93 0
725 183 0
14 657 0
657 465 0
657 480 0
657 76 0
657 841 0
15 32 0
15 64 0
15 250 0
15 494 0
15 506 0
15 965 0
64 207 0
64 678 0
250 335 0
250 928 0
16 704 0
704 22 0
704 769 0
17 192 0
192 180 0
192 241 0
192 405 0
18 322 0
18 373 0
18 619 0
322 84 0
322 155 0
322 869 0
322 698 0
322 879 0
19 107 0
19 646 0
19 738 0
19 893 0
20 945 0
945 267 0
21 600 0
600 574 0
23 752 0
752 394 0
752 724 0
24 126 0
24 151 0
24 279 0
24 343 0
126 187 0
126 294 0
151 347 0
151 741 0
25 463 0
463 326 0
463 861 0
463 914 0
26 809 0
809 60 0
809 468 0
27 447 0
447 616 0
447 630 0
447 634 0
28 723 0
723 416 0
723 931 0
723 101 0
723 178 0
29 690 0
29 819 0
29 867 0
29 881 0
690 652 0
819 544 0
819 475 0
819 874 0
30 454 0
454 374 0
454 395 0
454 845 0
31 47 0
31 193 0
31 537 0
31 670 0
47 445 0
47 649 0
47 947 0
193 97 0
193 306 0
193 317 0
193 387 0
537 232 0
537 520 0
537 623 0
537 66 0
537 229 0
33 654 0
654 238 0
654 177 0
654 927 0
34 512 0
512 129 0
512 298 0
512 333 0
512 881 0
35 835 0
835 404 0
835 881 0
835 984 0
36 674 0
674 221 0
674 266 0
674 593 0
37 211 0
211 276 0
211 582 0
211 959 0
39 686 0
686 638 0
686 124 0
686 687 0
40 162 0
40 170 0
40 183 0
40 246 0
40 661 0
41 427 0
427 379 0
427 450 0
427 539 0
42 230 0
230 368 0
230 397 0
230 430 0
43 457 0
457 380 0
457 616 0
44 543 0
543 228 0
543 111 0
543 599 0
45 850 0
850 147 0
850 645 0
850 268 0
850 278 0
46 428 0
428 452 0
428 715 0
428 593 0
428 913 0
48 474 0
48 624 0
48 671 0
48 801 0
624 324 0
624 580 0
49 510 0
49 652 0
49 660 0
510 656 0
510 190 0
50 943 0
943 906 0
943 306 0
943 995 0
51 969 0
969 369 0
969 464 0
969 770 0
52 242 0
52 589 0
52 870 0
52 999 0
242 97 0
242 180 0
53 907 0
907 234 0
907 602 0
54 737 0
737 174 0
737 379 0
737 202 0
55 333 0
55 606 0
55 647 0
55 661 0
333 249 0
57 670 0
670 458 0
670 776 0
58 139 0
139 89 0
139 486 0
139 506 0
139 509 0
59 488 0
488 168 0
488 313 0
488 231 0
488 614 0
61 68 0
61 105 0
61 767 0
61 857 0
62 348 0
348 74 0
348 802 0
348 828 0
63 746 0
746 278 0
746 403 0
207 114 0
207 156 0
207 229 0
207 431 0
207 437 0
65 127 0
65 253 0
65 269 0
65 717 0
65 999 0
253 516 0
66 175 0
175 111 0
175 245 0
175 247 0
175 435 0
67 106 0
106 122 0
106 472 0
106 864 0
202 666 0
70 664 0
70 844 0
70 963 0
664 384 0
664 390 0
664 485 0
71 195 0
71 682 0
71 755 0
71 957 0
72 700 0
700 858 0
700 362 0
73 553 0
73 793 0
73 814 0
73 942 0
75 90 0
90 303 0
90 453 0
90 944 0
76 78 0
76 270 0
76 787 0
78 544 0
270 286 0
270 703 0
270 792 0
270 848 0
77 216 0
77 505 0
77 527 0
77 706 0
216 604 0
216 683 0
216 89 0
79 446 0
79 592 0
79 660 0
79 798 0
446 464 0
446 802 0
446 896 0
592 613 0
592 861 0
592 531 0
592 233 0
80 618 0
618 320 0
81 524 0
524 594 0
524 731 0
524 627 0
82 155 0
82 248 0
82 698 0
82 766 0
155 398 0
155 575 0
248 165 0
248 498 0
698 459 0
83 315 0
83 796 0
315 110 0
315 425 0
315 490 0
315 917 0
85 297 0
297 392 0
297 487 0
297 795 0
86 639 0
639 143 0
639 366 0
87 714 0
714 205 0
714 407 0
714 911 0
714 415 0
714 531 0
88 610 0
610 462 0
610 588 0
89 372 0
303 204 0
303 396 0
303 712 0
303 744 0
303 839 0
91 375 0
91 393 0
91 626 0
91 730 0
626 338 0
626 550 0
92 213 0
213 579 0
213 643 0
213 977 0
94 359 0
359 159 0
359 577 0
359 632 0
359 154 0
359 362 0
95 327 0
327 395 0
327 481 0
327 834 0
96 489 0
96 803 0
96 805 0
489 308 0
489 358 0
803 591 0
803 928 0
97 165 0
165 420 0
165 508 0
165 903 0
98 899 0
899 718 0
899 392 0
899 915 0
99 437 0
437 426 0
437 966 0
100 442 0
100 739 0
100 823 0
101 204 0
101 882 0
204 316 0
204 979 0
103 609 0
609 209 0
609 461 0
609 515 0
104 364 0
364 440 0
364 549 0
364 768 0
108 346 0
108 612 0
108 633 0
108 727 0
108 730 0
108 757 0
633 485 0
633 219 0
727 191 0
109 197 0
197 157 0
197 176 0
197 177 0
197 513 0
197 730 0
112 408 0
112 514 0
112 545 0
112 802 0
113 434 0
434 345 0
434 471 0
114 288 0
116 254 0
116 274 0
116 382 0
116 565 0
382 431 0
117 304 0
304 153 0
304 541 0
304 549 0
304 262 0
118 773 0
773 355 0
773 702 0
119 771 0
771 157 0
771 278 0
771 289 0
120 324 0
324 713 0
121 583 0
583 140 0
583 299 0
583 578 0
355 496 0
124 184 0
124 844 0
184 190 0
184 486 0
125 787 0
787 728 0
787 209 0
130 317 0
130 436 0
130 691 0
130 767 0
317 372 0
317 652 0
436 498 0
436 146 0
131 148 0
131 290 0
131 459 0
131 804 0
132 164 0
164 500 0
164 774 0
164 918 0
133 206 0
206 262 0
206 526 0
206 566 0
134 291 0
291 362 0
291 365 0
291 677 0
291 935 0
135 493 0
135 536 0
135 797 0
135 893 0
136 564 0
564 418 0
564 482 0
564 616 0
137 635 0
635 625 0
138 215 0
215 653 0
215 672 0
215 839 0
486 597 0
486 263 0
141 934 0
934 353 0
142 330 0
330 154 0
330 998 0
144 681 0
681 181 0
681 556 0
145 249 0
249 432 0
249 942 0
146 273 0
146 296 0
146 443 0
149 421 0
421 194 0
421 619 0
421 982 0
150 948 0
948 284 0
347 196 0
347 256 0
347 321 0
152 754 0
754 285 0
153 318 0
153 430 0
398 200 0
398 379 0
398 392 0
156 559 0
156 648 0
156 749 0
157 780 0
158 431 0
158 441 0
158 519 0
431 478 0
431 846 0
441 305 0
159 540 0
159 627 0
159 779 0
540 546 0
540 615 0
540 262 0
627 829 0
160 263 0
263 277 0
263 781 0
500 255 0
500 312 0
166 874 0
874 185 0
874 920 0
874 294 0
167 551 0
167 555 0
167 625 0
167 900 0
555 517 0
169 281 0
281 349 0
281 496 0
281 879 0
281 886 0
171 258 0
258 231 0
258 629 0
258 891 0
172 424 0
424 485 0
424 503 0
424 785 0
173 534 0
534 473 0
534 866 0
534 783 0
177 233 0
177 372 0
233 323 0
372 459 0
372 490 0
372 993 0
178 224 0
178 517 0
178 775 0
224 186 0
224 666 0
224 715 0
224 892 0
517 371 0
517 673 0
517 729 0
180 882 0
190 255 0
190 775 0
187 414 0
187 782 0
187 832 0
187 972 0
782 980 0
188 305 0
305 292 0
305 429 0
305 989 0
189 308 0
308 786 0
308 961 0
255 619 0
255 661 0
255 956 0
191 548 0
191 815 0
191 986 0
548 855 0
548 964 0
548 1000 0
815 199 0
306 373 0
306 678 0
199 209 0
199 643 0
199 656 0
209 294 0
209 387 0
209 637 0
209 986 0
643 448 0
200 558 0
558 264 0
558 568 0
558 893 0
558 575 0
201 967 0
967 370 0
203 282 0
282 337 0
282 778 0
282 867 0
282 949 0
229 222 0
208 225 0
225 651 0
225 861 0
225 880 0
294 796 0
387 550 0
637 538 0
637 587 0
210 550 0
550 563 0
550 778 0
212 683 0
683 223 0
683 438 0
214 499 0
214 560 0
214 590 0
214 767 0
604 547 0
217 498 0
498 507 0
498 883 0
218 312 0
218 318 0
218 688 0
312 243 0
312 409 0
312 415 0
312 506 0
318 677 0
318 705 0
318 831 0
219 439 0
219 576 0
219 578 0
220 936 0
936 636 0
936 933 0
222 433 0
222 691 0
222 808 0
666 707 0
226 373 0
373 336 0
373 529 0
373 734 0
227 531 0
227 601 0
227 621 0
227 699 0
227 747 0
531 516 0
601 571 0
601 730 0
231 323 0
231 980 0
323 444 0
323 470 0
235 779 0
779 847 0
779 991 0
236 395 0
236 549 0
236 841 0
236 656 0
395 688 0
395 710 0
549 288 0
549 799 0
549 912 0
237 905 0
905 399 0
239 519 0
519 783 0
519 946 0
240 361 0
361 893 0
361 924 0
361 997 0
244 852 0
852 578 0
335 697 0
335 807 0
335 902 0
251 502 0
502 352 0
502 419 0
502 464 0
252 620 0
620 702 0
619 838 0
259 422 0
422 340 0
422 756 0
260 552 0
552 344 0
552 394 0
552 573 0
261 743 0
743 628 0
264 377 0
264 829 0
377 354 0
377 650 0
377 732 0
265 455 0
455 392 0
455 954 0
268 748 0
748 501 0
748 755 0
703 379 0
703 411 0
271 571 0
571 477 0
571 567 0
571 695 0
571 351 0
275 777 0
777 410 0
278 798 0
280 829 0
829 756 0
829 968 0
349 411 0
349 763 0
283 341 0
341 490 0
341 529 0
287 544 0
544 916 0
288 597 0
597 605 0
293 582 0
293 608 0
293 652 0
293 783 0
582 525 0
582 842 0
608 360 0
796 430 0
796 625 0
796 864 0
295 504 0
504 307 0
504 875 0
504 625 0
298 730 0
300 821 0
821 391 0
821 662 0
301 937 0
937 841 0
396 707 0
712 547 0
310 721 0
721 356 0
311 693 0
693 331 0
415 631 0
415 759 0
314 350 0
314 378 0
314 753 0
677 780 0
328 973 0
973 381 0
973 430 0
973 873 0
329 533 0
533 460 0
533 663 0
332 611 0
332 775 0
611 783 0
334 631 0
631 764 0
338 593 0
338 757 0
593 360 0
490 417 0
490 920 0
342 985 0
985 726 0
411 584 0
411 685 0
411 923 0
357 464 0
357 920 0
464 836 0
464 879 0
358 423 0
358 479 0
358 806 0
360 760 0
360 851 0
360 894 0
363 887 0
887 459 0
367 585 0
367 622 0
367 695 0
367 711 0
367 762 0
459 856 0
376 826 0
826 557 0
379 501 0
501 758 0
383 709 0
709 485 0
709 720 0
385 904 0
904 817 0
386 684 0
684 596 0
388 740 0
740 750 0
389 568 0
389 658 0
389 884 0
389 885 0
568 882 0
710 535 0
400 417 0
417 570 0
417 742 0
401 655 0
655 805 0
655 811 0
402 932 0
932 497 0
406 492 0
492 822 0
492 855 0
492 940 0
412 844 0
844 701 0
413 448 0
448 922 0
448 994 0
485 928 0
430 800 0
430 910 0
800 722 0
800 756 0
438 719 0
719 491 0
719 908 0
616 780 0
451 469 0
451 475 0
451 921 0
451 756 0
469 912 0
469 841 0
475 676 0
475 895 0
456 788 0
788 575 0
856 562 0
856 694 0
836 607 0
836 716 0
836 751 0
836 761 0
466 912 0
912 812 0
476 840 0
840 794 0
928 999 0
495 516 0
516 542 0
656 818 0
511 708 0
708 659 0
515 841 0
841 871 0
518 598 0
598 532 0
521 842 0
522 810 0
810 930 0
525 561 0
525 669 0
525 877 0
528 580 0
580 938 0
532 759 0
547 660 0
855 741 0
855 953 0
578 818 0
613 707 0
707 990 0
617 921 0
921 665 0
921 858 0
838 745 0
838 759 0
640 763 0
763 644 0
763 772 0
642 871 0
661 958 0
672 775 0
775 989 0
675 758 0
758 941 0
678 692 0
678 816 0
679 824 0
824 689 0
696 837 0
837 865 0
733 882 0
882 820 0
882 878 0
864 993 0
868 963 0
963 933 0
