881 899 0
1 628 0
628 325 0
628 483 0
628 660 0
2 52 0
52 510 0
52 788 0
52 812 0
3 305 0
3 537 0
3 598 0
3 672 0
3 839 0
305 525 0
305 48 0
305 83 0
305 166 0
4 30 0
4 210 0
4 323 0
4 727 0
30 55 0
30 182 0
30 525 0
5 182 0
182 235 0
182 853 0
6 446 0
446 344 0
446 407 0
446 842 0
7 573 0
573 356 0
573 399 0
573 830 0
8 131 0
131 251 0
131 81 0
131 314 0
9 360 0
9 414 0
9 508 0
9 881 0
360 241 0
360 245 0
360 632 0
10 445 0
445 31 0
445 670 0
445 22 0
11 22 0
11 314 0
11 374 0
11 792 0
11 830 0
22 665 0
314 123 0
314 843 0
374 623 0
374 834 0
374 474 0
12 841 0
841 209 0
13 564 0
564 20 0
564 67 0
14 160 0
160 29 0
160 177 0
160 871 0
15 634 0
634 328 0
634 804 0
634 483 0
16 346 0
346 26 0
346 589 0
17 66 0
66 93 0
66 193 0
66 880 0
18 51 0
18 457 0
18 496 0
51 38 0
51 161 0
51 509 0
19 422 0
422 546 0
422 217 0
422 591 0
21 124 0
21 180 0
21 343 0
21 375 0
23 868 0
868 84 0
868 208 0
868 171 0
24 319 0
24 366 0
24 389 0
24 455 0
366 250 0
366 429 0
366 480 0
25 637 0
637 178 0
637 373 0
637 682 0
637 525 0
27 696 0
696 105 0
696 243 0
696 432 0
696 261 0
28 430 0
430 69 0
430 144 0
430 536 0
55 236 0
55 618 0
55 821 0
31 308 0
31 427 0
31 713 0
31 870 0
308 680 0
308 791 0
308 351 0
427 61 0
427 548 0
427 798 0
32 357 0
32 378 0
32 774 0
32 815 0
378 145 0
378 225 0
33 583 0
583 64 0
583 306 0
583 104 0
583 647 0
34 90 0
34 809 0
34 863 0
90 307 0
90 421 0
809 456 0
809 617 0
35 53 0
35 287 0
35 655 0
53 503 0
53 510 0
53 556 0
287 86 0
287 364 0
36 648 0
648 148 0
648 831 0
648 407 0
37 353 0
353 358 0
353 594 0
353 607 0
38 117 0
38 186 0
38 407 0
117 322 0
117 565 0
117 891 0
39 469 0
469 672 0
469 700 0
40 744 0
744 200 0
744 295 0
744 673 0
41 135 0
135 186 0
135 317 0
135 741 0
42 351 0
42 505 0
42 565 0
351 211 0
505 761 0
505 775 0
505 94 0
43 284 0
43 511 0
43 755 0
43 879 0
511 153 0
511 863 0
44 625 0
625 639 0
625 687 0
625 740 0
45 479 0
479 72 0
479 546 0
479 766 0
46 211 0
211 223 0
211 570 0
47 224 0
224 133 0
224 337 0
224 388 0
48 157 0
48 164 0
48 462 0
49 875 0
875 77 0
875 309 0
875 432 0
50 572 0
50 695 0
50 888 0
572 125 0
572 580 0
572 629 0
572 899 0
510 453 0
510 506 0
503 900 0
503 70 0
503 76 0
54 429 0
429 339 0
56 392 0
392 621 0
392 420 0
392 768 0
57 428 0
428 553 0
428 897 0
428 177 0
58 783 0
783 89 0
783 417 0
59 73 0
59 145 0
59 467 0
73 143 0
73 303 0
73 691 0
60 690 0
690 129 0
690 441 0
690 672 0
62 255 0
255 95 0
255 147 0
255 421 0
63 467 0
467 465 0
467 611 0
467 622 0
65 293 0
293 178 0
293 671 0
293 846 0
93 70 0
93 81 0
93 329 0
68 165 0
165 244 0
165 330 0
165 527 0
69 540 0
69 567 0
69 888 0
540 489 0
540 675 0
540 775 0
70 125 0
70 689 0
125 813 0
125 816 0
71 109 0
109 216 0
109 631 0
109 818 0
72 683 0
72 891 0
74 196 0
74 558 0
74 594 0
74 728 0
75 859 0
859 122 0
859 380 0
76 384 0
76 420 0
76 459 0
384 181 0
384 232 0
384 450 0
420 298 0
420 355 0
420 544 0
78 760 0
760 234 0
760 238 0
760 739 0
79 335 0
335 237 0
335 556 0
335 575 0
80 134 0
134 152 0
134 260 0
82 206 0
206 114 0
206 266 0
206 491 0
206 738 0
83 106 0
83 231 0
83 877 0
106 97 0
106 163 0
106 294 0
231 565 0
231 270 0
85 494 0
85 645 0
85 740 0
494 218 0
494 240 0
494 615 0
645 491 0
645 658 0
645 799 0
645 866 0
87 854 0
854 439 0
854 298 0
854 534 0
88 550 0
550 338 0
550 482 0
550 459 0
307 332 0
307 549 0
307 664 0
91 407 0
91 588 0
91 722 0
91 747 0
92 623 0
623 464 0
623 724 0
94 432 0
94 491 0
94 706 0
432 797 0
491 481 0
96 886 0
886 110 0
886 146 0
886 246 0
97 139 0
97 535 0
97 574 0
97 657 0
98 161 0
161 126 0
161 448 0
99 627 0
627 132 0
627 140 0
627 620 0
100 333 0
333 201 0
333 421 0
101 383 0
383 433 0
383 620 0
383 771 0
102 297 0
102 513 0
102 514 0
102 590 0
103 780 0
780 656 0
780 876 0
780 221 0
780 520 0
104 484 0
484 141 0
484 171 0
484 336 0
107 885 0
885 675 0
108 300 0
108 412 0
108 644 0
300 257 0
300 514 0
300 835 0
300 883 0
216 261 0
216 270 0
216 318 0
111 343 0
111 520 0
111 746 0
111 811 0
343 217 0
343 581 0
343 630 0
520 166 0
112 331 0
331 190 0
331 515 0
113 225 0
225 256 0
225 498 0
115 154 0
115 324 0
115 582 0
115 617 0
116 731 0
731 382 0
731 585 0
731 732 0
322 158 0
322 198 0
118 241 0
241 409 0
241 695 0
241 710 0
119 613 0
613 219 0
613 273 0
613 620 0
120 258 0
120 404 0
120 825 0
120 890 0
121 188 0
188 262 0
188 310 0
188 556 0
123 568 0
123 616 0
123 829 0
127 543 0
543 288 0
543 419 0
128 367 0
367 443 0
130 773 0
773 737 0
773 234 0
773 848 0
133 561 0
133 638 0
133 887 0
561 213 0
561 470 0
561 845 0
186 361 0
186 579 0
136 204 0
204 380 0
204 693 0
204 832 0
137 163 0
163 167 0
163 765 0
138 779 0
779 212 0
779 369 0
779 244 0
142 711 0
711 265 0
145 359 0
145 720 0
145 795 0
149 326 0
326 246 0
326 688 0
150 506 0
506 425 0
506 528 0
151 299 0
151 312 0
151 759 0
151 873 0
153 674 0
153 712 0
153 752 0
155 745 0
745 673 0
156 753 0
753 340 0
753 244 0
753 867 0
158 576 0
158 729 0
158 736 0
158 751 0
576 289 0
576 387 0
576 661 0
576 668 0
159 215 0
159 456 0
159 652 0
159 669 0
456 545 0
162 769 0
769 302 0
769 424 0
769 556 0
244 713 0
166 194 0
166 233 0
166 277 0
168 354 0
168 534 0
168 786 0
168 814 0
534 524 0
534 245 0
169 579 0
579 272 0
579 635 0
170 749 0
749 234 0
749 447 0
749 650 0
171 642 0
171 863 0
642 179 0
642 249 0
642 436 0
863 682 0
863 529 0
172 397 0
397 296 0
397 673 0
397 893 0
173 442 0
442 269 0
442 444 0
442 502 0
442 622 0
174 278 0
174 281 0
174 587 0
175 480 0
480 239 0
480 822 0
176 481 0
481 279 0
481 735 0
177 214 0
177 270 0
214 301 0
214 460 0
214 468 0
270 705 0
178 694 0
178 891 0
181 217 0
181 396 0
181 569 0
181 609 0
217 547 0
183 630 0
630 228 0
630 663 0
184 778 0
778 254 0
778 386 0
778 700 0
185 545 0
545 415 0
545 458 0
361 363 0
361 471 0
361 614 0
187 813 0
813 290 0
813 403 0
813 756 0
189 665 0
665 639 0
665 785 0
665 898 0
191 560 0
560 754 0
560 823 0
192 197 0
197 286 0
197 585 0
197 890 0
195 453 0
453 261 0
453 833 0
198 321 0
198 708 0
321 402 0
321 697 0
321 849 0
708 461 0
708 619 0
708 699 0
199 245 0
199 250 0
199 713 0
199 565 0
245 594 0
250 246 0
202 483 0
202 681 0
202 767 0
483 608 0
483 869 0
203 686 0
686 393 0
686 517 0
686 654 0
380 431 0
380 532 0
205 316 0
316 473 0
316 659 0
207 888 0
220 824 0
824 440 0
824 719 0
824 246 0
221 355 0
221 713 0
355 605 0
355 683 0
355 861 0
355 894 0
222 318 0
318 410 0
318 507 0
226 801 0
801 636 0
801 707 0
227 253 0
253 291 0
253 782 0
253 554 0
229 816 0
816 242 0
816 377 0
230 332 0
332 547 0
332 684 0
332 740 0
232 320 0
232 350 0
232 653 0
234 887 0
409 552 0
713 759 0
246 683 0
247 315 0
247 474 0
247 554 0
247 726 0
248 608 0
608 495 0
608 715 0
252 451 0
451 604 0
451 390 0
451 649 0
259 776 0
776 732 0
263 736 0
736 851 0
736 855 0
264 694 0
694 490 0
694 717 0
267 477 0
477 449 0
477 617 0
477 633 0
268 603 0
603 418 0
603 531 0
271 524 0
524 352 0
524 557 0
524 808 0
274 463 0
463 395 0
463 764 0
275 313 0
313 675 0
313 758 0
313 772 0
276 327 0
276 647 0
276 763 0
276 806 0
647 891 0
647 304 0
280 549 0
549 624 0
549 836 0
549 574 0
282 681 0
681 596 0
681 676 0
283 435 0
435 497 0
435 610 0
435 877 0
285 466 0
466 459 0
466 486 0
466 698 0
292 803 0
803 586 0
294 341 0
294 679 0
294 790 0
679 493 0
298 887 0
514 869 0
514 601 0
304 349 0
304 519 0
304 541 0
304 805 0
311 411 0
311 472 0
311 705 0
311 889 0
329 345 0
329 476 0
329 685 0
547 400 0
334 638 0
638 485 0
638 530 0
638 602 0
342 555 0
555 371 0
555 654 0
555 444 0
555 777 0
581 673 0
347 834 0
348 459 0
348 701 0
348 762 0
348 864 0
362 796 0
796 370 0
796 492 0
365 767 0
767 518 0
767 526 0
368 601 0
601 406 0
601 521 0
372 599 0
599 706 0
599 716 0
599 784 0
376 400 0
400 390 0
400 578 0
400 678 0
379 551 0
551 504 0
551 562 0
381 544 0
544 426 0
544 651 0
544 714 0
382 775 0
385 612 0
612 500 0
612 617 0
612 387 0
612 850 0
387 709 0
390 398 0
398 501 0
398 721 0
398 794 0
398 882 0
391 522 0
391 523 0
391 705 0
391 738 0
705 819 0
394 509 0
509 793 0
509 856 0
401 640 0
640 554 0
640 667 0
640 862 0
405 567 0
567 557 0
567 566 0
408 493 0
408 709 0
493 703 0
493 738 0
412 622 0
412 704 0
412 860 0
412 895 0
622 532 0
413 606 0
413 702 0
413 896 0
416 781 0
781 597 0
781 654 0
781 733 0
421 807 0
807 438 0
807 475 0
807 802 0
546 532 0
423 450 0
450 574 0
450 826 0
797 478 0
434 751 0
751 539 0
751 563 0
437 664 0
664 595 0
664 858 0
452 593 0
593 489 0
593 857 0
454 644 0
644 689 0
644 530 0
487 820 0
820 529 0
488 709 0
709 512 0
709 639 0
499 677 0
677 518 0
677 559 0
677 695 0
677 724 0
900 792 0
775 620 0
775 828 0
775 532 0
516 843 0
529 542 0
529 844 0
542 584 0
542 646 0
542 682 0
533 819 0
819 718 0
538 552 0
552 594 0
552 748 0
554 626 0
626 691 0
626 695 0
626 876 0
557 740 0
571 872 0
872 827 0
577 641 0
641 723 0
641 750 0
592 655 0
655 600 0
655 666 0
639 887 0
632 662 0
632 724 0
632 742 0
632 800 0
643 844 0
844 757 0
844 787 0
792 887 0
