665 699 0
1 190 0
1 246 0
1 427 0
1 612 0
190 305 0
190 660 0
2 576 0
576 299 0
576 478 0
3 324 0
3 651 0
324 93 0
324 581 0
324 44 0
324 653 0
4 211 0
211 109 0
211 180 0
5 55 0
5 58 0
5 199 0
5 245 0
5 367 0
55 284 0
55 645 0
245 167 0
6 72 0
6 419 0
72 137 0
72 380 0
72 597 0
72 691 0
7 138 0
7 156 0
7 226 0
7 234 0
7 289 0
7 483 0
7 586 0
7 693 0
138 286 0
138 301 0
138 144 0
156 381 0
156 642 0
226 257 0
226 487 0
226 489 0
226 631 0
226 98 0
234 79 0
234 561 0
289 38 0
289 449 0
289 533 0
289 678 0
289 605 0
483 499 0
8 179 0
179 95 0
179 100 0
9 53 0
53 132 0
53 506 0
53 586 0
10 46 0
10 343 0
10 475 0
10 545 0
11 660 0
660 208 0
660 632 0
12 667 0
667 373 0
13 223 0
223 112 0
223 626 0
223 669 0
14 51 0
51 188 0
51 276 0
51 313 0
15 375 0
375 205 0
375 408 0
375 613 0
16 25 0
16 128 0
16 130 0
16 429 0
25 272 0
25 562 0
25 700 0
128 143 0
128 237 0
128 281 0
128 303 0
17 133 0
17 184 0
17 274 0
17 673 0
133 98 0
133 108 0
133 596 0
133 515 0
18 200 0
18 354 0
18 515 0
200 36 0
200 85 0
200 173 0
354 57 0
354 135 0
19 259 0
19 336 0
19 488 0
19 531 0
336 91 0
336 107 0
20 44 0
20 119 0
20 263 0
20 658 0
44 271 0
21 193 0
193 146 0
193 412 0
193 566 0
193 261 0
193 639 0
22 80 0
22 517 0
22 635 0
22 647 0
23 126 0
23 310 0
23 387 0
126 181 0
126 493 0
310 304 0
310 405 0
310 473 0
310 189 0
24 265 0
24 316 0
24 414 0
24 440 0
24 590 0
24 622 0
265 74 0
265 351 0
265 487 0
265 630 0
414 76 0
414 378 0
440 153 0
26 655 0
655 328 0
27 111 0
27 284 0
111 160 0
111 172 0
111 441 0
111 458 0
111 563 0
111 644 0
28 74 0
74 185 0
74 365 0
29 386 0
386 164 0
386 165 0
386 492 0
30 426 0
30 476 0
30 657 0
30 695 0
476 54 0
31 334 0
31 396 0
31 631 0
334 416 0
334 433 0
32 694 0
694 213 0
694 471 0
33 115 0
115 206 0
115 453 0
115 602 0
34 91 0
91 125 0
91 238 0
91 410 0
91 429 0
91 634 0
35 176 0
176 127 0
176 639 0
176 666 0
36 237 0
36 322 0
36 466 0
36 523 0
237 284 0
322 82 0
322 161 0
37 497 0
497 326 0
497 544 0
38 131 0
38 309 0
38 526 0
38 598 0
309 76 0
39 399 0
399 295 0
399 365 0
399 420 0
40 387 0
387 89 0
387 464 0
387 248 0
41 649 0
649 59 0
649 656 0
42 54 0
54 228 0
54 332 0
54 425 0
54 604 0
43 511 0
511 574 0
271 509 0
271 593 0
45 158 0
158 175 0
158 368 0
158 482 0
158 168 0
47 393 0
393 123 0
393 383 0
393 135 0
393 591 0
48 525 0
525 371 0
525 607 0
525 140 0
525 663 0
49 284 0
49 330 0
49 402 0
49 570 0
49 619 0
284 600 0
284 243 0
50 312 0
50 491 0
50 648 0
52 147 0
52 186 0
52 475 0
52 492 0
147 81 0
147 248 0
147 295 0
147 539 0
186 75 0
186 83 0
186 640 0
228 515 0
228 172 0
228 675 0
332 107 0
332 219 0
332 381 0
56 357 0
56 421 0
56 539 0
56 616 0
57 397 0
57 487 0
397 290 0
397 372 0
60 281 0
281 555 0
281 633 0
61 587 0
587 446 0
62 418 0
418 315 0
418 558 0
418 240 0
418 135 0
63 344 0
63 474 0
63 569 0
63 651 0
344 241 0
344 294 0
344 489 0
344 103 0
344 629 0
474 398 0
474 589 0
64 73 0
64 256 0
64 637 0
73 101 0
73 262 0
73 547 0
73 549 0
65 364 0
364 235 0
66 569 0
569 266 0
569 465 0
67 588 0
588 490 0
68 407 0
407 218 0
407 434 0
69 618 0
618 191 0
70 144 0
70 302 0
70 306 0
70 406 0
144 106 0
302 155 0
302 268 0
302 535 0
71 79 0
79 479 0
79 505 0
137 107 0
137 379 0
101 203 0
101 296 0
75 120 0
75 171 0
75 554 0
75 645 0
76 177 0
76 409 0
76 456 0
76 672 0
76 697 0
409 292 0
409 559 0
409 572 0
77 288 0
288 537 0
288 579 0
288 599 0
288 172 0
78 154 0
154 168 0
154 261 0
154 388 0
154 537 0
479 436 0
83 444 0
83 461 0
83 545 0
83 596 0
545 274 0
545 159 0
545 258 0
84 436 0
86 404 0
404 244 0
404 300 0
404 248 0
87 254 0
87 350 0
87 592 0
87 627 0
87 656 0
88 466 0
466 122 0
466 224 0
90 127 0
90 371 0
90 396 0
90 415 0
90 645 0
127 538 0
371 277 0
371 196 0
396 159 0
396 567 0
396 622 0
410 247 0
92 445 0
445 342 0
445 463 0
445 495 0
94 401 0
401 501 0
401 625 0
96 352 0
352 657 0
97 439 0
439 166 0
439 437 0
98 112 0
98 178 0
98 201 0
112 504 0
178 141 0
178 189 0
178 252 0
178 450 0
99 690 0
690 145 0
203 197 0
203 346 0
102 363 0
363 157 0
363 347 0
103 108 0
103 169 0
103 603 0
108 113 0
108 333 0
108 429 0
169 167 0
169 261 0
169 370 0
169 478 0
169 602 0
104 448 0
448 170 0
105 481 0
481 311 0
481 400 0
106 214 0
106 561 0
106 620 0
110 553 0
553 278 0
553 366 0
553 300 0
160 251 0
160 323 0
160 642 0
114 220 0
114 438 0
114 503 0
114 603 0
438 345 0
438 362 0
116 153 0
153 123 0
153 435 0
153 443 0
117 351 0
118 232 0
232 129 0
232 692 0
232 697 0
121 280 0
280 313 0
280 391 0
280 462 0
123 433 0
124 243 0
243 140 0
243 255 0
243 528 0
143 187 0
143 469 0
130 377 0
130 390 0
130 543 0
134 498 0
498 326 0
136 285 0
285 139 0
285 235 0
286 253 0
286 331 0
301 423 0
301 520 0
301 662 0
139 455 0
140 652 0
141 605 0
142 335 0
335 221 0
335 268 0
148 455 0
455 235 0
455 609 0
455 683 0
149 256 0
256 385 0
256 645 0
150 419 0
419 367 0
419 550 0
419 681 0
151 183 0
151 297 0
151 348 0
151 487 0
183 196 0
183 207 0
183 435 0
183 514 0
297 209 0
297 376 0
297 392 0
297 534 0
152 684 0
684 239 0
684 507 0
159 300 0
159 477 0
159 642 0
300 247 0
300 432 0
300 540 0
251 163 0
251 282 0
251 467 0
251 485 0
162 578 0
162 596 0
162 642 0
578 318 0
167 598 0
167 675 0
174 651 0
651 611 0
189 640 0
252 222 0
252 229 0
252 269 0
182 595 0
595 542 0
595 665 0
305 240 0
192 306 0
306 492 0
306 696 0
412 298 0
194 424 0
424 260 0
424 442 0
195 296 0
296 417 0
296 677 0
198 348 0
198 602 0
348 227 0
348 628 0
201 235 0
202 219 0
219 264 0
219 422 0
204 225 0
204 279 0
204 560 0
279 337 0
279 395 0
210 552 0
552 360 0
212 395 0
395 338 0
215 431 0
431 283 0
216 538 0
538 687 0
538 292 0
217 319 0
319 415 0
218 314 0
218 433 0
218 523 0
314 327 0
314 601 0
257 293 0
487 467 0
515 270 0
230 652 0
652 469 0
231 678 0
678 369 0
233 450 0
450 513 0
450 519 0
236 605 0
605 541 0
240 249 0
249 250 0
249 389 0
249 634 0
249 596 0
242 381 0
381 392 0
247 510 0
247 530 0
247 557 0
557 600 0
258 457 0
258 529 0
258 564 0
267 512 0
512 275 0
512 594 0
273 640 0
640 614 0
274 624 0
277 308 0
277 384 0
277 606 0
277 686 0
337 492 0
337 582 0
313 362 0
287 454 0
454 492 0
454 563 0
291 355 0
355 367 0
292 693 0
293 356 0
293 585 0
293 602 0
295 320 0
295 596 0
298 398 0
298 561 0
398 469 0
398 631 0
303 478 0
303 523 0
303 606 0
307 575 0
575 562 0
317 406 0
406 671 0
406 682 0
323 411 0
323 430 0
325 637 0
637 382 0
416 613 0
416 682 0
582 631 0
582 679 0
339 403 0
403 548 0
340 685 0
685 536 0
341 577 0
577 584 0
577 596 0
345 460 0
349 524 0
524 358 0
524 606 0
524 646 0
353 624 0
624 643 0
367 675 0
359 610 0
610 484 0
610 617 0
361 621 0
361 642 0
374 468 0
374 516 0
379 428 0
379 500 0
391 602 0
602 679 0
567 688 0
413 504 0
504 496 0
504 522 0
463 639 0
451 568 0
568 546 0
452 551 0
551 502 0
563 697 0
472 486 0
486 494 0
486 617 0
486 641 0
574 527 0
539 679 0
562 675 0
688 647 0
586 693 0
