577 599 0
1 26 0
1 30 0
1 294 0
1 497 0
30 31 0
30 84 0
2 6 0
2 129 0
2 185 0
2 279 0
6 16 0
6 73 0
6 125 0
129 382 0
185 93 0
185 451 0
185 569 0
3 162 0
162 103 0
162 422 0
162 467 0
4 44 0
4 207 0
4 256 0
4 375 0
44 43 0
44 46 0
44 121 0
207 201 0
207 248 0
207 452 0
5 40 0
5 105 0
5 167 0
5 269 0
5 559 0
40 202 0
40 470 0
40 495 0
105 320 0
7 22 0
22 107 0
22 390 0
22 594 0
8 398 0
398 42 0
398 257 0
398 545 0
9 500 0
500 276 0
500 368 0
500 76 0
10 415 0
415 81 0
415 89 0
415 486 0
11 537 0
537 204 0
12 521 0
521 177 0
13 47 0
13 303 0
13 356 0
13 590 0
47 406 0
47 417 0
47 541 0
47 583 0
14 80 0
80 23 0
80 194 0
80 196 0
15 165 0
165 345 0
165 455 0
165 28 0
165 488 0
17 171 0
17 502 0
17 518 0
171 88 0
171 182 0
171 378 0
171 589 0
18 38 0
38 95 0
38 176 0
38 224 0
38 453 0
19 578 0
578 116 0
20 56 0
20 339 0
20 361 0
20 460 0
20 473 0
20 561 0
460 299 0
21 430 0
430 246 0
430 253 0
430 281 0
24 148 0
148 95 0
148 132 0
148 184 0
148 513 0
25 166 0
25 245 0
25 429 0
25 543 0
25 579 0
166 261 0
245 110 0
245 541 0
429 375 0
429 65 0
27 29 0
27 36 0
27 220 0
27 401 0
27 592 0
36 348 0
36 427 0
36 501 0
28 48 0
28 83 0
48 78 0
48 183 0
48 333 0
48 412 0
83 158 0
83 238 0
83 591 0
31 289 0
31 306 0
31 373 0
289 410 0
289 462 0
289 70 0
32 172 0
32 332 0
32 347 0
32 457 0
32 561 0
172 161 0
172 197 0
347 57 0
347 93 0
347 305 0
33 477 0
33 522 0
477 124 0
477 213 0
477 242 0
477 479 0
34 256 0
256 120 0
256 180 0
35 277 0
277 244 0
277 286 0
277 323 0
348 423 0
427 306 0
427 292 0
37 63 0
37 160 0
37 322 0
37 424 0
37 441 0
63 358 0
63 558 0
160 110 0
160 331 0
160 194 0
95 375 0
39 496 0
496 397 0
496 416 0
496 308 0
496 586 0
202 91 0
202 259 0
202 315 0
202 376 0
470 270 0
41 299 0
299 149 0
299 174 0
299 487 0
45 181 0
45 309 0
45 450 0
45 506 0
46 206 0
206 462 0
206 558 0
206 573 0
406 79 0
406 144 0
406 55 0
406 153 0
417 108 0
49 588 0
588 186 0
50 226 0
226 145 0
226 431 0
226 164 0
226 493 0
51 71 0
51 89 0
51 447 0
51 583 0
89 55 0
89 380 0
89 478 0
52 319 0
319 228 0
319 553 0
53 281 0
53 301 0
53 542 0
53 546 0
281 205 0
281 385 0
54 295 0
295 96 0
295 450 0
295 534 0
55 490 0
57 227 0
57 231 0
57 304 0
57 333 0
57 581 0
227 536 0
227 333 0
304 438 0
333 175 0
333 541 0
58 519 0
519 326 0
59 75 0
59 283 0
59 395 0
59 476 0
60 193 0
193 291 0
193 373 0
193 409 0
61 203 0
61 323 0
61 387 0
61 469 0
203 103 0
203 260 0
203 275 0
323 372 0
323 508 0
323 583 0
62 435 0
435 252 0
435 383 0
64 462 0
462 491 0
65 77 0
65 104 0
65 363 0
65 450 0
77 320 0
77 438 0
104 191 0
363 218 0
66 216 0
66 229 0
66 307 0
66 540 0
67 353 0
67 373 0
67 436 0
67 466 0
373 480 0
68 528 0
68 547 0
68 571 0
68 593 0
69 174 0
69 317 0
69 498 0
69 530 0
69 596 0
174 293 0
174 379 0
70 72 0
70 111 0
70 249 0
74 293 0
293 421 0
293 572 0
76 113 0
113 285 0
113 290 0
113 420 0
320 192 0
320 241 0
320 154 0
82 200 0
200 311 0
200 338 0
200 597 0
84 155 0
84 328 0
84 485 0
84 560 0
328 577 0
85 168 0
168 240 0
168 391 0
168 437 0
168 502 0
86 280 0
280 242 0
280 117 0
280 370 0
87 382 0
382 290 0
88 434 0
380 306 0
380 308 0
90 139 0
90 403 0
90 494 0
90 530 0
90 564 0
91 371 0
92 150 0
92 191 0
92 414 0
92 484 0
191 575 0
94 337 0
94 543 0
94 564 0
94 586 0
337 511 0
543 272 0
543 518 0
97 119 0
97 343 0
97 461 0
97 585 0
98 552 0
552 268 0
552 327 0
552 378 0
99 399 0
399 123 0
399 234 0
399 164 0
100 305 0
305 127 0
305 134 0
305 135 0
305 545 0
101 357 0
357 473 0
102 573 0
573 483 0
103 212 0
103 508 0
212 217 0
212 230 0
212 459 0
106 164 0
106 258 0
106 362 0
106 510 0
164 137 0
109 555 0
555 325 0
555 544 0
555 326 0
555 600 0
110 400 0
110 489 0
112 329 0
329 190 0
329 271 0
114 140 0
140 117 0
140 154 0
140 156 0
140 242 0
115 463 0
463 266 0
463 464 0
117 275 0
117 371 0
275 481 0
118 523 0
523 509 0
122 214 0
122 282 0
122 503 0
122 577 0
126 330 0
330 131 0
128 354 0
128 388 0
128 563 0
128 580 0
130 438 0
438 142 0
438 587 0
133 434 0
434 267 0
434 577 0
135 316 0
136 426 0
426 152 0
137 345 0
137 389 0
137 420 0
345 310 0
345 265 0
389 262 0
138 365 0
365 141 0
365 233 0
365 284 0
154 557 0
143 582 0
582 535 0
146 292 0
146 374 0
146 454 0
146 565 0
292 352 0
292 402 0
147 516 0
516 189 0
516 338 0
516 151 0
516 419 0
151 381 0
151 508 0
381 316 0
381 369 0
157 557 0
557 219 0
557 574 0
159 558 0
558 250 0
558 313 0
558 378 0
331 344 0
161 450 0
161 482 0
161 554 0
450 522 0
163 393 0
393 274 0
169 514 0
514 278 0
514 444 0
170 188 0
188 235 0
188 236 0
188 584 0
173 261 0
261 225 0
261 474 0
261 531 0
261 545 0
175 264 0
178 532 0
532 338 0
532 420 0
179 263 0
263 392 0
263 235 0
184 197 0
197 432 0
197 505 0
197 585 0
187 296 0
296 522 0
296 548 0
296 591 0
195 372 0
372 394 0
198 342 0
198 433 0
198 561 0
198 562 0
199 260 0
260 210 0
260 475 0
260 540 0
205 224 0
205 440 0
205 443 0
208 265 0
208 334 0
265 215 0
265 221 0
209 218 0
218 298 0
218 394 0
218 448 0
211 279 0
279 232 0
279 251 0
222 358 0
358 233 0
358 340 0
223 297 0
223 507 0
223 570 0
223 571 0
507 379 0
233 300 0
233 533 0
300 254 0
300 413 0
300 492 0
533 378 0
237 366 0
366 316 0
239 312 0
312 458 0
312 472 0
242 385 0
385 316 0
385 574 0
243 310 0
310 318 0
310 364 0
310 437 0
247 428 0
428 351 0
255 511 0
511 439 0
262 404 0
262 566 0
262 530 0
272 290 0
272 522 0
272 571 0
290 371 0
273 378 0
273 490 0
287 410 0
410 302 0
288 480 0
480 334 0
480 529 0
371 405 0
371 408 0
352 324 0
314 538 0
538 349 0
321 551 0
551 512 0
508 520 0
508 561 0
326 375 0
375 495 0
375 549 0
541 520 0
541 585 0
541 501 0
334 540 0
338 414 0
414 598 0
346 425 0
425 501 0
360 471 0
471 396 0
471 407 0
471 584 0
367 490 0
490 502 0
490 517 0
377 502 0
377 520 0
502 595 0
386 478 0
598 579 0
442 536 0
536 476 0
536 527 0
446 526 0
526 504 0
481 539 0
481 568 0
518 594 0
