792 799 0
1 14 0
1 76 0
1 187 0
14 208 0
14 503 0
14 721 0
14 753 0
2 212 0
2 429 0
2 450 0
2 579 0
2 686 0
212 674 0
212 64 0
3 29 0
3 66 0
3 112 0
3 652 0
29 27 0
29 234 0
29 560 0
66 21 0
66 178 0
66 330 0
4 754 0
754 228 0
754 616 0
5 259 0
5 316 0
5 593 0
5 607 0
316 215 0
316 284 0
316 640 0
316 348 0
6 717 0
717 515 0
7 148 0
7 384 0
7 392 0
7 532 0
7 626 0
148 270 0
148 438 0
148 761 0
384 655 0
8 625 0
625 87 0
625 101 0
625 513 0
9 201 0
9 390 0
9 433 0
9 714 0
10 729 0
729 455 0
729 310 0
729 494 0
11 48 0
11 93 0
11 321 0
11 403 0
93 188 0
93 377 0
93 666 0
12 394 0
394 102 0
394 174 0
394 622 0
13 44 0
13 46 0
13 98 0
44 18 0
44 496 0
15 42 0
15 552 0
15 584 0
15 637 0
16 769 0
769 701 0
17 89 0
17 310 0
17 645 0
17 785 0
310 121 0
310 377 0
18 103 0
18 317 0
18 401 0
18 519 0
317 296 0
317 511 0
317 512 0
19 246 0
19 347 0
19 491 0
19 594 0
246 124 0
246 664 0
20 309 0
309 130 0
309 454 0
309 726 0
22 30 0
22 318 0
22 595 0
22 648 0
30 81 0
30 451 0
30 765 0
318 377 0
318 632 0
318 466 0
23 105 0
105 418 0
105 732 0
105 433 0
24 576 0
576 304 0
576 343 0
576 358 0
25 765 0
765 417 0
765 482 0
26 467 0
467 123 0
467 465 0
467 516 0
28 600 0
600 34 0
600 770 0
600 414 0
81 156 0
81 435 0
81 682 0
31 295 0
295 407 0
295 528 0
295 537 0
295 575 0
32 312 0
32 615 0
32 639 0
32 743 0
615 80 0
615 255 0
615 367 0
33 58 0
58 79 0
58 358 0
58 527 0
35 514 0
514 301 0
514 636 0
36 131 0
36 632 0
36 657 0
131 67 0
131 572 0
131 702 0
37 61 0
37 296 0
37 405 0
37 602 0
61 40 0
61 505 0
61 620 0
296 646 0
38 70 0
38 187 0
38 458 0
38 554 0
70 64 0
70 114 0
187 267 0
187 286 0
187 427 0
187 490 0
39 416 0
416 84 0
416 275 0
416 539 0
41 441 0
41 547 0
41 589 0
41 703 0
43 126 0
126 283 0
126 679 0
126 738 0
45 127 0
127 62 0
127 235 0
127 633 0
47 388 0
388 351 0
388 546 0
388 673 0
49 73 0
73 728 0
73 792 0
73 795 0
50 54 0
50 114 0
50 438 0
50 775 0
54 145 0
54 345 0
54 614 0
114 445 0
114 575 0
114 581 0
51 134 0
51 430 0
51 585 0
51 667 0
134 407 0
134 721 0
430 122 0
430 439 0
430 725 0
52 261 0
52 305 0
52 526 0
52 574 0
53 555 0
555 59 0
555 679 0
555 762 0
55 538 0
538 288 0
538 723 0
538 437 0
56 623 0
623 371 0
623 669 0
623 579 0
57 158 0
57 302 0
57 374 0
57 695 0
158 490 0
158 740 0
60 595 0
60 608 0
60 739 0
60 788 0
63 342 0
342 278 0
342 472 0
342 758 0
64 287 0
64 731 0
64 757 0
64 764 0
287 196 0
287 398 0
287 712 0
731 82 0
731 294 0
731 553 0
757 402 0
757 668 0
757 774 0
764 633 0
764 657 0
65 101 0
65 211 0
65 231 0
65 279 0
65 697 0
101 90 0
101 652 0
211 548 0
211 632 0
67 249 0
67 376 0
67 438 0
249 436 0
249 673 0
249 716 0
68 258 0
68 447 0
68 749 0
68 752 0
447 209 0
447 367 0
447 254 0
69 709 0
709 426 0
709 463 0
709 483 0
71 209 0
209 264 0
209 542 0
209 461 0
72 486 0
72 624 0
72 652 0
486 99 0
486 273 0
486 598 0
624 197 0
624 541 0
624 631 0
74 653 0
653 137 0
653 591 0
75 453 0
453 354 0
453 558 0
76 276 0
76 362 0
76 526 0
77 325 0
77 611 0
77 648 0
78 549 0
549 157 0
549 282 0
80 104 0
80 266 0
80 540 0
83 689 0
689 160 0
689 245 0
84 376 0
84 434 0
84 548 0
376 472 0
376 698 0
85 95 0
85 163 0
85 477 0
85 678 0
95 358 0
95 572 0
95 590 0
163 411 0
163 524 0
163 588 0
86 173 0
86 393 0
86 404 0
88 681 0
681 118 0
681 744 0
681 646 0
90 194 0
90 577 0
90 760 0
91 252 0
252 102 0
252 202 0
252 356 0
92 641 0
641 698 0
641 748 0
641 756 0
188 168 0
188 229 0
188 385 0
94 659 0
659 340 0
659 412 0
659 311 0
358 329 0
96 119 0
96 236 0
96 746 0
96 780 0
97 285 0
97 292 0
97 348 0
97 698 0
97 737 0
348 125 0
100 255 0
255 365 0
255 507 0
255 789 0
102 440 0
102 674 0
106 606 0
606 610 0
606 311 0
606 643 0
107 520 0
520 272 0
520 550 0
108 135 0
108 433 0
108 573 0
108 599 0
433 664 0
109 432 0
109 461 0
109 665 0
109 721 0
109 735 0
461 113 0
110 678 0
678 522 0
678 571 0
111 242 0
111 479 0
111 670 0
242 164 0
242 251 0
242 578 0
242 746 0
112 172 0
112 307 0
112 341 0
113 207 0
113 629 0
113 663 0
207 419 0
207 466 0
207 570 0
629 171 0
629 516 0
575 661 0
115 284 0
284 349 0
284 779 0
116 289 0
116 361 0
116 424 0
116 781 0
289 136 0
289 409 0
289 478 0
117 155 0
155 221 0
155 355 0
155 795 0
120 683 0
683 499 0
683 791 0
683 616 0
121 293 0
121 324 0
121 497 0
124 422 0
124 566 0
124 742 0
125 399 0
125 472 0
125 793 0
472 525 0
283 563 0
283 477 0
679 377 0
679 352 0
128 391 0
391 222 0
391 449 0
391 518 0
129 184 0
184 183 0
184 220 0
130 151 0
130 280 0
130 366 0
130 661 0
151 147 0
151 703 0
151 572 0
280 143 0
280 210 0
280 225 0
132 798 0
798 492 0
133 257 0
257 170 0
257 350 0
257 551 0
407 400 0
136 237 0
136 562 0
136 586 0
138 451 0
451 217 0
451 642 0
451 784 0
139 152 0
139 346 0
139 613 0
139 684 0
140 478 0
478 223 0
478 713 0
141 352 0
352 565 0
352 609 0
142 244 0
142 319 0
142 413 0
144 484 0
484 605 0
484 147 0
484 267 0
146 400 0
400 543 0
147 253 0
147 621 0
253 175 0
253 656 0
253 745 0
270 452 0
270 533 0
270 535 0
149 405 0
405 339 0
405 517 0
150 370 0
370 368 0
370 616 0
370 763 0
153 427 0
427 193 0
427 338 0
154 734 0
734 604 0
490 406 0
490 702 0
159 596 0
596 529 0
596 647 0
161 548 0
548 473 0
162 585 0
585 167 0
585 233 0
165 667 0
667 369 0
667 676 0
166 661 0
661 250 0
661 675 0
169 630 0
630 326 0
630 719 0
630 703 0
171 350 0
171 692 0
171 694 0
171 707 0
350 440 0
350 619 0
176 254 0
254 298 0
254 308 0
177 290 0
290 265 0
290 328 0
290 449 0
179 501 0
501 703 0
501 741 0
501 782 0
180 790 0
790 561 0
181 329 0
329 256 0
329 634 0
182 239 0
239 638 0
239 651 0
239 684 0
185 677 0
185 680 0
677 335 0
677 463 0
186 602 0
602 536 0
602 627 0
267 775 0
286 381 0
286 470 0
286 649 0
286 690 0
189 511 0
511 506 0
511 592 0
190 387 0
190 437 0
190 487 0
190 767 0
437 367 0
437 700 0
437 344 0
191 775 0
775 457 0
775 768 0
192 274 0
192 469 0
192 530 0
192 747 0
195 504 0
504 306 0
504 637 0
504 776 0
196 314 0
196 640 0
198 382 0
382 224 0
382 414 0
382 582 0
199 322 0
322 336 0
322 431 0
322 698 0
200 247 0
247 214 0
247 646 0
247 650 0
203 434 0
434 364 0
434 635 0
204 268 0
204 414 0
204 493 0
204 706 0
414 440 0
205 448 0
448 216 0
448 406 0
448 442 0
448 523 0
206 696 0
696 590 0
696 671 0
696 766 0
419 378 0
419 397 0
419 710 0
213 722 0
722 303 0
722 375 0
722 637 0
215 544 0
215 628 0
215 736 0
218 299 0
299 380 0
299 633 0
299 691 0
219 545 0
545 277 0
545 337 0
545 526 0
223 512 0
223 637 0
226 425 0
425 313 0
425 436 0
425 556 0
227 794 0
794 281 0
794 685 0
230 740 0
740 410 0
740 587 0
232 479 0
479 320 0
479 366 0
479 567 0
479 590 0
238 621 0
621 262 0
621 569 0
240 570 0
570 353 0
570 359 0
241 563 0
563 655 0
563 687 0
563 470 0
243 314 0
314 420 0
314 531 0
314 715 0
248 564 0
564 523 0
564 673 0
564 727 0
436 456 0
260 666 0
666 468 0
666 750 0
263 761 0
761 372 0
761 408 0
269 477 0
477 327 0
271 443 0
443 580 0
443 655 0
443 751 0
470 456 0
291 674 0
674 603 0
297 525 0
525 396 0
525 485 0
300 512 0
512 508 0
512 718 0
311 423 0
311 534 0
423 616 0
423 702 0
534 360 0
534 421 0
534 464 0
315 462 0
315 612 0
315 796 0
315 633 0
323 344 0
344 363 0
344 559 0
331 389 0
389 475 0
389 716 0
389 773 0
332 428 0
428 474 0
428 498 0
428 673 0
333 670 0
670 502 0
670 516 0
334 456 0
456 521 0
456 787 0
440 771 0
357 500 0
500 481 0
500 590 0
500 772 0
366 489 0
367 572 0
373 778 0
778 460 0
379 693 0
693 471 0
383 660 0
660 476 0
660 699 0
386 568 0
568 516 0
568 557 0
568 786 0
395 488 0
488 444 0
488 446 0
488 715 0
409 463 0
409 632 0
409 640 0
632 771 0
415 601 0
601 716 0
601 759 0
601 797 0
664 579 0
664 657 0
438 516 0
449 466 0
449 644 0
466 747 0
644 583 0
644 672 0
644 733 0
459 480 0
459 496 0
459 579 0
459 658 0
489 617 0
489 646 0
489 708 0
495 619 0
619 662 0
619 711 0
509 800 0
800 704 0
510 777 0
777 618 0
777 654 0
523 698 0
526 640 0
640 637 0
655 597 0
597 657 0
597 715 0
652 702 0
