685 699 0
1 328 0
328 129 0
328 204 0
328 608 0
2 203 0
2 295 0
2 438 0
2 467 0
295 369 0
295 403 0
295 494 0
3 320 0
320 51 0
320 348 0
320 410 0
320 691 0
4 178 0
4 197 0
4 462 0
4 568 0
5 520 0
520 44 0
520 123 0
520 352 0
6 73 0
6 371 0
6 542 0
6 574 0
371 163 0
371 183 0
371 397 0
7 415 0
415 66 0
8 572 0
572 165 0
572 394 0
572 477 0
572 398 0
9 121 0
9 354 0
9 606 0
121 81 0
121 270 0
121 338 0
121 421 0
10 313 0
313 76 0
313 140 0
313 89 0
11 16 0
16 48 0
16 218 0
16 482 0
12 402 0
402 20 0
402 113 0
402 510 0
13 211 0
211 237 0
211 428 0
211 559 0
14 397 0
397 531 0
397 569 0
15 363 0
15 410 0
15 449 0
15 450 0
15 700 0
410 17 0
48 338 0
48 592 0
48 645 0
17 240 0
17 380 0
17 422 0
18 502 0
502 124 0
502 360 0
502 246 0
19 49 0
49 82 0
49 305 0
49 529 0
49 654 0
20 366 0
20 512 0
366 84 0
366 551 0
366 86 0
366 614 0
21 228 0
228 289 0
228 465 0
228 118 0
228 596 0
22 195 0
195 511 0
195 555 0
195 556 0
23 39 0
23 166 0
23 539 0
23 679 0
166 354 0
166 470 0
166 512 0
166 56 0
24 257 0
257 273 0
257 347 0
25 466 0
466 182 0
466 435 0
466 516 0
26 198 0
26 298 0
26 396 0
26 422 0
27 306 0
306 83 0
306 222 0
306 352 0
28 209 0
209 214 0
209 472 0
209 519 0
209 610 0
29 265 0
29 455 0
29 497 0
29 539 0
29 609 0
265 126 0
265 537 0
455 352 0
30 319 0
30 395 0
319 171 0
319 334 0
319 374 0
319 474 0
31 155 0
31 355 0
31 543 0
31 687 0
155 114 0
155 385 0
355 244 0
355 470 0
32 191 0
191 290 0
191 307 0
191 341 0
33 188 0
188 91 0
188 176 0
188 201 0
34 59 0
59 88 0
59 115 0
59 232 0
35 46 0
46 63 0
46 89 0
46 631 0
36 64 0
64 215 0
64 232 0
64 304 0
37 652 0
652 294 0
38 241 0
38 255 0
38 283 0
38 619 0
38 539 0
40 229 0
40 249 0
40 538 0
40 564 0
229 247 0
229 384 0
41 638 0
638 323 0
42 607 0
607 288 0
43 597 0
597 93 0
45 644 0
644 168 0
644 422 0
644 479 0
47 469 0
469 628 0
469 82 0
469 651 0
338 137 0
338 657 0
50 351 0
351 424 0
351 444 0
351 471 0
52 158 0
52 192 0
52 398 0
52 529 0
52 657 0
52 674 0
158 226 0
192 106 0
192 107 0
398 541 0
529 225 0
529 318 0
53 290 0
53 291 0
53 436 0
53 598 0
290 243 0
290 361 0
54 227 0
227 242 0
227 549 0
55 579 0
579 110 0
579 292 0
579 340 0
56 68 0
56 90 0
68 232 0
68 536 0
68 558 0
57 578 0
578 138 0
578 310 0
578 378 0
58 488 0
488 275 0
60 672 0
672 660 0
61 144 0
144 337 0
144 408 0
62 653 0
653 221 0
653 507 0
65 448 0
448 236 0
448 392 0
448 465 0
448 616 0
67 331 0
331 105 0
331 324 0
331 379 0
331 534 0
232 244 0
232 256 0
232 287 0
69 461 0
461 286 0
461 532 0
461 625 0
70 343 0
343 194 0
343 236 0
343 664 0
71 627 0
627 264 0
627 550 0
627 377 0
627 692 0
72 235 0
235 74 0
235 165 0
235 346 0
75 189 0
75 348 0
75 499 0
75 602 0
189 494 0
189 685 0
348 361 0
77 376 0
376 321 0
376 450 0
376 472 0
376 389 0
78 101 0
78 490 0
78 546 0
78 695 0
101 126 0
101 440 0
101 523 0
79 106 0
106 454 0
106 641 0
80 234 0
80 330 0
80 419 0
80 674 0
81 109 0
81 388 0
81 582 0
85 159 0
85 196 0
85 441 0
85 447 0
159 395 0
159 580 0
86 154 0
86 440 0
154 544 0
154 550 0
154 551 0
154 698 0
87 99 0
99 503 0
99 688 0
99 694 0
89 266 0
89 512 0
266 344 0
266 357 0
266 382 0
266 411 0
512 378 0
512 543 0
512 377 0
90 114 0
90 182 0
90 352 0
90 428 0
114 238 0
114 384 0
182 382 0
182 508 0
352 606 0
92 557 0
557 162 0
557 412 0
557 302 0
94 254 0
254 310 0
254 333 0
254 429 0
95 645 0
645 148 0
645 207 0
96 577 0
577 485 0
97 381 0
381 119 0
381 556 0
381 102 0
381 220 0
98 220 0
220 210 0
220 576 0
503 656 0
503 662 0
100 172 0
100 186 0
100 633 0
100 671 0
172 342 0
172 391 0
172 409 0
126 543 0
126 568 0
102 239 0
102 246 0
102 403 0
239 314 0
239 496 0
239 599 0
246 299 0
246 457 0
246 287 0
103 315 0
103 615 0
103 685 0
103 686 0
104 629 0
629 160 0
629 345 0
105 349 0
105 471 0
107 325 0
107 595 0
107 663 0
108 643 0
643 372 0
111 678 0
678 212 0
678 262 0
112 689 0
689 128 0
689 161 0
689 667 0
116 632 0
632 258 0
117 416 0
416 525 0
416 565 0
416 379 0
118 219 0
219 311 0
219 379 0
219 389 0
219 430 0
219 451 0
120 349 0
349 374 0
349 430 0
349 613 0
270 513 0
270 566 0
270 673 0
122 658 0
658 528 0
125 524 0
524 460 0
524 175 0
127 225 0
225 303 0
225 367 0
130 494 0
494 368 0
494 567 0
494 693 0
131 282 0
282 185 0
282 202 0
282 214 0
132 248 0
248 483 0
248 581 0
248 626 0
133 668 0
668 405 0
134 541 0
541 584 0
541 214 0
135 261 0
135 431 0
135 465 0
135 647 0
136 250 0
136 428 0
136 561 0
136 650 0
428 164 0
137 253 0
137 500 0
137 563 0
253 342 0
500 156 0
139 252 0
139 308 0
139 413 0
139 471 0
139 666 0
308 312 0
308 483 0
308 670 0
141 452 0
452 364 0
452 151 0
452 591 0
142 537 0
537 327 0
537 401 0
143 204 0
143 385 0
143 465 0
143 651 0
204 495 0
385 183 0
145 681 0
681 659 0
146 661 0
661 277 0
147 450 0
147 492 0
147 522 0
147 587 0
450 624 0
450 551 0
149 176 0
149 276 0
149 377 0
149 418 0
176 238 0
176 332 0
150 244 0
150 361 0
150 687 0
150 395 0
244 310 0
244 374 0
244 407 0
361 379 0
151 395 0
151 400 0
395 685 0
400 326 0
400 336 0
400 458 0
152 358 0
358 274 0
358 521 0
153 523 0
523 167 0
523 476 0
157 329 0
329 281 0
329 340 0
329 553 0
163 573 0
163 590 0
163 648 0
164 271 0
164 588 0
164 604 0
165 403 0
403 687 0
354 184 0
354 589 0
470 414 0
470 526 0
169 369 0
369 600 0
369 636 0
369 670 0
170 194 0
170 322 0
170 468 0
170 621 0
194 375 0
342 527 0
342 530 0
173 580 0
580 309 0
580 356 0
174 318 0
318 423 0
318 617 0
175 302 0
175 622 0
302 391 0
302 426 0
302 545 0
238 555 0
238 646 0
238 667 0
177 486 0
177 547 0
177 675 0
177 696 0
547 183 0
547 205 0
179 247 0
247 640 0
180 226 0
226 443 0
226 509 0
181 267 0
267 456 0
267 612 0
267 622 0
183 619 0
187 495 0
187 586 0
495 362 0
495 387 0
495 406 0
190 505 0
505 217 0
193 504 0
504 427 0
199 332 0
332 473 0
332 655 0
200 484 0
484 231 0
484 622 0
484 680 0
205 359 0
205 373 0
205 593 0
206 299 0
299 386 0
299 533 0
208 639 0
639 296 0
214 384 0
213 545 0
545 272 0
545 463 0
384 340 0
384 560 0
216 421 0
421 269 0
421 669 0
389 312 0
223 508 0
508 300 0
508 649 0
224 317 0
317 285 0
317 339 0
317 667 0
230 293 0
230 404 0
230 471 0
230 684 0
256 378 0
287 284 0
233 420 0
420 297 0
420 445 0
243 407 0
243 540 0
243 623 0
407 622 0
310 378 0
310 586 0
245 312 0
312 480 0
312 562 0
457 390 0
457 459 0
457 556 0
457 690 0
483 350 0
483 391 0
251 635 0
635 370 0
259 279 0
259 340 0
259 481 0
259 560 0
259 634 0
279 262 0
279 442 0
260 365 0
260 399 0
260 518 0
262 624 0
262 699 0
699 268 0
699 487 0
263 563 0
563 383 0
563 665 0
278 586 0
586 493 0
280 409 0
409 453 0
409 501 0
409 575 0
284 353 0
284 552 0
284 667 0
301 620 0
620 393 0
426 316 0
426 425 0
335 618 0
618 446 0
430 556 0
350 491 0
350 517 0
350 630 0
606 417 0
606 437 0
606 478 0
364 625 0
375 506 0
375 611 0
375 677 0
422 637 0
637 622 0
432 592 0
592 605 0
592 697 0
433 440 0
440 570 0
434 475 0
475 439 0
475 670 0
442 464 0
442 571 0
442 585 0
442 622 0
471 662 0
