847 899 0
1 550 0
550 190 0
550 404 0
550 148 0
2 300 0
300 215 0
300 404 0
300 447 0
300 804 0
300 238 0
3 590 0
590 239 0
590 293 0
590 762 0
590 368 0
4 842 0
842 426 0
842 650 0
842 226 0
5 291 0
291 742 0
291 772 0
6 198 0
198 178 0
198 380 0
198 465 0
7 170 0
7 191 0
7 582 0
7 585 0
7 819 0
170 138 0
582 704 0
582 90 0
8 134 0
134 112 0
134 133 0
134 638 0
9 49 0
9 155 0
9 717 0
9 886 0
155 298 0
155 657 0
10 645 0
645 310 0
645 480 0
11 21 0
11 254 0
11 351 0
11 840 0
11 876 0
21 397 0
21 421 0
21 462 0
254 187 0
254 299 0
351 507 0
12 603 0
603 326 0
603 420 0
603 368 0
13 82 0
13 240 0
13 380 0
13 455 0
13 737 0
240 168 0
240 286 0
380 81 0
14 450 0
450 338 0
15 304 0
15 400 0
15 462 0
304 242 0
304 264 0
304 310 0
304 500 0
304 356 0
400 654 0
16 565 0
565 17 0
565 488 0
565 225 0
565 791 0
18 148 0
18 394 0
18 462 0
18 512 0
18 670 0
148 100 0
462 106 0
462 667 0
462 739 0
462 390 0
19 686 0
19 701 0
19 840 0
686 433 0
686 813 0
686 854 0
686 241 0
20 299 0
299 305 0
299 513 0
299 790 0
22 250 0
22 273 0
22 755 0
22 857 0
22 880 0
23 327 0
327 354 0
327 862 0
327 466 0
24 192 0
192 496 0
192 732 0
192 749 0
25 39 0
25 141 0
25 256 0
25 396 0
25 555 0
39 173 0
39 483 0
39 510 0
141 37 0
141 206 0
141 390 0
141 418 0
141 609 0
141 710 0
256 407 0
396 227 0
26 805 0
805 136 0
805 410 0
805 808 0
27 105 0
105 64 0
105 557 0
105 871 0
28 795 0
795 865 0
29 77 0
29 484 0
29 745 0
29 775 0
77 401 0
77 482 0
77 504 0
77 834 0
484 202 0
484 218 0
30 177 0
30 525 0
30 735 0
177 243 0
177 492 0
177 640 0
525 875 0
525 242 0
525 891 0
31 470 0
470 459 0
32 439 0
439 260 0
439 429 0
33 52 0
33 168 0
33 227 0
33 408 0
33 615 0
52 68 0
52 176 0
52 319 0
52 486 0
168 89 0
168 692 0
168 849 0
227 194 0
227 472 0
227 722 0
227 59 0
34 817 0
817 422 0
35 106 0
106 174 0
106 690 0
106 707 0
106 829 0
36 128 0
36 231 0
36 301 0
36 604 0
36 761 0
301 47 0
301 138 0
37 456 0
38 269 0
269 100 0
269 508 0
269 737 0
269 775 0
173 127 0
173 453 0
173 754 0
483 657 0
40 47 0
40 492 0
40 595 0
40 627 0
47 237 0
47 497 0
595 188 0
595 435 0
41 142 0
41 160 0
142 112 0
142 663 0
142 877 0
42 654 0
654 328 0
654 761 0
43 242 0
43 418 0
43 687 0
44 339 0
44 506 0
44 750 0
44 824 0
339 207 0
339 487 0
339 501 0
506 625 0
45 843 0
843 344 0
46 271 0
46 352 0
46 669 0
46 874 0
48 518 0
518 199 0
50 816 0
816 353 0
816 96 0
816 635 0
51 684 0
684 536 0
176 218 0
176 308 0
53 443 0
443 78 0
443 118 0
54 452 0
452 194 0
452 493 0
452 583 0
452 900 0
55 347 0
347 546 0
347 652 0
347 879 0
56 571 0
571 74 0
571 172 0
571 802 0
57 753 0
753 183 0
58 700 0
58 763 0
58 809 0
58 831 0
763 317 0
59 179 0
59 213 0
179 405 0
179 896 0
179 898 0
60 682 0
682 229 0
61 329 0
329 253 0
329 259 0
329 428 0
62 539 0
539 449 0
63 262 0
262 129 0
262 503 0
262 715 0
65 629 0
629 555 0
66 789 0
789 307 0
789 356 0
789 164 0
789 222 0
67 346 0
346 624 0
346 663 0
346 774 0
346 882 0
69 373 0
69 455 0
69 465 0
69 567 0
373 418 0
373 574 0
455 399 0
70 557 0
70 605 0
70 652 0
70 833 0
605 111 0
71 165 0
71 425 0
71 691 0
71 715 0
165 121 0
165 153 0
165 657 0
165 896 0
425 286 0
425 414 0
425 841 0
72 516 0
516 139 0
516 361 0
516 410 0
73 154 0
154 404 0
154 457 0
154 551 0
74 390 0
74 646 0
75 184 0
184 284 0
184 459 0
184 601 0
76 99 0
76 279 0
76 466 0
76 563 0
76 837 0
99 283 0
99 372 0
99 444 0
78 444 0
78 514 0
78 775 0
444 458 0
444 896 0
444 230 0
514 117 0
79 101 0
79 417 0
79 720 0
79 781 0
417 131 0
417 385 0
417 481 0
417 534 0
80 728 0
728 116 0
728 164 0
728 885 0
81 332 0
81 461 0
81 485 0
81 891 0
83 374 0
374 298 0
374 361 0
374 467 0
374 575 0
84 292 0
292 232 0
292 520 0
292 537 0
85 166 0
166 225 0
166 387 0
166 570 0
166 206 0
166 860 0
86 680 0
680 437 0
87 631 0
631 223 0
88 217 0
88 561 0
88 756 0
88 826 0
217 124 0
217 159 0
90 275 0
90 356 0
275 445 0
275 744 0
275 749 0
91 357 0
357 579 0
357 851 0
357 207 0
92 102 0
92 685 0
102 208 0
102 393 0
102 407 0
102 622 0
93 222 0
93 272 0
93 382 0
93 761 0
222 363 0
94 782 0
782 748 0
782 194 0
782 864 0
95 261 0
261 167 0
261 473 0
96 342 0
96 493 0
96 573 0
96 580 0
342 143 0
342 801 0
342 850 0
573 774 0
573 251 0
573 880 0
580 226 0
580 324 0
580 413 0
97 124 0
97 234 0
124 309 0
124 388 0
124 721 0
98 534 0
534 360 0
534 331 0
283 233 0
283 278 0
283 869 0
372 125 0
372 337 0
372 569 0
100 159 0
100 308 0
159 669 0
159 854 0
308 364 0
308 370 0
308 463 0
103 656 0
656 212 0
656 359 0
656 270 0
104 544 0
104 596 0
104 598 0
104 664 0
104 708 0
104 715 0
664 385 0
174 317 0
174 531 0
107 246 0
246 152 0
246 323 0
246 427 0
108 884 0
884 290 0
109 746 0
746 494 0
110 377 0
377 209 0
377 498 0
377 875 0
377 522 0
111 543 0
111 592 0
111 848 0
112 189 0
113 676 0
676 500 0
676 387 0
676 527 0
114 345 0
114 524 0
345 325 0
345 535 0
345 232 0
345 794 0
115 312 0
312 132 0
312 295 0
312 410 0
119 727 0
727 333 0
727 216 0
120 899 0
899 386 0
899 402 0
122 317 0
317 206 0
123 825 0
825 407 0
825 711 0
825 881 0
125 489 0
125 671 0
126 538 0
538 620 0
130 828 0
828 162 0
828 555 0
131 251 0
131 456 0
131 678 0
251 189 0
251 418 0
456 138 0
456 202 0
456 639 0
456 694 0
135 197 0
197 356 0
197 621 0
197 696 0
137 424 0
137 476 0
137 567 0
137 637 0
138 358 0
138 366 0
138 384 0
140 671 0
671 164 0
671 348 0
671 894 0
671 315 0
418 200 0
144 363 0
363 225 0
363 228 0
363 726 0
145 481 0
481 147 0
481 844 0
146 257 0
257 288 0
257 479 0
147 559 0
149 552 0
552 475 0
150 247 0
150 277 0
150 567 0
150 585 0
151 824 0
824 584 0
824 264 0
404 704 0
156 839 0
839 495 0
839 163 0
839 305 0
157 735 0
735 442 0
735 820 0
158 491 0
158 602 0
158 711 0
491 182 0
491 430 0
491 511 0
602 249 0
602 504 0
602 549 0
160 407 0
160 576 0
160 714 0
160 889 0
407 717 0
407 737 0
407 807 0
407 189 0
161 241 0
161 320 0
161 368 0
161 698 0
161 872 0
368 574 0
163 524 0
163 739 0
524 220 0
524 281 0
387 459 0
169 464 0
464 186 0
171 706 0
706 219 0
706 716 0
175 558 0
558 205 0
180 199 0
180 315 0
180 517 0
199 589 0
199 606 0
315 639 0
315 666 0
181 408 0
408 630 0
408 713 0
408 838 0
185 218 0
185 293 0
185 531 0
218 681 0
218 774 0
187 323 0
187 416 0
187 568 0
187 633 0
323 887 0
568 432 0
568 765 0
189 232 0
193 856 0
856 313 0
856 392 0
856 876 0
194 887 0
195 766 0
766 376 0
766 500 0
766 415 0
766 653 0
196 533 0
533 248 0
356 436 0
201 245 0
245 270 0
245 760 0
245 838 0
245 890 0
202 203 0
202 238 0
202 556 0
202 776 0
204 286 0
204 298 0
204 591 0
204 761 0
204 833 0
286 749 0
298 265 0
298 705 0
591 395 0
591 611 0
207 522 0
210 883 0
883 641 0
211 646 0
646 289 0
646 438 0
213 311 0
213 369 0
213 545 0
213 749 0
214 349 0
349 259 0
349 297 0
349 318 0
216 531 0
531 266 0
531 431 0
531 465 0
531 739 0
531 355 0
219 505 0
219 709 0
505 510 0
221 234 0
221 365 0
221 440 0
221 587 0
234 303 0
234 523 0
365 472 0
365 617 0
365 628 0
224 446 0
446 379 0
446 423 0
446 675 0
226 761 0
722 540 0
230 235 0
230 606 0
235 362 0
235 469 0
235 797 0
235 876 0
236 499 0
499 267 0
244 258 0
258 517 0
258 618 0
270 507 0
270 574 0
252 474 0
474 411 0
255 419 0
255 611 0
419 530 0
419 866 0
419 628 0
517 502 0
259 331 0
259 623 0
259 710 0
263 743 0
263 757 0
263 870 0
757 833 0
265 280 0
265 371 0
265 665 0
265 832 0
280 611 0
268 296 0
296 465 0
296 613 0
296 660 0
507 515 0
507 529 0
274 542 0
542 597 0
276 702 0
702 341 0
282 784 0
784 823 0
784 310 0
784 836 0
285 895 0
895 712 0
287 403 0
287 504 0
287 606 0
403 391 0
403 609 0
742 710 0
742 293 0
293 395 0
395 340 0
395 741 0
395 765 0
395 873 0
294 840 0
840 672 0
297 606 0
305 593 0
305 710 0
302 830 0
830 321 0
593 599 0
306 887 0
887 614 0
314 477 0
477 375 0
666 636 0
316 612 0
612 619 0
322 540 0
330 521 0
330 651 0
330 668 0
330 675 0
330 797 0
334 399 0
399 572 0
399 859 0
335 853 0
853 616 0
853 678 0
853 787 0
336 436 0
336 522 0
436 803 0
340 697 0
343 611 0
611 548 0
611 610 0
350 409 0
409 451 0
409 661 0
409 697 0
355 504 0
355 685 0
504 553 0
504 778 0
504 574 0
617 689 0
367 606 0
606 783 0
378 448 0
448 389 0
381 644 0
644 560 0
383 607 0
607 509 0
385 715 0
398 587 0
587 554 0
704 697 0
406 589 0
589 863 0
717 837 0
410 432 0
412 689 0
415 489 0
415 510 0
489 564 0
489 731 0
489 774 0
427 709 0
427 750 0
427 780 0
427 857 0
709 478 0
709 747 0
709 818 0
750 459 0
433 649 0
441 459 0
441 655 0
459 688 0
458 683 0
675 627 0
454 642 0
454 697 0
697 685 0
683 715 0
460 852 0
852 471 0
468 694 0
487 858 0
858 586 0
858 751 0
858 812 0
490 822 0
822 541 0
778 658 0
778 759 0
510 791 0
519 623 0
623 562 0
623 893 0
522 628 0
522 765 0
628 701 0
628 718 0
526 745 0
745 777 0
745 786 0
532 718 0
547 705 0
705 792 0
559 725 0
559 738 0
566 626 0
566 800 0
626 578 0
800 723 0
577 813 0
813 768 0
581 701 0
701 888 0
585 761 0
586 797 0
797 618 0
588 749 0
627 886 0
647 815 0
815 719 0
652 847 0
847 729 0
687 833 0
699 773 0
773 752 0
773 786 0
