774 799 0
1 115 0
1 386 0
1 611 0
1 693 0
386 669 0
2 12 0
2 57 0
2 598 0
12 37 0
12 301 0
12 602 0
12 788 0
3 260 0
260 59 0
260 138 0
4 549 0
549 392 0
5 623 0
623 82 0
623 294 0
623 491 0
6 536 0
6 590 0
536 269 0
536 288 0
536 505 0
7 270 0
7 274 0
7 526 0
8 499 0
499 71 0
499 278 0
499 253 0
9 374 0
9 436 0
9 472 0
9 716 0
10 62 0
10 184 0
10 456 0
10 522 0
184 219 0
11 781 0
781 315 0
13 297 0
297 92 0
297 323 0
297 635 0
14 219 0
14 291 0
14 305 0
219 29 0
219 45 0
219 255 0
291 79 0
291 336 0
291 362 0
291 406 0
15 619 0
15 679 0
15 702 0
619 46 0
619 491 0
619 51 0
619 682 0
679 548 0
16 608 0
608 91 0
608 417 0
608 716 0
17 186 0
17 205 0
17 221 0
17 440 0
17 796 0
186 140 0
18 30 0
18 74 0
18 211 0
18 476 0
30 90 0
30 480 0
30 738 0
74 58 0
74 64 0
74 78 0
19 512 0
512 105 0
512 166 0
512 684 0
20 380 0
20 394 0
20 598 0
380 56 0
380 215 0
380 422 0
394 543 0
21 99 0
21 174 0
21 312 0
21 342 0
21 409 0
99 443 0
99 571 0
99 670 0
174 72 0
174 622 0
174 695 0
312 107 0
312 188 0
312 407 0
22 370 0
22 373 0
22 632 0
22 674 0
370 117 0
370 295 0
373 135 0
373 638 0
373 541 0
632 83 0
632 36 0
632 188 0
23 84 0
23 107 0
23 563 0
23 784 0
107 447 0
24 793 0
793 471 0
25 437 0
437 305 0
437 568 0
437 569 0
437 214 0
26 794 0
794 477 0
27 364 0
364 325 0
364 474 0
364 689 0
28 206 0
206 47 0
206 93 0
206 328 0
206 94 0
206 583 0
29 200 0
29 594 0
29 645 0
31 666 0
666 151 0
32 610 0
610 385 0
610 406 0
610 590 0
33 430 0
33 503 0
33 609 0
33 696 0
33 722 0
609 213 0
609 357 0
34 395 0
395 309 0
395 337 0
35 117 0
117 154 0
117 371 0
36 263 0
36 682 0
263 114 0
263 196 0
263 486 0
38 706 0
706 441 0
706 718 0
39 694 0
694 60 0
694 332 0
40 330 0
330 419 0
330 590 0
41 65 0
41 451 0
41 555 0
65 176 0
65 521 0
65 642 0
451 142 0
451 307 0
451 520 0
42 204 0
204 300 0
204 400 0
204 545 0
204 680 0
43 86 0
43 317 0
43 496 0
43 510 0
43 783 0
86 527 0
44 134 0
44 383 0
44 481 0
44 583 0
45 55 0
45 83 0
45 207 0
45 586 0
45 768 0
55 129 0
55 177 0
55 249 0
83 226 0
83 316 0
83 715 0
83 726 0
83 775 0
207 614 0
207 674 0
46 239 0
46 390 0
46 631 0
239 147 0
239 344 0
239 355 0
390 298 0
390 479 0
390 799 0
48 475 0
475 119 0
475 286 0
475 636 0
49 555 0
49 564 0
49 612 0
555 114 0
564 267 0
564 620 0
564 389 0
564 760 0
50 543 0
543 135 0
543 577 0
543 713 0
51 229 0
51 305 0
229 96 0
229 696 0
229 268 0
229 285 0
52 523 0
523 243 0
523 449 0
523 296 0
53 624 0
624 163 0
54 249 0
249 305 0
249 732 0
129 384 0
129 492 0
129 500 0
177 172 0
177 233 0
177 354 0
56 442 0
56 460 0
56 664 0
57 149 0
57 280 0
57 526 0
57 590 0
526 787 0
61 403 0
61 423 0
61 752 0
61 778 0
63 70 0
70 194 0
70 209 0
70 726 0
66 292 0
292 148 0
292 376 0
67 165 0
165 130 0
165 214 0
165 302 0
68 308 0
308 431 0
308 585 0
308 588 0
69 106 0
69 224 0
69 250 0
69 731 0
69 798 0
106 277 0
106 334 0
250 724 0
194 487 0
73 203 0
203 89 0
203 252 0
203 728 0
203 764 0
75 561 0
561 121 0
561 197 0
561 796 0
76 501 0
501 181 0
501 491 0
501 749 0
501 136 0
501 281 0
77 255 0
77 321 0
255 273 0
255 511 0
255 727 0
80 466 0
466 402 0
466 405 0
81 377 0
81 553 0
81 586 0
81 670 0
226 214 0
226 253 0
226 686 0
316 498 0
85 293 0
85 570 0
293 486 0
293 583 0
293 701 0
293 796 0
87 329 0
329 166 0
329 504 0
329 755 0
88 531 0
531 98 0
531 460 0
531 470 0
531 638 0
89 287 0
93 447 0
93 533 0
94 135 0
94 311 0
135 299 0
135 573 0
95 397 0
397 458 0
397 607 0
397 777 0
97 447 0
447 279 0
447 368 0
447 378 0
100 196 0
100 415 0
196 590 0
196 591 0
196 673 0
196 705 0
101 724 0
724 120 0
724 271 0
724 345 0
102 515 0
515 331 0
515 458 0
515 235 0
515 572 0
103 201 0
103 396 0
103 550 0
103 674 0
201 457 0
201 540 0
201 692 0
396 156 0
396 462 0
396 616 0
396 636 0
104 604 0
604 132 0
604 171 0
277 272 0
277 401 0
277 406 0
277 683 0
277 440 0
108 112 0
112 111 0
112 187 0
112 413 0
109 578 0
578 459 0
110 128 0
128 191 0
128 647 0
128 752 0
113 366 0
366 452 0
366 562 0
366 733 0
114 476 0
476 566 0
476 752 0
116 133 0
116 241 0
116 371 0
116 655 0
118 439 0
439 303 0
439 448 0
122 687 0
687 232 0
687 359 0
123 641 0
641 411 0
641 444 0
641 628 0
124 490 0
124 498 0
124 662 0
490 371 0
490 452 0
498 161 0
498 686 0
498 746 0
125 780 0
780 644 0
780 705 0
126 702 0
702 656 0
702 235 0
127 338 0
127 575 0
127 638 0
127 672 0
131 681 0
681 251 0
299 342 0
299 361 0
299 646 0
299 648 0
136 489 0
489 282 0
489 762 0
489 772 0
137 410 0
137 454 0
137 488 0
137 613 0
139 311 0
311 378 0
311 508 0
311 741 0
140 253 0
140 398 0
140 725 0
253 356 0
141 220 0
141 420 0
220 379 0
220 721 0
220 741 0
143 533 0
533 665 0
533 285 0
144 296 0
144 349 0
144 351 0
144 389 0
296 155 0
296 421 0
145 429 0
429 153 0
429 227 0
146 259 0
259 407 0
259 418 0
259 453 0
150 742 0
742 670 0
742 686 0
152 228 0
152 327 0
152 630 0
152 638 0
153 440 0
153 452 0
155 217 0
155 544 0
155 551 0
157 483 0
157 542 0
157 560 0
158 415 0
415 328 0
415 535 0
415 541 0
159 795 0
795 678 0
795 734 0
795 295 0
795 268 0
160 319 0
319 235 0
319 237 0
319 320 0
319 774 0
162 178 0
178 169 0
178 700 0
178 488 0
164 404 0
404 314 0
404 458 0
404 636 0
166 640 0
640 258 0
640 617 0
167 189 0
189 285 0
189 592 0
189 736 0
168 554 0
554 350 0
554 452 0
554 469 0
170 455 0
455 371 0
455 518 0
455 558 0
173 634 0
634 606 0
175 246 0
175 345 0
175 400 0
246 179 0
246 345 0
246 615 0
180 567 0
180 596 0
180 699 0
180 696 0
596 674 0
182 714 0
714 582 0
183 707 0
707 605 0
707 653 0
707 699 0
707 452 0
185 633 0
633 290 0
188 213 0
188 268 0
188 421 0
213 285 0
213 546 0
190 626 0
626 532 0
192 262 0
192 456 0
192 514 0
192 750 0
456 776 0
456 348 0
193 445 0
445 231 0
445 248 0
487 257 0
487 273 0
487 324 0
487 595 0
195 433 0
195 484 0
195 513 0
195 635 0
591 295 0
705 639 0
705 361 0
705 408 0
198 468 0
199 234 0
199 649 0
199 769 0
202 735 0
735 242 0
300 328 0
400 675 0
400 691 0
400 757 0
328 365 0
614 381 0
208 524 0
524 256 0
524 289 0
210 420 0
420 407 0
420 652 0
420 690 0
211 341 0
211 703 0
211 766 0
212 387 0
387 446 0
387 556 0
387 628 0
214 321 0
321 265 0
321 537 0
215 254 0
215 427 0
215 413 0
216 612 0
612 352 0
612 576 0
218 450 0
450 516 0
450 584 0
222 467 0
467 325 0
467 587 0
467 710 0
223 388 0
223 413 0
223 519 0
223 761 0
223 800 0
225 698 0
698 399 0
698 438 0
698 440 0
230 304 0
230 657 0
230 730 0
230 788 0
236 318 0
318 360 0
318 367 0
238 598 0
598 276 0
598 541 0
598 718 0
240 281 0
240 539 0
240 650 0
240 758 0
281 528 0
539 485 0
244 336 0
244 431 0
244 486 0
336 359 0
336 662 0
431 382 0
431 570 0
245 356 0
356 276 0
247 502 0
502 478 0
273 541 0
261 740 0
740 541 0
740 677 0
264 393 0
393 432 0
393 497 0
266 365 0
365 275 0
365 313 0
365 774 0
283 757 0
757 547 0
757 629 0
284 357 0
357 552 0
357 753 0
287 546 0
287 599 0
287 659 0
546 688 0
486 776 0
295 375 0
295 621 0
375 326 0
375 358 0
375 426 0
621 697 0
342 389 0
342 787 0
306 325 0
306 507 0
306 574 0
306 779 0
325 508 0
310 348 0
348 340 0
348 579 0
378 408 0
508 422 0
322 382 0
382 463 0
382 530 0
333 601 0
601 763 0
601 774 0
334 494 0
334 747 0
334 751 0
335 675 0
675 473 0
675 529 0
337 541 0
339 711 0
711 347 0
343 573 0
573 428 0
573 534 0
345 756 0
345 789 0
756 741 0
756 788 0
789 651 0
346 737 0
737 363 0
737 580 0
353 787 0
787 581 0
787 654 0
369 729 0
729 557 0
372 550 0
550 412 0
550 627 0
463 409 0
391 600 0
600 438 0
600 464 0
600 618 0
458 667 0
691 712 0
691 762 0
408 416 0
408 424 0
408 597 0
416 528 0
409 625 0
409 720 0
409 743 0
414 773 0
773 435 0
421 764 0
421 774 0
422 661 0
422 671 0
422 685 0
425 669 0
669 506 0
669 708 0
434 782 0
782 488 0
782 676 0
438 775 0
461 570 0
570 525 0
465 538 0
465 603 0
465 628 0
465 745 0
566 589 0
482 528 0
528 558 0
528 752 0
485 635 0
485 682 0
488 775 0
775 783 0
493 717 0
717 639 0
527 739 0
527 761 0
527 771 0
527 792 0
558 701 0
565 639 0
589 744 0
674 611 0
