678 699 0
1 252 0
1 263 0
1 611 0
1 646 0
252 308 0
252 342 0
252 512 0
263 221 0
263 641 0
263 479 0
263 699 0
2 354 0
354 395 0
354 191 0
354 528 0
3 511 0
511 130 0
511 253 0
511 627 0
4 371 0
4 397 0
4 445 0
4 517 0
371 101 0
371 544 0
371 596 0
397 538 0
397 279 0
397 336 0
5 596 0
596 155 0
596 296 0
6 170 0
6 199 0
6 204 0
6 278 0
6 475 0
6 634 0
170 240 0
170 352 0
199 486 0
278 119 0
278 169 0
278 40 0
7 682 0
682 697 0
682 168 0
682 231 0
682 413 0
8 311 0
8 330 0
8 399 0
8 481 0
311 318 0
311 444 0
311 476 0
311 664 0
330 262 0
330 287 0
330 358 0
330 45 0
9 53 0
53 61 0
53 529 0
53 680 0
10 565 0
565 519 0
11 114 0
114 299 0
114 326 0
114 557 0
12 646 0
646 73 0
646 286 0
13 551 0
551 20 0
551 236 0
551 609 0
551 24 0
551 74 0
14 522 0
522 16 0
15 257 0
257 55 0
257 408 0
17 406 0
406 345 0
406 454 0
406 653 0
18 404 0
404 128 0
404 213 0
19 696 0
696 539 0
21 63 0
63 178 0
63 223 0
63 326 0
22 325 0
325 36 0
325 384 0
325 555 0
325 588 0
23 57 0
23 275 0
23 277 0
23 379 0
23 495 0
23 644 0
275 504 0
275 535 0
275 668 0
277 485 0
277 501 0
24 361 0
24 443 0
361 32 0
361 52 0
361 187 0
443 163 0
443 429 0
443 459 0
25 81 0
25 132 0
25 306 0
25 487 0
81 198 0
81 673 0
81 694 0
26 317 0
317 139 0
317 212 0
27 65 0
27 203 0
27 413 0
27 499 0
27 605 0
203 258 0
203 186 0
203 611 0
413 296 0
413 401 0
413 283 0
28 498 0
498 331 0
498 79 0
29 579 0
579 144 0
579 480 0
579 500 0
579 555 0
30 82 0
30 307 0
82 35 0
82 134 0
82 445 0
31 98 0
31 407 0
31 568 0
31 583 0
98 180 0
98 200 0
33 171 0
33 458 0
33 642 0
171 145 0
171 357 0
171 360 0
34 336 0
336 328 0
336 396 0
35 59 0
35 91 0
35 119 0
59 66 0
59 592 0
37 40 0
40 215 0
40 225 0
38 403 0
38 590 0
38 680 0
403 54 0
403 349 0
403 675 0
39 237 0
39 363 0
39 438 0
39 631 0
363 164 0
363 224 0
41 177 0
41 293 0
41 675 0
41 678 0
42 112 0
112 211 0
112 238 0
112 372 0
43 266 0
266 314 0
266 679 0
266 214 0
266 691 0
44 70 0
70 97 0
70 460 0
70 606 0
45 84 0
45 118 0
84 46 0
84 60 0
84 62 0
84 693 0
47 447 0
447 304 0
447 562 0
447 667 0
48 133 0
48 202 0
48 628 0
48 693 0
49 86 0
86 68 0
86 247 0
86 318 0
50 117 0
117 72 0
117 432 0
51 175 0
51 358 0
51 527 0
51 587 0
56 258 0
258 250 0
258 378 0
58 169 0
169 425 0
169 500 0
66 69 0
66 92 0
66 241 0
64 152 0
64 302 0
64 315 0
69 327 0
69 348 0
69 549 0
67 129 0
67 472 0
67 567 0
67 661 0
129 385 0
129 441 0
129 629 0
472 231 0
472 245 0
472 507 0
68 261 0
68 291 0
68 442 0
261 254 0
261 272 0
261 566 0
97 428 0
97 597 0
97 622 0
71 186 0
186 148 0
186 534 0
72 185 0
72 418 0
74 162 0
74 621 0
162 165 0
162 195 0
162 333 0
162 412 0
75 284 0
284 122 0
284 145 0
284 415 0
76 544 0
544 196 0
544 509 0
77 208 0
208 271 0
208 561 0
208 674 0
78 630 0
630 482 0
79 96 0
79 456 0
79 673 0
96 104 0
96 256 0
96 285 0
456 150 0
456 154 0
456 427 0
456 242 0
80 337 0
337 140 0
337 412 0
337 439 0
198 95 0
198 573 0
198 607 0
83 259 0
259 231 0
259 276 0
259 479 0
259 487 0
259 515 0
259 531 0
85 440 0
440 297 0
440 521 0
440 242 0
440 479 0
87 483 0
483 149 0
483 365 0
483 314 0
88 621 0
621 281 0
621 181 0
89 279 0
279 228 0
279 334 0
279 647 0
90 260 0
260 234 0
260 473 0
260 488 0
91 191 0
91 314 0
191 229 0
191 617 0
314 390 0
92 283 0
92 320 0
92 323 0
93 496 0
496 303 0
496 602 0
496 304 0
94 636 0
636 530 0
428 168 0
428 282 0
428 368 0
428 672 0
180 466 0
180 467 0
180 698 0
99 535 0
535 142 0
535 341 0
100 426 0
100 503 0
100 574 0
101 193 0
101 647 0
101 655 0
102 206 0
102 290 0
102 392 0
102 586 0
103 244 0
244 350 0
244 412 0
244 624 0
105 141 0
141 107 0
141 497 0
141 690 0
106 694 0
694 201 0
694 316 0
107 448 0
107 548 0
448 304 0
448 307 0
448 422 0
108 265 0
265 214 0
265 326 0
265 382 0
265 409 0
109 590 0
590 192 0
590 517 0
590 620 0
110 241 0
241 151 0
241 174 0
111 431 0
111 510 0
111 542 0
111 623 0
510 654 0
211 367 0
211 344 0
211 486 0
113 136 0
113 422 0
113 423 0
113 695 0
422 540 0
115 567 0
567 176 0
567 455 0
116 182 0
182 373 0
182 388 0
182 507 0
118 233 0
118 243 0
118 446 0
118 635 0
118 659 0
233 121 0
233 321 0
233 351 0
233 613 0
243 312 0
243 518 0
243 533 0
446 222 0
446 288 0
446 615 0
635 245 0
119 225 0
119 493 0
119 561 0
225 231 0
493 185 0
120 217 0
217 554 0
217 592 0
217 610 0
121 304 0
121 611 0
123 548 0
548 380 0
548 489 0
124 146 0
124 190 0
124 486 0
124 515 0
125 344 0
344 135 0
344 547 0
126 571 0
571 159 0
571 274 0
571 145 0
127 481 0
481 541 0
481 667 0
481 676 0
131 305 0
305 507 0
305 581 0
305 648 0
134 270 0
134 291 0
134 399 0
270 145 0
291 412 0
291 473 0
137 464 0
464 462 0
464 470 0
464 507 0
138 536 0
536 197 0
143 458 0
458 160 0
458 369 0
458 392 0
147 240 0
240 473 0
240 652 0
153 436 0
436 310 0
436 421 0
436 657 0
156 700 0
700 452 0
700 453 0
157 401 0
401 492 0
158 220 0
220 347 0
220 424 0
220 592 0
161 661 0
661 322 0
661 332 0
661 487 0
661 439 0
164 179 0
164 246 0
164 364 0
166 662 0
662 230 0
662 249 0
662 675 0
167 235 0
167 477 0
167 591 0
167 665 0
172 377 0
377 469 0
377 473 0
377 580 0
173 677 0
677 353 0
181 508 0
181 577 0
181 668 0
508 356 0
508 376 0
508 394 0
577 295 0
577 313 0
183 242 0
183 490 0
183 524 0
184 375 0
375 478 0
375 570 0
375 627 0
185 546 0
185 640 0
185 688 0
188 564 0
564 294 0
564 525 0
564 647 0
189 392 0
189 445 0
189 559 0
189 667 0
392 501 0
392 552 0
445 597 0
559 393 0
229 329 0
229 563 0
229 614 0
194 367 0
367 300 0
367 616 0
197 389 0
197 611 0
389 232 0
389 248 0
389 355 0
389 315 0
200 434 0
200 465 0
200 543 0
200 582 0
205 226 0
205 374 0
205 584 0
207 393 0
393 268 0
393 351 0
209 338 0
338 231 0
338 639 0
338 214 0
210 216 0
216 264 0
216 555 0
216 608 0
218 617 0
617 383 0
617 484 0
219 514 0
514 593 0
224 269 0
224 289 0
224 604 0
227 343 0
343 267 0
343 523 0
343 680 0
239 642 0
642 370 0
245 625 0
245 673 0
625 494 0
625 500 0
673 527 0
251 669 0
669 400 0
669 683 0
669 319 0
669 454 0
255 595 0
595 410 0
326 419 0
273 391 0
391 553 0
391 666 0
391 561 0
504 301 0
504 588 0
280 537 0
537 633 0
537 638 0
292 390 0
390 346 0
390 513 0
296 408 0
298 594 0
594 414 0
304 418 0
418 324 0
418 556 0
418 578 0
307 419 0
307 611 0
419 555 0
309 416 0
309 619 0
309 659 0
309 671 0
619 399 0
318 352 0
315 319 0
319 359 0
319 597 0
359 435 0
359 449 0
335 622 0
622 387 0
622 451 0
339 689 0
689 430 0
340 402 0
340 405 0
340 517 0
340 545 0
351 588 0
352 386 0
352 491 0
352 520 0
352 593 0
593 660 0
362 485 0
485 411 0
485 598 0
485 603 0
485 657 0
485 659 0
366 538 0
538 439 0
381 540 0
501 433 0
501 692 0
398 463 0
463 495 0
463 600 0
463 657 0
399 638 0
417 442 0
442 651 0
442 686 0
420 437 0
420 450 0
420 457 0
521 494 0
597 454 0
597 591 0
454 585 0
585 502 0
461 685 0
685 516 0
495 474 0
468 654 0
471 558 0
471 561 0
471 656 0
471 684 0
657 494 0
486 494 0
486 505 0
494 660 0
505 569 0
515 611 0
575 576 0
576 618 0
675 668 0
