870 899 0
1 327 0
327 226 0
327 349 0
327 511 0
327 578 0
327 330 0
2 690 0
690 295 0
690 569 0
3 657 0
657 235 0
657 778 0
657 121 0
657 387 0
4 101 0
101 113 0
101 486 0
101 569 0
101 863 0
5 336 0
336 247 0
336 587 0
6 8 0
6 33 0
6 424 0
8 132 0
8 157 0
8 868 0
7 862 0
862 209 0
862 254 0
862 238 0
132 238 0
132 333 0
132 477 0
132 741 0
9 49 0
49 200 0
49 219 0
49 382 0
49 424 0
49 532 0
49 689 0
10 453 0
453 109 0
453 682 0
453 17 0
453 370 0
453 495 0
11 79 0
11 421 0
11 555 0
11 881 0
12 366 0
366 280 0
366 351 0
366 789 0
13 848 0
848 233 0
848 289 0
14 385 0
385 242 0
385 425 0
385 567 0
385 888 0
385 578 0
15 548 0
548 110 0
548 172 0
548 418 0
548 521 0
16 35 0
35 484 0
35 488 0
35 723 0
17 162 0
17 211 0
17 578 0
162 108 0
162 274 0
162 114 0
211 214 0
211 405 0
18 212 0
18 237 0
18 328 0
18 672 0
18 867 0
212 52 0
212 171 0
212 405 0
212 561 0
19 621 0
621 361 0
621 227 0
621 363 0
20 202 0
202 311 0
202 410 0
202 533 0
21 154 0
154 403 0
154 219 0
22 740 0
740 23 0
740 462 0
23 603 0
23 615 0
23 743 0
603 538 0
615 551 0
615 382 0
24 450 0
450 68 0
450 73 0
450 550 0
25 531 0
531 278 0
531 454 0
531 505 0
531 885 0
531 511 0
531 420 0
26 444 0
26 601 0
444 123 0
444 155 0
444 518 0
27 105 0
105 74 0
105 284 0
105 499 0
28 388 0
388 332 0
388 572 0
388 866 0
29 149 0
29 420 0
29 571 0
29 818 0
420 525 0
30 102 0
30 521 0
30 672 0
30 705 0
102 344 0
102 482 0
102 769 0
102 835 0
521 709 0
521 777 0
521 377 0
31 457 0
457 580 0
457 134 0
457 874 0
32 106 0
32 350 0
106 80 0
106 196 0
106 263 0
106 582 0
106 714 0
33 114 0
33 368 0
114 525 0
368 91 0
34 57 0
34 153 0
34 422 0
34 742 0
34 830 0
153 780 0
153 796 0
153 896 0
36 556 0
556 69 0
556 399 0
556 425 0
37 95 0
95 134 0
95 574 0
95 744 0
38 708 0
708 727 0
708 181 0
708 347 0
39 170 0
39 428 0
39 562 0
428 244 0
40 354 0
354 64 0
354 217 0
354 855 0
41 498 0
498 238 0
498 516 0
498 738 0
42 183 0
42 485 0
42 829 0
183 94 0
183 356 0
183 357 0
43 824 0
824 464 0
824 59 0
44 463 0
44 634 0
44 707 0
44 804 0
634 324 0
45 137 0
137 228 0
137 148 0
137 349 0
46 686 0
686 412 0
47 319 0
47 512 0
47 600 0
47 717 0
47 754 0
512 71 0
512 724 0
600 236 0
600 352 0
48 592 0
592 121 0
382 378 0
382 476 0
382 712 0
424 481 0
424 712 0
50 446 0
446 415 0
446 435 0
51 239 0
51 265 0
51 476 0
51 582 0
52 405 0
52 803 0
53 607 0
607 223 0
607 141 0
607 591 0
54 711 0
711 461 0
55 271 0
271 316 0
271 859 0
56 709 0
709 272 0
709 347 0
58 372 0
372 181 0
372 364 0
372 677 0
59 83 0
59 895 0
83 374 0
83 402 0
83 509 0
83 828 0
60 168 0
168 195 0
168 386 0
168 438 0
61 493 0
493 565 0
493 447 0
493 814 0
62 296 0
296 680 0
296 765 0
296 802 0
63 217 0
63 312 0
63 639 0
63 693 0
217 396 0
217 460 0
65 825 0
825 314 0
825 440 0
66 301 0
301 122 0
301 280 0
301 392 0
67 352 0
352 516 0
352 559 0
352 857 0
70 748 0
748 251 0
71 381 0
71 400 0
71 694 0
72 597 0
597 852 0
597 880 0
597 203 0
74 724 0
74 882 0
75 702 0
702 441 0
702 208 0
76 807 0
807 164 0
807 358 0
77 178 0
77 330 0
77 510 0
77 571 0
330 139 0
78 275 0
78 332 0
78 579 0
332 243 0
332 627 0
80 630 0
80 637 0
81 350 0
350 241 0
350 334 0
350 342 0
350 526 0
350 584 0
82 480 0
480 303 0
480 315 0
480 362 0
84 616 0
616 439 0
616 528 0
85 633 0
633 100 0
86 391 0
391 133 0
391 569 0
391 777 0
391 890 0
87 197 0
87 208 0
87 407 0
87 811 0
208 375 0
88 140 0
140 187 0
140 342 0
140 626 0
89 307 0
307 195 0
307 335 0
307 535 0
90 201 0
90 331 0
90 508 0
90 815 0
201 157 0
201 167 0
201 584 0
91 93 0
91 176 0
91 495 0
91 517 0
91 749 0
495 258 0
495 107 0
517 475 0
517 788 0
92 278 0
92 643 0
92 665 0
278 771 0
643 306 0
94 288 0
94 451 0
94 788 0
288 141 0
288 161 0
288 315 0
288 445 0
288 756 0
134 338 0
96 797 0
797 564 0
97 669 0
669 276 0
98 820 0
820 408 0
820 720 0
99 264 0
99 416 0
264 136 0
264 322 0
264 468 0
264 756 0
113 250 0
113 458 0
113 851 0
344 353 0
482 584 0
482 769 0
103 776 0
776 315 0
104 519 0
519 389 0
519 507 0
519 339 0
196 544 0
107 174 0
174 130 0
174 376 0
174 640 0
174 861 0
111 869 0
869 216 0
869 256 0
112 218 0
218 225 0
218 299 0
218 311 0
250 116 0
250 145 0
250 182 0
250 230 0
115 771 0
771 879 0
771 894 0
117 670 0
670 231 0
670 423 0
670 895 0
118 475 0
475 873 0
119 769 0
769 120 0
769 774 0
121 636 0
636 357 0
124 234 0
234 284 0
234 373 0
234 651 0
234 721 0
125 563 0
563 142 0
563 290 0
126 148 0
126 324 0
126 345 0
126 485 0
324 187 0
324 244 0
324 262 0
324 765 0
345 199 0
345 269 0
345 426 0
127 557 0
127 747 0
127 853 0
127 881 0
128 773 0
773 236 0
773 393 0
773 491 0
129 227 0
129 608 0
129 641 0
129 758 0
129 782 0
227 347 0
227 695 0
608 710 0
131 232 0
131 504 0
131 756 0
232 500 0
232 618 0
232 660 0
232 683 0
238 788 0
338 284 0
338 695 0
135 141 0
135 189 0
135 370 0
141 379 0
136 356 0
138 835 0
835 602 0
835 764 0
835 893 0
139 447 0
139 539 0
139 731 0
139 809 0
447 157 0
187 298 0
187 553 0
379 404 0
379 599 0
379 791 0
143 214 0
214 558 0
214 745 0
214 765 0
144 360 0
144 527 0
144 602 0
144 887 0
146 805 0
805 419 0
805 583 0
147 784 0
784 224 0
150 269 0
150 321 0
150 611 0
150 786 0
269 790 0
151 882 0
882 213 0
882 595 0
882 635 0
882 361 0
152 440 0
152 583 0
152 673 0
152 775 0
152 856 0
780 568 0
155 423 0
155 451 0
155 645 0
451 316 0
645 337 0
645 474 0
645 688 0
156 348 0
348 470 0
348 739 0
348 602 0
157 305 0
157 334 0
157 435 0
305 377 0
305 546 0
305 485 0
334 442 0
334 456 0
158 413 0
158 584 0
158 845 0
158 861 0
584 244 0
159 806 0
806 431 0
160 504 0
504 369 0
163 703 0
703 494 0
165 736 0
736 349 0
736 466 0
166 536 0
536 229 0
536 492 0
167 244 0
167 365 0
167 448 0
195 329 0
195 546 0
169 383 0
383 567 0
383 571 0
383 753 0
171 279 0
171 472 0
171 685 0
172 668 0
173 210 0
173 300 0
210 302 0
210 588 0
210 795 0
210 899 0
376 306 0
175 193 0
193 273 0
193 342 0
193 433 0
193 559 0
177 189 0
189 678 0
189 719 0
189 810 0
189 298 0
179 252 0
179 525 0
179 884 0
179 895 0
525 340 0
525 763 0
180 674 0
674 286 0
674 434 0
181 268 0
181 846 0
268 262 0
268 313 0
268 892 0
184 812 0
812 186 0
812 566 0
812 567 0
185 851 0
851 194 0
298 710 0
188 817 0
817 883 0
678 215 0
678 732 0
719 481 0
719 459 0
190 341 0
341 370 0
341 479 0
341 671 0
341 886 0
191 456 0
456 277 0
456 620 0
192 637 0
637 577 0
637 581 0
273 356 0
198 445 0
198 588 0
198 692 0
198 715 0
199 496 0
496 207 0
496 261 0
496 547 0
203 316 0
316 537 0
204 359 0
204 513 0
204 704 0
205 661 0
661 236 0
661 398 0
206 465 0
465 417 0
465 545 0
465 284 0
375 514 0
375 734 0
375 843 0
405 255 0
405 864 0
215 429 0
215 627 0
215 700 0
627 353 0
700 541 0
396 304 0
396 339 0
396 617 0
396 356 0
460 573 0
460 847 0
460 900 0
220 552 0
552 647 0
221 632 0
632 361 0
632 506 0
632 570 0
222 735 0
735 253 0
230 245 0
230 353 0
230 604 0
245 487 0
245 560 0
353 524 0
353 638 0
353 878 0
618 763 0
236 788 0
240 630 0
630 387 0
630 449 0
630 706 0
243 426 0
243 443 0
243 586 0
246 790 0
790 260 0
790 629 0
248 837 0
837 293 0
837 367 0
249 594 0
594 318 0
257 787 0
787 781 0
787 833 0
258 304 0
258 478 0
258 534 0
258 718 0
304 732 0
259 285 0
285 722 0
285 737 0
285 870 0
266 488 0
266 699 0
266 768 0
266 854 0
266 876 0
488 757 0
488 792 0
267 416 0
416 490 0
416 665 0
416 698 0
270 483 0
270 503 0
270 610 0
270 679 0
503 604 0
280 467 0
280 604 0
281 762 0
281 842 0
281 850 0
281 897 0
282 409 0
409 370 0
409 625 0
409 772 0
283 746 0
746 728 0
722 846 0
722 877 0
287 306 0
306 427 0
290 665 0
665 659 0
665 759 0
665 871 0
291 329 0
329 380 0
329 613 0
292 783 0
783 425 0
294 803 0
803 323 0
803 697 0
297 792 0
792 346 0
300 394 0
300 624 0
300 663 0
300 898 0
663 543 0
377 370 0
308 601 0
601 528 0
601 529 0
309 646 0
646 767 0
310 701 0
701 455 0
701 550 0
317 766 0
766 437 0
320 520 0
320 585 0
320 794 0
320 880 0
325 808 0
808 502 0
808 387 0
326 642 0
642 676 0
642 687 0
349 757 0
339 712 0
340 355 0
340 730 0
340 749 0
340 799 0
479 425 0
343 543 0
543 826 0
559 654 0
559 675 0
356 654 0
356 742 0
356 860 0
860 582 0
357 846 0
357 896 0
361 653 0
361 779 0
361 896 0
371 681 0
681 542 0
378 414 0
378 432 0
378 469 0
378 739 0
567 458 0
384 675 0
675 390 0
675 395 0
425 546 0
569 739 0
397 732 0
732 606 0
732 623 0
732 655 0
401 523 0
523 575 0
523 617 0
406 537 0
537 589 0
411 658 0
658 436 0
481 696 0
481 726 0
481 841 0
546 602 0
430 889 0
889 549 0
889 662 0
442 713 0
442 785 0
442 813 0
452 796 0
796 649 0
796 755 0
459 561 0
459 656 0
459 684 0
459 725 0
467 489 0
467 605 0
467 631 0
471 750 0
750 473 0
750 793 0
485 695 0
695 819 0
695 757 0
757 581 0
497 619 0
619 617 0
501 544 0
544 614 0
544 760 0
544 765 0
604 551 0
724 829 0
724 849 0
763 761 0
530 533 0
533 788 0
541 850 0
551 774 0
774 659 0
553 622 0
553 644 0
571 623 0
581 668 0
668 729 0
668 752 0
668 798 0
593 838 0
838 648 0
598 712 0
612 832 0
612 836 0
652 868 0
819 828 0
877 827 0
749 896 0
751 800 0
751 822 0
827 865 0
