794 799 0
1 90 0
1 174 0
1 385 0
1 462 0
174 449 0
2 80 0
2 98 0
2 201 0
2 491 0
2 571 0
98 423 0
98 590 0
3 320 0
320 365 0
320 647 0
4 227 0
4 398 0
4 791 0
227 548 0
227 567 0
227 619 0
227 771 0
5 277 0
5 426 0
5 456 0
5 464 0
277 288 0
277 443 0
277 518 0
426 206 0
426 278 0
426 318 0
426 23 0
6 290 0
290 144 0
290 310 0
290 357 0
7 118 0
118 260 0
118 372 0
118 407 0
8 63 0
8 520 0
8 543 0
8 777 0
63 142 0
9 91 0
9 268 0
9 315 0
9 774 0
10 343 0
343 247 0
343 442 0
343 794 0
11 308 0
308 471 0
308 536 0
308 544 0
12 665 0
665 218 0
665 269 0
665 583 0
13 123 0
13 303 0
13 419 0
13 753 0
303 76 0
303 78 0
303 219 0
303 519 0
14 39 0
14 49 0
14 225 0
14 259 0
14 747 0
225 425 0
225 678 0
15 732 0
732 221 0
732 368 0
16 61 0
16 514 0
16 570 0
16 748 0
17 148 0
17 398 0
17 577 0
17 682 0
148 59 0
148 345 0
148 413 0
148 548 0
398 182 0
398 474 0
398 584 0
18 77 0
18 81 0
18 454 0
18 532 0
77 458 0
77 535 0
81 65 0
81 647 0
81 130 0
454 472 0
454 557 0
454 666 0
19 251 0
251 241 0
251 311 0
251 523 0
20 152 0
152 69 0
152 620 0
152 632 0
21 66 0
66 372 0
66 569 0
66 598 0
22 461 0
461 34 0
461 764 0
461 767 0
23 82 0
23 180 0
82 397 0
82 502 0
82 702 0
82 779 0
24 488 0
24 621 0
24 630 0
24 721 0
25 140 0
140 163 0
140 245 0
140 283 0
26 111 0
26 126 0
26 422 0
26 579 0
26 641 0
126 328 0
126 351 0
422 215 0
27 184 0
184 168 0
184 191 0
184 558 0
184 88 0
28 188 0
188 311 0
188 438 0
188 609 0
29 153 0
29 322 0
29 625 0
29 790 0
322 281 0
322 509 0
30 673 0
673 640 0
673 724 0
673 163 0
31 72 0
31 341 0
31 581 0
31 629 0
72 323 0
72 404 0
72 738 0
341 181 0
341 371 0
341 585 0
32 708 0
708 147 0
33 186 0
186 490 0
186 567 0
186 594 0
35 575 0
575 565 0
575 224 0
575 766 0
36 130 0
36 214 0
130 53 0
130 109 0
130 539 0
130 45 0
37 386 0
386 478 0
386 238 0
386 601 0
38 189 0
189 107 0
189 124 0
189 339 0
189 679 0
40 262 0
262 65 0
262 690 0
262 698 0
41 329 0
329 681 0
329 687 0
329 794 0
42 741 0
741 428 0
741 172 0
741 562 0
43 176 0
176 198 0
176 452 0
176 669 0
44 364 0
364 172 0
364 391 0
364 501 0
45 101 0
45 299 0
101 97 0
101 657 0
101 688 0
101 778 0
46 449 0
449 136 0
449 404 0
449 726 0
449 385 0
47 62 0
62 131 0
62 249 0
62 265 0
48 507 0
507 57 0
507 782 0
507 489 0
50 430 0
430 274 0
430 555 0
430 417 0
51 372 0
51 389 0
51 684 0
51 799 0
372 193 0
389 795 0
389 437 0
389 800 0
52 437 0
437 384 0
437 542 0
53 173 0
53 544 0
53 749 0
173 362 0
173 678 0
173 624 0
54 217 0
217 511 0
217 521 0
217 534 0
55 473 0
473 169 0
473 582 0
473 679 0
56 340 0
340 267 0
340 630 0
340 664 0
58 402 0
402 122 0
402 294 0
402 529 0
60 86 0
86 612 0
86 616 0
64 293 0
293 183 0
293 417 0
293 638 0
65 617 0
67 100 0
67 235 0
67 633 0
67 747 0
68 532 0
532 273 0
532 730 0
70 88 0
70 674 0
70 744 0
70 749 0
88 158 0
71 193 0
193 728 0
193 765 0
323 214 0
323 78 0
323 538 0
73 334 0
334 315 0
334 344 0
334 348 0
74 300 0
74 462 0
74 722 0
74 787 0
462 109 0
462 312 0
75 676 0
676 242 0
676 526 0
76 362 0
76 423 0
78 238 0
78 679 0
238 246 0
238 649 0
79 281 0
281 599 0
281 615 0
83 204 0
204 712 0
204 747 0
204 758 0
84 566 0
566 190 0
566 336 0
566 570 0
85 347 0
85 369 0
85 769 0
85 794 0
87 629 0
629 239 0
629 606 0
89 792 0
792 133 0
792 506 0
92 350 0
92 405 0
92 551 0
92 750 0
93 772 0
772 301 0
772 379 0
772 404 0
94 614 0
614 119 0
614 163 0
614 576 0
95 653 0
653 549 0
653 632 0
653 499 0
96 754 0
754 352 0
754 522 0
754 715 0
99 590 0
99 624 0
99 678 0
590 196 0
590 333 0
590 544 0
102 275 0
102 393 0
102 427 0
102 645 0
393 538 0
393 559 0
393 499 0
393 622 0
103 761 0
761 207 0
104 718 0
718 113 0
718 548 0
105 215 0
215 122 0
215 484 0
106 800 0
800 226 0
800 618 0
107 733 0
107 456 0
108 552 0
552 492 0
552 560 0
109 324 0
109 763 0
324 297 0
324 739 0
110 362 0
362 762 0
112 783 0
783 403 0
783 404 0
783 723 0
114 351 0
351 302 0
351 561 0
115 497 0
497 470 0
497 715 0
497 757 0
116 271 0
271 321 0
271 406 0
271 709 0
117 572 0
572 417 0
572 650 0
572 692 0
120 550 0
550 401 0
550 530 0
550 738 0
121 622 0
622 270 0
622 396 0
122 244 0
122 464 0
244 253 0
244 298 0
244 416 0
125 127 0
125 248 0
125 663 0
125 697 0
248 233 0
248 299 0
248 781 0
328 164 0
328 668 0
328 693 0
128 683 0
683 236 0
683 451 0
683 746 0
129 519 0
519 266 0
519 360 0
539 568 0
132 200 0
132 357 0
132 409 0
132 760 0
357 586 0
357 791 0
134 739 0
739 477 0
739 496 0
135 755 0
755 187 0
755 319 0
755 191 0
137 354 0
137 395 0
137 458 0
137 660 0
138 366 0
366 224 0
366 476 0
366 499 0
366 494 0
366 780 0
139 785 0
785 313 0
785 338 0
785 750 0
163 356 0
141 299 0
299 243 0
142 194 0
142 228 0
142 380 0
142 538 0
194 209 0
194 578 0
194 699 0
228 436 0
228 580 0
228 595 0
380 314 0
380 388 0
380 527 0
143 586 0
586 661 0
586 768 0
145 312 0
312 161 0
312 439 0
146 623 0
623 630 0
623 735 0
623 756 0
149 376 0
149 491 0
149 567 0
149 709 0
376 214 0
376 358 0
491 264 0
150 480 0
150 498 0
150 521 0
150 700 0
151 423 0
423 289 0
423 448 0
154 701 0
701 330 0
701 613 0
701 764 0
155 432 0
432 255 0
432 325 0
432 763 0
156 727 0
727 229 0
727 503 0
727 788 0
157 304 0
304 276 0
304 375 0
304 458 0
158 171 0
158 269 0
158 465 0
158 628 0
269 516 0
269 742 0
159 337 0
159 368 0
159 420 0
159 445 0
368 737 0
160 460 0
460 448 0
460 466 0
460 713 0
162 581 0
581 387 0
581 675 0
356 452 0
356 688 0
165 720 0
720 468 0
720 448 0
720 652 0
166 737 0
737 287 0
737 457 0
167 691 0
691 482 0
691 587 0
170 600 0
600 414 0
600 554 0
172 412 0
172 464 0
412 370 0
412 515 0
412 631 0
175 219 0
219 336 0
219 553 0
219 734 0
177 410 0
410 234 0
410 603 0
410 764 0
178 528 0
528 493 0
528 597 0
528 684 0
179 197 0
197 495 0
197 677 0
197 684 0
180 573 0
180 672 0
180 777 0
191 382 0
191 742 0
185 795 0
795 524 0
795 658 0
311 481 0
382 261 0
382 385 0
382 399 0
382 505 0
192 216 0
216 433 0
216 602 0
216 715 0
195 577 0
577 263 0
577 512 0
199 608 0
608 326 0
608 684 0
608 736 0
202 705 0
705 611 0
203 752 0
752 223 0
752 279 0
752 503 0
205 317 0
205 508 0
205 564 0
205 709 0
208 232 0
208 431 0
208 547 0
208 567 0
210 775 0
775 296 0
211 292 0
292 363 0
292 383 0
292 489 0
212 447 0
212 544 0
212 635 0
212 743 0
213 513 0
513 265 0
513 342 0
513 696 0
214 467 0
220 475 0
475 230 0
475 282 0
475 570 0
222 733 0
733 421 0
733 647 0
733 789 0
224 346 0
224 796 0
346 467 0
346 570 0
231 796 0
796 295 0
796 556 0
233 467 0
233 503 0
233 630 0
467 481 0
237 624 0
624 284 0
624 751 0
246 591 0
246 610 0
246 636 0
240 286 0
286 291 0
286 446 0
286 725 0
250 516 0
516 332 0
516 469 0
252 307 0
307 256 0
307 489 0
307 793 0
254 361 0
361 670 0
361 685 0
361 710 0
257 617 0
617 626 0
617 716 0
258 639 0
639 306 0
639 749 0
639 797 0
264 637 0
264 656 0
264 784 0
265 486 0
265 714 0
486 378 0
486 485 0
486 593 0
272 415 0
272 458 0
272 500 0
272 506 0
272 642 0
458 358 0
280 381 0
381 373 0
381 695 0
285 452 0
285 453 0
285 667 0
285 686 0
297 494 0
297 546 0
297 759 0
305 456 0
456 349 0
309 706 0
706 627 0
706 680 0
706 704 0
481 448 0
315 327 0
315 742 0
327 390 0
327 394 0
327 418 0
316 781 0
781 487 0
781 504 0
331 463 0
331 531 0
331 627 0
331 798 0
335 605 0
605 429 0
605 441 0
353 417 0
353 521 0
353 662 0
353 779 0
521 589 0
355 411 0
411 670 0
358 627 0
359 559 0
559 643 0
559 711 0
670 632 0
670 644 0
367 509 0
509 377 0
509 607 0
374 632 0
374 703 0
374 725 0
703 662 0
392 745 0
745 503 0
745 563 0
745 574 0
400 589 0
589 510 0
589 545 0
408 479 0
408 596 0
408 651 0
448 506 0
424 649 0
649 634 0
649 786 0
425 533 0
425 746 0
425 749 0
434 568 0
568 537 0
435 440 0
440 540 0
440 679 0
440 770 0
444 773 0
773 450 0
455 588 0
588 655 0
588 689 0
588 738 0
459 535 0
535 592 0
535 738 0
464 662 0
662 714 0
483 541 0
541 646 0
541 654 0
489 714 0
714 659 0
714 764 0
517 525 0
517 604 0
517 671 0
517 647 0
648 678 0
678 729 0
678 731 0
682 747 0
715 791 0
742 799 0
