583 599 0
1 198 0
1 251 0
1 267 0
1 565 0
198 24 0
198 84 0
198 504 0
267 331 0
267 335 0
267 186 0
267 396 0
2 96 0
2 107 0
2 210 0
2 323 0
107 94 0
107 235 0
3 426 0
426 51 0
426 194 0
426 208 0
426 501 0
4 452 0
452 257 0
5 582 0
582 142 0
6 18 0
18 70 0
18 134 0
18 511 0
7 311 0
7 460 0
7 481 0
7 558 0
460 101 0
460 141 0
8 66 0
66 212 0
66 374 0
66 379 0
66 340 0
66 567 0
9 378 0
378 415 0
378 437 0
378 512 0
10 375 0
375 185 0
375 227 0
375 342 0
375 383 0
11 206 0
206 444 0
206 462 0
12 48 0
12 81 0
12 181 0
12 305 0
13 143 0
13 148 0
13 345 0
13 575 0
143 71 0
143 175 0
143 494 0
143 551 0
143 574 0
148 285 0
148 490 0
148 494 0
148 594 0
14 471 0
471 340 0
471 237 0
471 185 0
15 301 0
301 228 0
301 323 0
301 428 0
301 182 0
301 494 0
16 547 0
547 132 0
547 482 0
17 101 0
101 193 0
101 461 0
101 583 0
19 127 0
19 141 0
19 340 0
19 423 0
19 575 0
127 27 0
127 130 0
127 135 0
141 281 0
141 467 0
20 232 0
232 47 0
232 60 0
232 383 0
21 61 0
61 208 0
61 219 0
61 535 0
22 163 0
163 220 0
163 313 0
163 570 0
23 508 0
508 114 0
24 320 0
24 507 0
25 104 0
25 222 0
25 409 0
25 423 0
104 255 0
222 235 0
222 269 0
222 490 0
222 454 0
26 372 0
372 53 0
372 470 0
372 520 0
27 155 0
27 169 0
27 186 0
27 213 0
155 348 0
155 410 0
155 588 0
169 230 0
169 408 0
169 493 0
28 543 0
543 106 0
543 374 0
543 382 0
29 492 0
492 34 0
492 123 0
492 137 0
30 325 0
325 304 0
325 448 0
325 497 0
31 585 0
585 202 0
585 527 0
32 320 0
320 361 0
320 438 0
320 476 0
33 327 0
327 191 0
327 294 0
327 495 0
35 217 0
217 74 0
217 531 0
217 113 0
36 491 0
491 62 0
37 131 0
131 75 0
131 303 0
131 313 0
38 376 0
376 94 0
376 528 0
376 571 0
39 93 0
39 184 0
39 423 0
93 80 0
93 546 0
93 213 0
40 259 0
259 465 0
259 544 0
259 212 0
41 44 0
41 215 0
41 418 0
41 536 0
42 192 0
192 134 0
192 207 0
192 386 0
43 54 0
43 237 0
43 544 0
43 409 0
54 92 0
54 102 0
54 177 0
54 253 0
237 72 0
45 46 0
45 91 0
45 278 0
45 520 0
45 540 0
46 316 0
49 502 0
502 151 0
50 255 0
255 556 0
255 282 0
52 542 0
542 133 0
92 109 0
92 193 0
92 459 0
102 85 0
102 425 0
102 507 0
102 539 0
55 88 0
55 280 0
55 396 0
55 400 0
55 510 0
396 391 0
396 548 0
56 273 0
273 130 0
273 201 0
273 233 0
57 533 0
533 83 0
58 310 0
310 295 0
59 136 0
59 182 0
59 509 0
59 514 0
59 526 0
182 391 0
208 125 0
208 316 0
63 277 0
277 288 0
277 486 0
277 489 0
64 380 0
64 421 0
380 67 0
380 221 0
380 307 0
380 406 0
380 158 0
65 224 0
224 135 0
224 324 0
224 384 0
212 113 0
374 147 0
374 398 0
68 371 0
371 129 0
371 166 0
371 468 0
371 505 0
69 350 0
69 440 0
69 474 0
69 593 0
350 262 0
350 228 0
350 397 0
440 90 0
440 276 0
440 429 0
71 185 0
71 246 0
72 161 0
72 266 0
72 529 0
72 557 0
73 573 0
573 138 0
573 188 0
573 385 0
76 134 0
76 177 0
76 243 0
76 265 0
76 306 0
76 346 0
134 454 0
77 254 0
77 312 0
77 473 0
77 527 0
78 565 0
565 225 0
565 363 0
79 296 0
79 314 0
79 544 0
79 578 0
80 119 0
80 389 0
80 454 0
119 282 0
119 292 0
119 507 0
119 597 0
82 86 0
86 162 0
86 418 0
86 552 0
87 317 0
317 364 0
317 592 0
317 130 0
89 197 0
89 290 0
89 304 0
89 354 0
94 199 0
94 269 0
199 298 0
199 363 0
199 446 0
199 498 0
269 556 0
269 111 0
269 587 0
95 110 0
110 158 0
110 178 0
110 180 0
97 506 0
506 287 0
506 417 0
506 282 0
506 554 0
98 479 0
479 329 0
479 356 0
479 424 0
99 279 0
279 174 0
279 185 0
279 445 0
100 548 0
548 171 0
548 347 0
548 193 0
103 326 0
326 164 0
326 180 0
326 535 0
326 591 0
105 253 0
253 456 0
253 563 0
108 341 0
341 137 0
341 299 0
341 572 0
158 365 0
111 147 0
147 211 0
147 518 0
147 596 0
112 135 0
112 338 0
112 355 0
112 439 0
135 553 0
113 316 0
113 359 0
113 414 0
316 335 0
316 385 0
359 139 0
359 332 0
359 430 0
414 146 0
414 231 0
414 369 0
115 281 0
281 336 0
281 525 0
116 365 0
365 157 0
365 385 0
117 124 0
117 274 0
117 404 0
117 434 0
274 247 0
274 300 0
274 363 0
118 516 0
516 334 0
516 469 0
516 535 0
516 329 0
120 313 0
120 329 0
120 367 0
120 450 0
120 476 0
313 170 0
121 475 0
475 308 0
122 322 0
322 181 0
322 289 0
322 549 0
125 179 0
125 352 0
125 466 0
126 172 0
126 205 0
126 283 0
126 373 0
172 422 0
172 454 0
128 176 0
128 431 0
128 514 0
128 579 0
129 240 0
129 427 0
129 599 0
240 209 0
240 344 0
240 589 0
130 246 0
246 145 0
246 388 0
137 168 0
137 575 0
168 297 0
168 394 0
168 416 0
140 150 0
140 213 0
140 248 0
140 390 0
140 556 0
494 398 0
144 522 0
522 458 0
522 467 0
149 331 0
149 343 0
149 411 0
149 515 0
331 432 0
152 480 0
480 358 0
480 387 0
153 159 0
153 244 0
153 487 0
153 521 0
154 239 0
239 263 0
239 383 0
239 433 0
156 474 0
474 242 0
160 167 0
167 204 0
167 245 0
167 418 0
164 447 0
164 544 0
164 557 0
165 599 0
599 321 0
599 368 0
170 223 0
170 346 0
170 435 0
422 249 0
422 349 0
173 545 0
545 503 0
545 521 0
180 184 0
184 323 0
184 383 0
184 450 0
181 575 0
183 353 0
353 218 0
353 476 0
353 538 0
323 464 0
450 423 0
450 247 0
187 576 0
576 357 0
189 270 0
189 271 0
189 385 0
189 513 0
190 195 0
195 333 0
195 488 0
195 587 0
196 300 0
300 286 0
300 309 0
200 234 0
234 252 0
234 407 0
203 389 0
389 315 0
389 402 0
214 264 0
214 453 0
214 541 0
216 457 0
457 236 0
457 261 0
457 544 0
221 235 0
221 484 0
221 421 0
235 514 0
235 527 0
226 523 0
523 393 0
523 499 0
229 517 0
517 238 0
517 291 0
517 514 0
241 580 0
580 294 0
580 337 0
580 530 0
247 294 0
247 304 0
247 468 0
250 560 0
560 330 0
560 351 0
556 577 0
556 400 0
256 436 0
436 586 0
258 484 0
484 566 0
484 590 0
260 413 0
413 275 0
335 423 0
268 532 0
532 366 0
272 525 0
525 328 0
284 519 0
519 400 0
293 455 0
455 527 0
302 345 0
345 339 0
345 399 0
345 555 0
318 391 0
391 362 0
391 561 0
319 500 0
500 381 0
346 451 0
451 420 0
451 472 0
360 464 0
464 395 0
370 553 0
553 392 0
553 569 0
377 421 0
421 568 0
415 427 0
401 564 0
564 417 0
409 427 0
409 584 0
584 418 0
412 432 0
432 598 0
419 534 0
534 442 0
476 581 0
581 485 0
486 593 0
