571 599 0
1 64 0
64 54 0
64 95 0
64 236 0
64 494 0
2 67 0
2 221 0
67 15 0
67 39 0
67 93 0
67 206 0
67 257 0
67 312 0
3 168 0
3 395 0
3 594 0
168 58 0
168 199 0
168 306 0
168 335 0
168 59 0
168 137 0
168 255 0
4 90 0
90 14 0
90 299 0
90 312 0
5 25 0
5 27 0
5 158 0
5 461 0
6 511 0
511 313 0
511 542 0
511 116 0
7 228 0
228 107 0
8 136 0
8 182 0
8 396 0
8 422 0
136 45 0
182 398 0
182 403 0
182 406 0
9 322 0
322 159 0
322 403 0
10 106 0
10 252 0
10 284 0
10 363 0
10 381 0
106 260 0
106 418 0
252 66 0
252 85 0
363 62 0
11 588 0
588 375 0
12 316 0
316 425 0
13 61 0
13 92 0
13 321 0
13 490 0
61 28 0
61 364 0
61 370 0
92 471 0
92 556 0
16 278 0
278 80 0
17 62 0
17 397 0
17 456 0
62 49 0
62 237 0
62 396 0
62 600 0
18 393 0
393 263 0
19 69 0
19 107 0
19 186 0
19 190 0
107 22 0
107 137 0
107 333 0
20 536 0
536 105 0
536 177 0
536 356 0
21 205 0
205 249 0
205 339 0
205 418 0
205 533 0
22 46 0
22 150 0
22 181 0
23 42 0
23 65 0
23 218 0
23 457 0
42 212 0
42 220 0
42 382 0
42 407 0
65 172 0
65 421 0
65 461 0
65 471 0
24 370 0
370 146 0
370 440 0
26 48 0
26 240 0
26 325 0
48 333 0
48 449 0
48 507 0
48 555 0
28 429 0
28 457 0
28 581 0
429 85 0
29 160 0
160 170 0
160 298 0
160 472 0
30 341 0
341 99 0
341 305 0
341 542 0
31 260 0
260 60 0
260 395 0
260 565 0
32 88 0
32 317 0
32 325 0
88 54 0
88 80 0
317 70 0
317 119 0
33 39 0
33 84 0
33 337 0
33 490 0
39 298 0
84 85 0
84 220 0
34 563 0
563 350 0
563 444 0
563 537 0
35 559 0
559 522 0
36 162 0
162 349 0
162 47 0
37 496 0
496 55 0
496 419 0
496 96 0
496 70 0
38 110 0
38 296 0
38 355 0
38 365 0
38 420 0
40 270 0
270 80 0
270 242 0
270 478 0
270 100 0
270 145 0
41 203 0
203 424 0
203 503 0
212 392 0
212 481 0
212 591 0
220 143 0
220 521 0
220 493 0
382 73 0
382 447 0
43 157 0
43 223 0
43 403 0
43 517 0
223 253 0
44 331 0
331 402 0
331 418 0
45 266 0
45 285 0
45 357 0
45 394 0
266 124 0
47 97 0
97 59 0
97 127 0
97 202 0
97 430 0
449 413 0
449 445 0
449 579 0
50 77 0
50 524 0
50 535 0
50 543 0
524 219 0
51 230 0
230 368 0
52 116 0
52 222 0
52 258 0
52 273 0
52 327 0
52 330 0
116 595 0
327 245 0
53 186 0
53 280 0
53 298 0
53 328 0
53 396 0
53 399 0
186 396 0
298 516 0
54 164 0
56 572 0
572 217 0
57 133 0
57 351 0
57 455 0
57 520 0
351 359 0
351 422 0
351 428 0
351 456 0
351 99 0
58 254 0
58 410 0
58 582 0
364 240 0
396 239 0
63 320 0
320 194 0
320 303 0
66 153 0
66 395 0
66 465 0
66 537 0
153 221 0
153 344 0
395 374 0
395 407 0
395 109 0
68 257 0
68 291 0
68 293 0
68 342 0
68 426 0
293 134 0
293 121 0
70 131 0
70 387 0
70 428 0
131 102 0
131 192 0
131 130 0
131 568 0
387 82 0
71 104 0
104 209 0
104 247 0
104 255 0
104 300 0
72 550 0
550 336 0
73 176 0
73 233 0
73 541 0
73 457 0
176 417 0
176 489 0
176 525 0
233 180 0
233 253 0
233 343 0
233 140 0
233 436 0
74 306 0
306 187 0
306 578 0
75 91 0
91 89 0
91 356 0
91 373 0
91 595 0
76 345 0
345 148 0
345 311 0
345 501 0
345 145 0
78 191 0
78 451 0
78 505 0
78 508 0
191 456 0
191 541 0
451 295 0
505 179 0
79 427 0
427 218 0
80 169 0
80 491 0
169 267 0
169 371 0
169 381 0
169 412 0
81 528 0
528 366 0
83 282 0
83 283 0
83 342 0
83 433 0
83 564 0
342 319 0
85 244 0
85 272 0
85 454 0
85 557 0
86 456 0
86 463 0
456 113 0
456 261 0
456 467 0
87 218 0
87 523 0
218 112 0
218 555 0
218 102 0
356 579 0
356 103 0
94 469 0
469 281 0
469 549 0
96 130 0
96 211 0
96 245 0
211 100 0
211 154 0
211 202 0
211 453 0
211 502 0
245 276 0
98 484 0
484 114 0
101 210 0
210 232 0
210 441 0
210 466 0
210 209 0
102 432 0
103 286 0
286 121 0
286 360 0
286 448 0
247 156 0
247 183 0
108 189 0
189 290 0
189 445 0
189 510 0
109 142 0
109 214 0
109 464 0
111 486 0
486 129 0
486 365 0
112 141 0
112 479 0
112 551 0
115 185 0
115 274 0
185 243 0
185 434 0
117 156 0
156 297 0
156 323 0
118 485 0
485 128 0
119 309 0
119 319 0
119 475 0
319 336 0
319 352 0
120 590 0
590 207 0
590 575 0
121 434 0
122 161 0
161 376 0
161 401 0
161 472 0
123 183 0
183 140 0
183 196 0
183 416 0
124 235 0
124 384 0
124 389 0
125 452 0
452 513 0
126 560 0
560 204 0
132 139 0
139 248 0
139 289 0
139 310 0
139 353 0
134 167 0
134 277 0
134 307 0
134 380 0
134 398 0
134 585 0
307 269 0
135 138 0
135 292 0
135 413 0
135 437 0
289 236 0
289 335 0
144 529 0
529 480 0
145 246 0
246 348 0
246 420 0
147 234 0
234 346 0
234 476 0
149 329 0
149 386 0
329 195 0
329 504 0
151 312 0
151 450 0
151 501 0
151 595 0
312 243 0
312 163 0
450 325 0
450 381 0
450 566 0
152 229 0
152 279 0
229 268 0
229 465 0
221 174 0
221 301 0
221 506 0
221 538 0
221 543 0
155 442 0
442 354 0
163 253 0
163 259 0
163 411 0
164 165 0
164 227 0
164 255 0
164 358 0
166 541 0
541 514 0
199 184 0
199 276 0
199 362 0
171 443 0
443 197 0
443 200 0
173 415 0
415 458 0
175 224 0
224 264 0
177 463 0
177 493 0
177 507 0
463 412 0
463 471 0
507 418 0
507 492 0
507 398 0
178 219 0
219 251 0
219 447 0
219 546 0
219 593 0
398 477 0
196 509 0
243 304 0
188 269 0
269 256 0
193 271 0
271 318 0
271 492 0
198 344 0
344 268 0
344 586 0
201 462 0
462 215 0
202 279 0
279 213 0
279 216 0
208 274 0
274 435 0
555 544 0
225 509 0
509 338 0
509 378 0
509 535 0
226 508 0
508 460 0
508 547 0
465 239 0
465 325 0
465 535 0
231 461 0
231 497 0
461 566 0
238 552 0
552 576 0
552 579 0
240 422 0
240 554 0
240 591 0
422 378 0
554 390 0
241 388 0
388 372 0
304 262 0
304 340 0
420 523 0
265 577 0
492 294 0
275 288 0
275 405 0
275 468 0
448 386 0
287 558 0
558 587 0
294 487 0
294 527 0
303 369 0
308 530 0
530 385 0
314 475 0
475 474 0
475 570 0
315 589 0
589 383 0
589 564 0
324 397 0
324 540 0
397 361 0
540 574 0
326 599 0
599 488 0
334 544 0
544 434 0
501 386 0
347 432 0
432 390 0
359 367 0
359 470 0
374 556 0
556 534 0
377 404 0
404 438 0
404 490 0
386 515 0
407 439 0
407 567 0
400 434 0
408 526 0
526 414 0
459 553 0
553 498 0
553 518 0
534 548 0
537 583 0
561 567 0
567 584 0
594 597 0
