866 899 0
1 326 0
326 14 0
326 287 0
326 680 0
2 148 0
2 219 0
2 457 0
2 720 0
3 80 0
3 289 0
3 333 0
3 459 0
3 655 0
333 388 0
333 666 0
4 97 0
4 191 0
4 202 0
4 679 0
5 328 0
328 268 0
328 399 0
328 614 0
6 462 0
462 79 0
462 505 0
462 769 0
7 232 0
232 308 0
232 399 0
232 722 0
8 479 0
479 78 0
479 327 0
479 810 0
9 592 0
592 418 0
592 574 0
10 19 0
10 246 0
19 40 0
19 181 0
19 199 0
19 424 0
11 599 0
599 644 0
599 390 0
599 747 0
12 607 0
607 383 0
607 718 0
13 43 0
13 193 0
13 776 0
43 28 0
43 85 0
43 730 0
193 174 0
193 181 0
14 356 0
14 684 0
14 737 0
356 297 0
356 498 0
356 584 0
356 133 0
356 676 0
684 259 0
684 445 0
684 715 0
684 126 0
684 378 0
15 465 0
465 67 0
465 94 0
465 698 0
16 868 0
868 92 0
17 214 0
17 480 0
17 806 0
17 836 0
214 410 0
214 497 0
214 635 0
214 646 0
214 887 0
480 524 0
480 852 0
480 216 0
18 433 0
433 481 0
433 801 0
433 755 0
181 272 0
181 279 0
20 35 0
35 158 0
35 237 0
35 882 0
21 77 0
21 122 0
21 347 0
21 627 0
21 642 0
122 342 0
122 361 0
347 90 0
347 742 0
22 203 0
22 213 0
22 562 0
22 615 0
23 425 0
425 125 0
425 797 0
425 176 0
24 277 0
24 611 0
24 658 0
24 755 0
25 776 0
776 130 0
776 300 0
776 856 0
26 323 0
323 170 0
323 253 0
323 378 0
323 240 0
323 899 0
27 151 0
27 404 0
27 412 0
27 798 0
404 310 0
404 332 0
404 488 0
404 894 0
29 276 0
29 296 0
29 379 0
29 518 0
29 718 0
296 218 0
379 228 0
379 581 0
379 721 0
379 303 0
30 118 0
30 136 0
30 381 0
30 814 0
31 508 0
508 166 0
508 406 0
508 60 0
32 112 0
112 134 0
112 160 0
112 672 0
33 745 0
745 101 0
745 165 0
745 230 0
34 70 0
34 386 0
34 456 0
34 791 0
36 513 0
513 305 0
513 655 0
513 719 0
37 121 0
37 267 0
37 664 0
37 666 0
121 67 0
121 258 0
121 656 0
267 311 0
267 419 0
267 449 0
38 450 0
450 182 0
450 224 0
450 444 0
450 495 0
39 59 0
39 179 0
39 613 0
39 726 0
41 774 0
774 457 0
774 458 0
774 550 0
774 455 0
42 244 0
42 398 0
42 800 0
42 815 0
244 172 0
398 89 0
44 185 0
185 139 0
185 553 0
185 831 0
45 789 0
789 229 0
46 582 0
582 103 0
582 727 0
47 61 0
61 60 0
61 86 0
61 259 0
61 743 0
48 218 0
218 311 0
218 334 0
218 734 0
218 820 0
49 777 0
777 243 0
777 503 0
777 672 0
50 342 0
50 360 0
50 570 0
342 149 0
342 487 0
342 536 0
51 255 0
255 176 0
255 338 0
255 512 0
52 473 0
473 236 0
473 689 0
473 866 0
53 472 0
472 190 0
472 701 0
472 756 0
54 422 0
422 224 0
422 594 0
422 711 0
422 314 0
422 566 0
55 117 0
117 283 0
117 364 0
117 504 0
56 137 0
137 240 0
137 498 0
137 506 0
57 401 0
401 180 0
401 294 0
401 532 0
401 533 0
58 126 0
58 748 0
126 361 0
126 677 0
126 800 0
60 67 0
86 174 0
62 826 0
826 662 0
63 113 0
63 619 0
63 749 0
113 315 0
113 554 0
113 760 0
619 756 0
619 796 0
619 79 0
619 396 0
64 489 0
489 183 0
489 196 0
489 715 0
65 530 0
530 204 0
530 564 0
66 147 0
147 355 0
147 781 0
147 843 0
67 223 0
67 742 0
67 754 0
223 159 0
223 668 0
223 735 0
223 763 0
68 251 0
251 357 0
251 820 0
251 875 0
69 83 0
69 325 0
69 454 0
69 635 0
83 487 0
83 640 0
83 836 0
83 871 0
71 285 0
285 322 0
285 413 0
285 546 0
72 96 0
72 108 0
72 340 0
96 188 0
96 273 0
108 265 0
108 514 0
108 731 0
73 292 0
73 440 0
73 557 0
73 603 0
73 762 0
440 452 0
440 738 0
74 476 0
476 281 0
476 247 0
476 368 0
75 257 0
257 76 0
257 98 0
257 345 0
257 364 0
76 443 0
76 894 0
79 372 0
372 287 0
372 436 0
372 783 0
372 895 0
81 161 0
81 225 0
81 569 0
81 587 0
161 173 0
161 494 0
161 853 0
225 206 0
225 330 0
225 394 0
82 453 0
453 391 0
453 409 0
640 91 0
84 89 0
89 165 0
89 314 0
89 403 0
89 588 0
87 598 0
598 258 0
598 385 0
598 828 0
88 873 0
873 343 0
165 90 0
165 287 0
314 708 0
403 666 0
90 563 0
90 706 0
93 885 0
885 460 0
95 188 0
95 202 0
95 546 0
95 457 0
188 532 0
202 446 0
202 889 0
99 344 0
344 270 0
344 566 0
344 699 0
100 595 0
595 676 0
102 568 0
568 168 0
568 226 0
104 587 0
587 217 0
587 461 0
105 195 0
195 597 0
195 691 0
106 228 0
228 282 0
228 445 0
228 785 0
107 521 0
521 432 0
521 490 0
521 616 0
109 263 0
109 369 0
109 470 0
109 750 0
110 792 0
792 470 0
111 795 0
795 600 0
795 626 0
114 570 0
570 273 0
570 538 0
570 872 0
115 608 0
608 143 0
608 358 0
608 528 0
116 319 0
116 405 0
116 564 0
119 128 0
119 169 0
119 176 0
119 844 0
120 749 0
749 189 0
749 657 0
123 154 0
123 677 0
123 808 0
154 216 0
154 362 0
154 859 0
154 862 0
124 295 0
295 247 0
295 375 0
295 380 0
361 355 0
361 399 0
127 298 0
127 522 0
127 824 0
127 848 0
522 370 0
522 842 0
522 569 0
129 238 0
238 475 0
238 580 0
238 737 0
238 820 0
131 702 0
702 258 0
702 271 0
702 788 0
132 395 0
395 153 0
395 448 0
395 609 0
395 133 0
133 303 0
303 208 0
303 317 0
135 184 0
135 390 0
135 516 0
135 606 0
390 207 0
240 177 0
240 306 0
138 621 0
138 889 0
621 171 0
621 226 0
621 321 0
140 571 0
571 346 0
571 544 0
571 248 0
141 593 0
141 635 0
141 782 0
593 655 0
593 665 0
593 748 0
142 630 0
630 211 0
630 525 0
630 327 0
144 572 0
572 324 0
572 543 0
145 822 0
822 212 0
822 740 0
146 329 0
329 167 0
329 389 0
329 564 0
355 416 0
355 652 0
355 216 0
355 334 0
150 174 0
150 231 0
150 556 0
150 567 0
174 250 0
152 286 0
152 646 0
152 755 0
152 847 0
155 488 0
488 455 0
488 653 0
156 660 0
156 759 0
156 764 0
156 802 0
157 366 0
157 439 0
157 545 0
157 637 0
439 610 0
439 681 0
439 683 0
439 253 0
159 252 0
159 388 0
162 652 0
163 443 0
443 547 0
443 672 0
164 837 0
837 262 0
837 382 0
837 442 0
166 483 0
166 590 0
483 765 0
483 817 0
483 846 0
483 883 0
172 177 0
172 581 0
177 553 0
177 814 0
250 451 0
250 638 0
175 523 0
523 270 0
523 373 0
523 712 0
176 590 0
590 477 0
590 635 0
590 264 0
178 444 0
178 531 0
178 689 0
178 862 0
178 876 0
444 672 0
531 262 0
689 729 0
689 746 0
689 207 0
272 466 0
272 549 0
272 736 0
272 334 0
186 772 0
772 544 0
772 583 0
772 651 0
187 510 0
510 463 0
510 655 0
510 851 0
192 302 0
192 408 0
192 423 0
192 857 0
194 782 0
782 682 0
782 708 0
782 551 0
197 896 0
896 579 0
198 631 0
631 280 0
631 367 0
631 766 0
200 388 0
388 393 0
388 900 0
201 424 0
201 445 0
201 645 0
201 675 0
424 415 0
445 823 0
446 299 0
446 471 0
446 659 0
205 363 0
205 515 0
205 715 0
205 790 0
207 564 0
207 656 0
209 485 0
209 686 0
209 705 0
210 725 0
725 723 0
215 898 0
898 313 0
311 718 0
220 854 0
854 827 0
221 320 0
320 256 0
320 392 0
320 676 0
320 423 0
222 886 0
886 274 0
224 492 0
226 669 0
227 861 0
861 259 0
233 252 0
233 371 0
233 881 0
233 581 0
252 427 0
252 634 0
252 856 0
252 863 0
371 341 0
371 464 0
371 688 0
234 279 0
279 529 0
279 555 0
235 889 0
889 819 0
239 365 0
365 707 0
365 756 0
365 839 0
306 309 0
306 374 0
306 878 0
241 871 0
871 284 0
871 420 0
242 273 0
242 656 0
273 596 0
273 829 0
245 349 0
349 359 0
349 768 0
349 399 0
246 569 0
246 610 0
246 622 0
569 327 0
610 562 0
622 470 0
247 415 0
415 534 0
415 753 0
415 858 0
248 411 0
248 546 0
411 456 0
411 477 0
411 691 0
411 820 0
249 348 0
348 426 0
348 456 0
348 548 0
348 869 0
856 354 0
254 596 0
596 507 0
596 714 0
258 413 0
258 603 0
413 452 0
259 732 0
260 864 0
864 589 0
261 526 0
526 546 0
526 692 0
526 835 0
526 737 0
262 354 0
262 360 0
354 290 0
354 830 0
354 884 0
360 709 0
360 870 0
264 467 0
264 468 0
264 897 0
467 331 0
467 618 0
468 288 0
468 441 0
468 657 0
468 840 0
266 416 0
416 533 0
416 874 0
269 897 0
897 417 0
897 804 0
270 780 0
270 892 0
275 576 0
576 447 0
576 663 0
576 691 0
278 850 0
850 537 0
291 687 0
687 741 0
293 492 0
492 397 0
492 879 0
301 891 0
891 613 0
891 807 0
304 778 0
778 586 0
307 332 0
332 509 0
332 623 0
310 364 0
310 566 0
310 796 0
310 882 0
364 558 0
312 780 0
780 429 0
780 752 0
316 681 0
318 881 0
881 431 0
881 636 0
378 335 0
327 650 0
650 435 0
335 358 0
335 604 0
335 612 0
358 575 0
358 892 0
336 585 0
585 493 0
585 553 0
585 671 0
337 520 0
337 533 0
337 546 0
337 625 0
337 771 0
339 808 0
808 628 0
808 744 0
426 553 0
456 542 0
456 554 0
350 352 0
352 544 0
352 624 0
352 818 0
351 696 0
696 414 0
544 761 0
353 474 0
474 565 0
474 756 0
474 867 0
575 376 0
575 560 0
575 583 0
558 739 0
558 542 0
558 779 0
370 396 0
370 629 0
370 813 0
370 872 0
396 829 0
377 746 0
746 535 0
746 648 0
581 423 0
384 649 0
649 541 0
387 673 0
673 551 0
673 561 0
673 643 0
900 674 0
400 620 0
620 562 0
402 670 0
670 539 0
407 511 0
511 457 0
511 602 0
511 690 0
477 708 0
477 800 0
421 578 0
578 423 0
578 717 0
578 803 0
428 799 0
799 496 0
799 501 0
430 773 0
773 486 0
773 532 0
773 805 0
432 669 0
432 694 0
432 807 0
669 551 0
669 656 0
694 693 0
434 617 0
617 478 0
437 838 0
838 751 0
438 704 0
704 499 0
452 559 0
452 695 0
452 728 0
738 577 0
554 737 0
469 748 0
748 470 0
482 724 0
724 484 0
724 517 0
724 715 0
491 754 0
754 540 0
500 806 0
806 573 0
806 816 0
502 666 0
666 552 0
519 842 0
842 775 0
842 809 0
527 829 0
829 639 0
574 583 0
583 657 0
583 894 0
591 664 0
664 661 0
664 812 0
601 767 0
767 609 0
613 674 0
796 800 0
796 892 0
766 892 0
632 860 0
860 849 0
641 821 0
641 855 0
672 835 0
755 784 0
784 815 0
