800 799 0
1 757 0
757 26 0
757 106 0
757 557 0
2 119 0
119 37 0
119 114 0
119 129 0
3 155 0
155 95 0
155 507 0
155 753 0
4 21 0
21 102 0
21 105 0
21 168 0
5 200 0
5 402 0
5 561 0
5 654 0
200 251 0
200 456 0
200 732 0
402 194 0
402 215 0
402 747 0
6 183 0
183 9 0
183 70 0
183 432 0
183 680 0
7 41 0
7 531 0
7 545 0
7 611 0
7 695 0
41 421 0
41 613 0
41 769 0
531 181 0
531 347 0
531 409 0
531 621 0
8 161 0
8 300 0
8 305 0
8 427 0
300 265 0
300 464 0
300 654 0
9 238 0
9 539 0
10 83 0
83 152 0
83 683 0
83 781 0
11 218 0
218 450 0
218 590 0
218 737 0
12 306 0
12 422 0
12 446 0
12 636 0
306 502 0
306 718 0
306 787 0
422 108 0
422 560 0
422 463 0
13 282 0
282 156 0
282 479 0
14 16 0
14 154 0
14 204 0
14 501 0
16 54 0
16 463 0
16 700 0
15 348 0
348 226 0
348 78 0
348 354 0
54 84 0
54 188 0
54 670 0
17 393 0
393 595 0
393 623 0
393 264 0
18 136 0
136 73 0
136 254 0
136 770 0
19 485 0
485 103 0
485 420 0
485 682 0
20 768 0
768 151 0
768 618 0
22 112 0
112 280 0
112 404 0
112 546 0
112 613 0
23 128 0
23 440 0
23 508 0
23 706 0
24 567 0
24 573 0
24 686 0
24 800 0
25 108 0
25 189 0
25 370 0
25 484 0
108 527 0
108 662 0
189 126 0
189 551 0
189 738 0
27 535 0
535 415 0
535 703 0
535 799 0
28 114 0
28 234 0
28 448 0
28 612 0
114 153 0
114 755 0
29 555 0
555 86 0
555 328 0
555 527 0
30 637 0
637 588 0
637 659 0
31 574 0
574 92 0
574 137 0
574 421 0
32 56 0
32 159 0
32 319 0
32 460 0
32 598 0
32 635 0
56 322 0
56 717 0
319 783 0
319 554 0
33 68 0
68 590 0
68 782 0
68 797 0
34 243 0
34 342 0
34 433 0
34 472 0
34 777 0
342 242 0
342 361 0
35 787 0
787 231 0
787 269 0
36 47 0
36 388 0
36 560 0
47 285 0
47 409 0
47 462 0
47 769 0
38 416 0
416 385 0
416 487 0
416 120 0
39 439 0
439 213 0
439 435 0
439 530 0
40 717 0
717 100 0
717 583 0
717 649 0
421 62 0
421 565 0
42 48 0
42 239 0
42 527 0
42 740 0
43 713 0
713 436 0
713 540 0
713 800 0
713 331 0
44 495 0
495 527 0
495 684 0
495 761 0
45 177 0
177 123 0
177 619 0
177 652 0
46 565 0
565 139 0
565 164 0
565 395 0
285 765 0
285 775 0
285 117 0
49 203 0
49 241 0
49 363 0
49 789 0
203 221 0
203 270 0
203 558 0
50 97 0
50 331 0
50 425 0
50 517 0
50 600 0
331 712 0
51 295 0
295 419 0
295 663 0
295 667 0
52 66 0
66 78 0
66 696 0
53 795 0
795 57 0
795 562 0
795 345 0
795 614 0
55 398 0
398 581 0
398 628 0
398 800 0
58 98 0
98 146 0
98 480 0
98 516 0
59 361 0
361 85 0
361 727 0
60 453 0
453 223 0
453 405 0
453 613 0
61 355 0
61 470 0
61 607 0
61 765 0
355 315 0
355 434 0
355 780 0
470 74 0
470 489 0
470 702 0
62 345 0
62 477 0
62 694 0
62 790 0
345 464 0
63 209 0
63 349 0
63 632 0
63 678 0
632 169 0
64 561 0
561 256 0
561 641 0
65 523 0
523 75 0
523 610 0
523 627 0
78 117 0
67 446 0
67 519 0
67 704 0
67 741 0
446 323 0
446 424 0
590 582 0
590 746 0
69 539 0
69 543 0
69 690 0
69 775 0
539 261 0
539 414 0
539 579 0
543 296 0
543 444 0
543 395 0
543 650 0
70 117 0
70 214 0
70 353 0
117 109 0
117 133 0
71 752 0
752 184 0
752 792 0
752 75 0
72 163 0
163 640 0
163 697 0
163 698 0
75 283 0
75 582 0
283 157 0
283 570 0
283 601 0
76 492 0
492 121 0
492 308 0
492 377 0
77 386 0
386 111 0
386 120 0
386 304 0
79 785 0
785 318 0
785 557 0
785 766 0
80 475 0
475 375 0
475 503 0
475 683 0
81 187 0
187 193 0
187 197 0
82 227 0
227 248 0
227 488 0
227 639 0
87 370 0
370 658 0
370 774 0
88 528 0
88 560 0
88 654 0
88 582 0
528 514 0
560 445 0
89 510 0
510 381 0
510 608 0
510 655 0
90 634 0
634 222 0
91 410 0
410 273 0
410 710 0
93 387 0
387 140 0
387 624 0
387 744 0
387 771 0
94 143 0
94 202 0
94 617 0
94 784 0
96 406 0
406 103 0
406 324 0
406 473 0
99 166 0
166 266 0
166 490 0
166 779 0
101 364 0
364 120 0
364 230 0
364 369 0
103 681 0
103 775 0
104 366 0
366 171 0
366 562 0
366 756 0
107 491 0
491 133 0
491 362 0
491 724 0
109 267 0
109 480 0
110 512 0
512 307 0
512 466 0
404 305 0
404 695 0
113 714 0
714 494 0
714 276 0
714 294 0
153 462 0
153 770 0
153 779 0
115 758 0
758 333 0
758 764 0
758 649 0
116 469 0
469 124 0
469 442 0
118 221 0
221 552 0
221 750 0
120 352 0
352 388 0
352 553 0
352 562 0
122 277 0
277 205 0
277 292 0
277 360 0
125 589 0
589 232 0
589 276 0
589 289 0
127 762 0
762 609 0
762 691 0
762 602 0
130 169 0
169 299 0
169 412 0
131 244 0
131 459 0
131 534 0
131 723 0
132 695 0
695 340 0
133 423 0
133 708 0
423 263 0
423 478 0
423 668 0
134 205 0
134 264 0
134 310 0
134 445 0
134 683 0
205 699 0
205 721 0
264 259 0
264 344 0
310 408 0
310 547 0
135 214 0
214 147 0
214 778 0
138 566 0
566 334 0
566 505 0
566 534 0
141 484 0
484 178 0
484 620 0
142 407 0
407 313 0
407 720 0
407 788 0
144 179 0
179 247 0
179 576 0
179 517 0
145 258 0
258 308 0
258 661 0
258 709 0
148 259 0
259 286 0
259 688 0
149 180 0
180 577 0
180 606 0
180 636 0
150 547 0
547 480 0
547 228 0
462 270 0
462 498 0
158 708 0
708 260 0
708 651 0
708 771 0
160 504 0
504 367 0
504 480 0
504 794 0
162 493 0
493 206 0
493 301 0
493 693 0
165 798 0
798 271 0
798 593 0
167 322 0
322 511 0
322 553 0
168 297 0
168 431 0
168 638 0
168 751 0
297 721 0
297 786 0
431 388 0
431 542 0
638 176 0
638 320 0
638 518 0
170 172 0
170 426 0
170 613 0
170 726 0
173 672 0
672 457 0
672 679 0
672 562 0
174 175 0
174 314 0
174 675 0
174 749 0
182 681 0
681 236 0
681 591 0
185 225 0
185 471 0
185 629 0
186 630 0
630 255 0
630 368 0
190 447 0
447 417 0
447 514 0
447 572 0
191 690 0
690 207 0
690 356 0
192 578 0
578 284 0
578 683 0
578 729 0
195 208 0
208 350 0
208 533 0
208 553 0
196 235 0
235 396 0
235 496 0
198 268 0
198 465 0
198 529 0
199 699 0
699 229 0
699 373 0
201 278 0
201 343 0
201 415 0
201 645 0
210 564 0
564 237 0
564 378 0
211 413 0
211 575 0
211 663 0
211 739 0
212 596 0
596 216 0
596 653 0
217 240 0
217 514 0
217 550 0
217 669 0
514 604 0
219 408 0
408 338 0
408 676 0
408 313 0
220 359 0
359 411 0
359 571 0
224 312 0
312 317 0
312 389 0
312 542 0
248 376 0
248 524 0
228 279 0
228 553 0
279 509 0
279 647 0
279 754 0
233 597 0
597 397 0
597 483 0
597 608 0
238 499 0
238 649 0
238 685 0
649 401 0
242 513 0
242 568 0
242 626 0
245 458 0
458 520 0
458 602 0
458 745 0
246 302 0
302 313 0
302 337 0
302 742 0
376 517 0
376 769 0
376 800 0
249 339 0
249 383 0
249 569 0
339 674 0
339 730 0
339 771 0
383 327 0
383 380 0
383 461 0
250 502 0
502 437 0
502 673 0
252 293 0
293 311 0
293 329 0
293 663 0
253 607 0
607 321 0
607 616 0
257 733 0
733 517 0
733 592 0
733 728 0
308 275 0
262 611 0
611 291 0
611 525 0
265 371 0
265 498 0
267 392 0
267 563 0
267 608 0
270 557 0
557 689 0
272 721 0
721 384 0
274 344 0
344 585 0
344 599 0
275 346 0
275 642 0
275 735 0
276 633 0
281 351 0
351 309 0
351 482 0
351 508 0
765 508 0
765 635 0
287 689 0
689 357 0
689 474 0
288 751 0
751 481 0
751 743 0
290 700 0
700 584 0
700 677 0
294 325 0
294 445 0
294 554 0
325 298 0
325 358 0
325 734 0
445 624 0
301 554 0
313 654 0
303 746 0
746 486 0
746 500 0
305 654 0
316 763 0
763 391 0
763 468 0
323 403 0
323 454 0
323 705 0
326 786 0
786 532 0
786 553 0
786 715 0
330 372 0
372 390 0
372 544 0
372 697 0
332 755 0
755 418 0
755 719 0
335 353 0
353 541 0
353 594 0
336 633 0
633 415 0
633 711 0
341 558 0
558 382 0
558 776 0
365 554 0
554 443 0
374 569 0
569 666 0
569 793 0
379 548 0
548 400 0
548 521 0
624 692 0
394 424 0
424 452 0
424 665 0
395 537 0
537 508 0
537 538 0
537 622 0
399 467 0
467 635 0
467 660 0
467 748 0
467 498 0
401 675 0
401 753 0
401 769 0
428 760 0
760 602 0
760 671 0
760 722 0
429 553 0
429 692 0
430 712 0
712 455 0
438 524 0
524 441 0
524 625 0
449 716 0
716 556 0
451 464 0
464 603 0
463 608 0
463 619 0
635 536 0
476 718 0
718 526 0
718 664 0
480 656 0
480 773 0
656 534 0
494 631 0
497 736 0
736 530 0
736 580 0
506 791 0
791 549 0
791 530 0
791 731 0
604 515 0
604 605 0
604 759 0
522 534 0
522 646 0
522 707 0
522 767 0
530 643 0
643 602 0
536 644 0
536 648 0
536 701 0
559 692 0
692 586 0
692 657 0
582 663 0
587 725 0
725 615 0
725 772 0
662 783 0
783 687 0
783 796 0
775 784 0
