674 699 0
1 34 0
34 32 0
34 231 0
34 502 0
34 547 0
2 379 0
379 45 0
379 138 0
3 189 0
189 206 0
189 383 0
189 658 0
4 204 0
4 245 0
4 443 0
204 35 0
204 136 0
204 473 0
5 59 0
59 303 0
59 411 0
59 446 0
6 28 0
6 291 0
6 382 0
6 494 0
7 60 0
7 137 0
7 264 0
7 315 0
7 414 0
7 489 0
60 218 0
60 347 0
60 450 0
60 264 0
137 480 0
137 517 0
137 601 0
315 325 0
315 266 0
315 567 0
8 434 0
434 513 0
434 514 0
434 537 0
434 33 0
9 71 0
71 409 0
71 472 0
71 634 0
10 518 0
518 558 0
518 261 0
11 78 0
78 486 0
78 553 0
78 555 0
78 584 0
12 692 0
692 484 0
692 496 0
692 184 0
13 145 0
13 256 0
13 274 0
13 364 0
13 619 0
145 104 0
145 225 0
256 80 0
256 221 0
256 131 0
274 286 0
274 527 0
14 217 0
14 243 0
14 306 0
14 700 0
15 333 0
15 388 0
15 671 0
15 700 0
16 237 0
237 439 0
237 659 0
237 289 0
237 661 0
17 76 0
76 334 0
76 375 0
76 390 0
18 128 0
18 196 0
18 292 0
18 496 0
18 505 0
128 166 0
128 235 0
128 377 0
196 257 0
196 365 0
196 339 0
196 607 0
292 329 0
292 369 0
292 73 0
19 330 0
19 426 0
19 663 0
330 130 0
330 183 0
330 207 0
330 251 0
20 82 0
82 396 0
82 479 0
82 483 0
21 301 0
301 246 0
301 288 0
301 557 0
22 225 0
22 459 0
22 605 0
225 86 0
225 565 0
23 159 0
23 234 0
23 266 0
23 392 0
23 549 0
23 554 0
234 171 0
234 201 0
266 412 0
24 403 0
403 194 0
25 682 0
682 190 0
26 461 0
461 147 0
27 29 0
27 160 0
27 245 0
27 300 0
27 349 0
27 350 0
27 511 0
27 530 0
27 672 0
29 295 0
160 385 0
160 569 0
245 354 0
245 397 0
350 208 0
350 527 0
30 653 0
653 64 0
653 337 0
653 231 0
31 302 0
31 329 0
302 364 0
302 482 0
32 231 0
33 294 0
33 550 0
294 56 0
294 65 0
294 250 0
231 280 0
231 690 0
36 335 0
335 98 0
335 629 0
37 74 0
37 129 0
37 355 0
37 506 0
37 632 0
129 694 0
129 665 0
38 58 0
58 203 0
58 619 0
58 648 0
39 220 0
220 276 0
220 423 0
220 610 0
40 253 0
253 405 0
253 579 0
253 654 0
41 119 0
119 73 0
119 173 0
119 361 0
42 77 0
42 229 0
42 299 0
42 565 0
42 616 0
77 63 0
77 208 0
77 425 0
77 482 0
229 163 0
229 171 0
229 63 0
43 460 0
460 139 0
460 308 0
460 94 0
44 348 0
348 284 0
46 470 0
470 212 0
470 343 0
470 319 0
470 409 0
47 242 0
242 72 0
242 356 0
242 497 0
48 126 0
48 285 0
48 439 0
48 465 0
49 414 0
49 444 0
49 521 0
49 564 0
414 404 0
414 694 0
444 322 0
444 172 0
521 493 0
50 142 0
50 418 0
142 158 0
142 446 0
142 491 0
51 561 0
561 332 0
561 227 0
561 513 0
52 366 0
366 236 0
366 447 0
53 230 0
230 91 0
230 571 0
230 604 0
54 310 0
310 184 0
310 410 0
55 627 0
627 219 0
627 233 0
56 495 0
56 523 0
495 409 0
57 222 0
222 73 0
222 281 0
222 410 0
222 437 0
222 672 0
61 425 0
425 272 0
425 638 0
425 684 0
425 267 0
62 536 0
536 149 0
63 346 0
66 523 0
523 215 0
523 646 0
523 688 0
67 500 0
500 152 0
68 94 0
68 179 0
94 156 0
94 313 0
94 455 0
69 293 0
69 331 0
69 488 0
69 549 0
70 287 0
287 138 0
287 309 0
287 428 0
287 449 0
287 622 0
409 662 0
409 148 0
75 466 0
466 644 0
208 399 0
208 668 0
208 695 0
486 161 0
79 626 0
626 213 0
626 238 0
80 99 0
80 144 0
80 193 0
80 227 0
80 424 0
80 453 0
144 395 0
193 570 0
193 179 0
81 296 0
296 248 0
296 279 0
479 268 0
479 564 0
83 209 0
83 353 0
83 375 0
83 492 0
84 526 0
526 141 0
526 298 0
85 171 0
85 323 0
85 569 0
171 134 0
171 255 0
171 640 0
323 423 0
323 493 0
86 132 0
86 282 0
86 381 0
86 413 0
86 449 0
86 549 0
132 385 0
132 564 0
87 490 0
490 404 0
490 452 0
88 662 0
662 197 0
662 307 0
89 317 0
89 372 0
89 605 0
89 672 0
89 675 0
372 192 0
605 455 0
605 102 0
90 476 0
476 133 0
92 180 0
92 405 0
92 432 0
92 528 0
92 588 0
93 138 0
93 318 0
93 386 0
93 429 0
138 482 0
156 496 0
156 576 0
156 636 0
313 363 0
313 422 0
313 362 0
95 384 0
384 519 0
96 161 0
96 665 0
96 699 0
161 534 0
161 565 0
161 630 0
97 680 0
680 249 0
680 635 0
100 305 0
305 200 0
305 473 0
305 428 0
101 471 0
471 545 0
102 289 0
102 326 0
102 431 0
102 681 0
289 407 0
103 172 0
172 370 0
172 426 0
104 251 0
104 474 0
104 485 0
104 574 0
251 455 0
251 543 0
105 211 0
211 199 0
211 262 0
211 477 0
106 148 0
106 186 0
106 224 0
106 270 0
186 167 0
186 369 0
186 645 0
224 184 0
224 267 0
224 427 0
224 546 0
224 612 0
107 221 0
221 441 0
221 512 0
108 678 0
678 615 0
678 181 0
109 210 0
210 360 0
210 438 0
110 198 0
198 178 0
198 436 0
111 420 0
111 577 0
111 591 0
111 618 0
420 206 0
112 508 0
508 125 0
113 341 0
341 122 0
341 271 0
341 404 0
114 328 0
114 446 0
114 507 0
114 515 0
114 551 0
446 154 0
507 401 0
507 158 0
115 539 0
539 153 0
539 380 0
539 552 0
116 321 0
321 516 0
321 594 0
321 611 0
117 504 0
504 498 0
504 609 0
118 456 0
456 143 0
456 448 0
120 578 0
578 239 0
578 481 0
578 162 0
121 179 0
179 316 0
179 597 0
179 604 0
123 505 0
505 544 0
505 573 0
124 509 0
509 368 0
127 570 0
570 297 0
570 697 0
570 517 0
131 169 0
131 407 0
169 228 0
169 342 0
169 660 0
169 506 0
135 157 0
135 168 0
135 421 0
135 430 0
168 324 0
168 647 0
140 542 0
542 400 0
542 506 0
542 556 0
146 401 0
401 357 0
401 559 0
150 468 0
468 241 0
468 275 0
468 375 0
151 443 0
443 185 0
443 258 0
443 691 0
154 356 0
154 364 0
154 617 0
364 324 0
155 395 0
395 408 0
395 656 0
162 329 0
162 550 0
329 354 0
329 455 0
550 679 0
163 170 0
163 261 0
163 581 0
163 669 0
261 187 0
261 280 0
261 519 0
164 311 0
164 338 0
164 339 0
164 345 0
164 426 0
311 369 0
165 407 0
407 199 0
324 473 0
324 656 0
174 643 0
643 216 0
175 268 0
268 562 0
268 583 0
176 412 0
412 454 0
412 623 0
412 633 0
412 184 0
177 569 0
569 223 0
569 428 0
569 316 0
604 188 0
181 463 0
181 642 0
463 269 0
463 371 0
463 376 0
642 426 0
182 663 0
663 352 0
663 622 0
187 312 0
187 458 0
187 557 0
188 374 0
188 592 0
188 693 0
206 385 0
206 641 0
191 621 0
621 277 0
621 426 0
192 473 0
195 655 0
655 631 0
199 402 0
402 290 0
201 327 0
201 442 0
201 487 0
201 594 0
442 286 0
202 598 0
598 273 0
598 320 0
598 435 0
205 398 0
398 207 0
398 393 0
207 418 0
214 304 0
214 519 0
304 320 0
304 362 0
304 600 0
304 602 0
410 543 0
223 286 0
223 529 0
286 254 0
286 666 0
286 670 0
267 549 0
226 543 0
543 478 0
543 625 0
280 451 0
280 546 0
690 541 0
690 593 0
232 683 0
683 535 0
240 596 0
596 391 0
596 644 0
596 649 0
244 270 0
270 319 0
270 406 0
270 595 0
397 336 0
247 457 0
457 382 0
252 587 0
587 560 0
587 566 0
259 503 0
503 278 0
503 344 0
260 527 0
527 548 0
263 295 0
295 423 0
295 533 0
265 651 0
651 531 0
319 473 0
283 647 0
647 387 0
647 433 0
449 322 0
423 652 0
320 608 0
473 657 0
314 367 0
367 340 0
608 416 0
322 498 0
322 552 0
322 589 0
322 685 0
346 440 0
346 572 0
346 656 0
351 357 0
351 493 0
351 631 0
358 445 0
358 638 0
359 538 0
538 373 0
375 517 0
375 575 0
575 590 0
382 564 0
564 580 0
519 594 0
389 699 0
699 540 0
699 599 0
394 665 0
665 694 0
415 664 0
664 499 0
417 603 0
603 613 0
418 464 0
418 612 0
418 650 0
418 687 0
462 529 0
529 524 0
529 590 0
529 673 0
657 510 0
475 652 0
497 546 0
506 641 0
548 549 0
606 614 0
606 686 0
