868 899 0
1 226 0
1 239 0
226 205 0
226 219 0
226 470 0
226 636 0
226 719 0
2 307 0
2 516 0
2 634 0
2 784 0
307 148 0
3 140 0
3 177 0
140 624 0
140 664 0
140 697 0
140 741 0
4 139 0
139 59 0
139 213 0
139 465 0
139 581 0
5 419 0
419 353 0
419 431 0
419 796 0
6 171 0
171 324 0
171 621 0
171 778 0
7 772 0
772 84 0
772 364 0
772 461 0
8 248 0
248 537 0
248 657 0
248 733 0
9 713 0
713 791 0
713 86 0
713 210 0
10 112 0
10 214 0
10 356 0
10 469 0
112 299 0
112 325 0
112 403 0
214 78 0
214 543 0
214 667 0
356 370 0
356 430 0
356 48 0
356 808 0
11 120 0
120 50 0
120 525 0
120 742 0
12 197 0
12 395 0
12 477 0
12 580 0
197 281 0
197 384 0
197 853 0
197 474 0
395 472 0
395 623 0
13 92 0
13 212 0
13 475 0
13 790 0
13 818 0
92 833 0
92 240 0
14 287 0
287 146 0
287 534 0
287 785 0
15 650 0
650 508 0
16 141 0
16 498 0
16 734 0
16 819 0
141 43 0
17 46 0
17 167 0
17 392 0
17 601 0
167 313 0
167 467 0
167 768 0
18 272 0
272 383 0
272 626 0
272 665 0
19 295 0
295 537 0
295 548 0
295 730 0
20 256 0
20 328 0
20 613 0
256 196 0
256 223 0
256 755 0
328 241 0
328 814 0
328 417 0
328 201 0
21 80 0
80 460 0
80 611 0
80 856 0
22 607 0
22 700 0
22 815 0
607 499 0
607 559 0
607 469 0
700 326 0
700 571 0
700 188 0
700 210 0
700 234 0
700 433 0
23 770 0
770 250 0
770 483 0
24 717 0
717 574 0
25 701 0
701 343 0
701 727 0
26 255 0
255 282 0
255 749 0
255 868 0
27 254 0
254 201 0
254 206 0
28 143 0
28 300 0
28 464 0
143 146 0
143 822 0
143 843 0
143 851 0
300 99 0
300 455 0
300 253 0
29 193 0
193 188 0
193 326 0
193 668 0
30 652 0
652 134 0
652 432 0
31 317 0
31 349 0
31 442 0
317 170 0
317 399 0
349 251 0
349 353 0
349 369 0
349 370 0
32 404 0
404 210 0
404 266 0
404 50 0
404 572 0
33 594 0
594 426 0
34 578 0
578 61 0
578 588 0
578 203 0
35 329 0
35 365 0
35 686 0
35 813 0
35 850 0
329 204 0
329 459 0
329 355 0
365 42 0
365 433 0
365 632 0
365 871 0
365 682 0
686 204 0
36 522 0
522 630 0
522 631 0
37 74 0
37 157 0
37 189 0
37 240 0
37 459 0
74 507 0
74 100 0
157 102 0
157 286 0
157 453 0
157 876 0
189 690 0
189 744 0
38 148 0
148 203 0
148 603 0
148 855 0
39 48 0
39 590 0
39 773 0
48 166 0
48 532 0
40 114 0
40 279 0
40 629 0
40 753 0
41 394 0
394 145 0
394 285 0
394 430 0
42 822 0
42 900 0
43 381 0
43 685 0
43 723 0
43 803 0
43 806 0
723 477 0
723 101 0
44 195 0
195 327 0
195 727 0
195 891 0
45 473 0
45 618 0
45 676 0
45 829 0
473 63 0
473 129 0
473 589 0
618 47 0
618 493 0
618 832 0
676 581 0
49 869 0
869 332 0
50 291 0
50 310 0
291 101 0
291 634 0
310 438 0
310 801 0
310 822 0
51 56 0
56 162 0
56 461 0
56 619 0
52 529 0
529 207 0
529 292 0
529 496 0
53 211 0
53 228 0
53 294 0
53 823 0
54 375 0
375 258 0
375 350 0
375 102 0
375 854 0
55 445 0
445 316 0
445 634 0
445 651 0
57 249 0
57 661 0
57 699 0
57 762 0
661 305 0
661 164 0
661 555 0
58 60 0
60 100 0
60 205 0
60 265 0
100 612 0
62 220 0
62 303 0
62 377 0
220 443 0
220 710 0
220 858 0
63 70 0
63 586 0
63 593 0
63 835 0
70 558 0
70 694 0
70 881 0
586 128 0
586 155 0
586 277 0
64 243 0
64 267 0
64 400 0
243 305 0
65 604 0
65 653 0
65 900 0
604 180 0
604 377 0
604 608 0
66 269 0
269 224 0
269 793 0
269 801 0
67 233 0
67 367 0
67 378 0
67 517 0
67 682 0
67 784 0
233 165 0
233 570 0
233 844 0
367 186 0
367 298 0
367 428 0
378 213 0
378 429 0
378 518 0
378 241 0
517 346 0
517 420 0
517 487 0
682 315 0
68 163 0
68 191 0
68 377 0
68 433 0
163 216 0
163 752 0
191 376 0
191 595 0
191 834 0
191 313 0
69 131 0
131 133 0
131 405 0
131 890 0
71 502 0
71 532 0
71 564 0
502 172 0
502 539 0
502 518 0
72 91 0
72 312 0
72 503 0
72 627 0
73 464 0
464 232 0
464 702 0
464 799 0
507 440 0
507 747 0
507 786 0
75 612 0
612 275 0
612 369 0
612 458 0
76 93 0
93 340 0
93 430 0
93 874 0
77 217 0
217 83 0
217 159 0
79 422 0
422 491 0
422 695 0
422 766 0
81 528 0
81 599 0
81 638 0
81 790 0
82 488 0
82 598 0
82 645 0
82 648 0
85 164 0
164 494 0
164 696 0
86 179 0
86 200 0
86 777 0
179 132 0
179 306 0
179 450 0
200 286 0
200 627 0
200 324 0
87 421 0
421 361 0
421 377 0
421 526 0
88 538 0
538 104 0
538 753 0
538 821 0
89 244 0
89 273 0
89 440 0
89 622 0
90 333 0
333 462 0
333 707 0
94 595 0
595 278 0
595 290 0
95 547 0
95 581 0
95 666 0
95 681 0
581 326 0
96 407 0
407 106 0
407 845 0
407 438 0
97 829 0
829 337 0
829 705 0
98 646 0
646 296 0
101 444 0
101 490 0
102 177 0
102 185 0
102 442 0
177 443 0
185 391 0
185 600 0
185 617 0
185 846 0
103 105 0
103 201 0
103 322 0
103 857 0
201 314 0
107 202 0
202 573 0
202 787 0
202 801 0
108 238 0
108 542 0
108 776 0
108 778 0
542 230 0
109 459 0
459 257 0
110 358 0
358 311 0
358 353 0
358 454 0
111 519 0
519 382 0
519 389 0
519 575 0
519 808 0
519 353 0
113 198 0
113 425 0
113 684 0
115 283 0
283 229 0
283 569 0
283 876 0
116 592 0
592 187 0
592 207 0
592 649 0
117 373 0
373 512 0
373 718 0
373 843 0
118 303 0
303 144 0
303 417 0
303 627 0
119 774 0
774 401 0
774 771 0
774 251 0
774 146 0
121 368 0
121 549 0
121 557 0
121 849 0
122 304 0
304 156 0
304 204 0
304 660 0
123 385 0
123 441 0
123 895 0
123 653 0
124 380 0
124 411 0
124 546 0
124 890 0
125 150 0
125 414 0
125 627 0
125 761 0
126 130 0
130 175 0
130 263 0
130 788 0
127 429 0
127 466 0
127 783 0
127 827 0
429 571 0
129 751 0
129 797 0
129 900 0
751 666 0
751 318 0
751 695 0
175 245 0
175 338 0
135 492 0
492 371 0
136 671 0
671 440 0
137 183 0
183 271 0
183 396 0
183 438 0
138 834 0
834 280 0
834 288 0
213 564 0
624 710 0
624 804 0
142 580 0
580 393 0
580 852 0
146 561 0
822 345 0
147 752 0
752 359 0
752 750 0
203 424 0
203 439 0
149 810 0
810 481 0
151 334 0
151 537 0
151 683 0
151 879 0
152 192 0
152 222 0
152 253 0
152 294 0
152 654 0
253 768 0
153 374 0
374 169 0
374 242 0
374 666 0
154 564 0
564 589 0
564 674 0
564 871 0
286 900 0
286 439 0
158 297 0
297 335 0
297 355 0
297 443 0
160 390 0
160 587 0
160 802 0
160 871 0
161 724 0
724 410 0
724 456 0
216 176 0
216 447 0
216 484 0
494 449 0
467 433 0
467 567 0
168 767 0
767 814 0
170 626 0
170 639 0
170 641 0
170 789 0
170 867 0
626 555 0
639 315 0
639 470 0
173 605 0
605 262 0
174 781 0
781 468 0
781 500 0
781 702 0
245 218 0
245 357 0
245 602 0
443 644 0
443 850 0
178 614 0
614 323 0
614 363 0
614 611 0
181 247 0
247 318 0
247 463 0
247 896 0
182 406 0
182 563 0
182 571 0
182 735 0
184 692 0
692 276 0
692 321 0
391 387 0
188 562 0
188 677 0
562 514 0
562 678 0
562 698 0
190 461 0
190 554 0
190 566 0
190 860 0
461 439 0
376 194 0
376 347 0
376 824 0
199 309 0
309 336 0
309 606 0
309 739 0
424 408 0
424 633 0
424 642 0
204 861 0
861 225 0
861 301 0
861 520 0
205 230 0
205 387 0
230 241 0
230 729 0
230 827 0
387 476 0
387 841 0
207 477 0
477 632 0
208 722 0
722 536 0
722 571 0
722 769 0
209 215 0
215 258 0
215 416 0
215 438 0
215 589 0
258 840 0
258 863 0
219 540 0
221 264 0
221 523 0
221 702 0
221 886 0
227 812 0
812 616 0
241 900 0
729 239 0
231 839 0
839 615 0
234 567 0
567 315 0
567 833 0
235 693 0
693 274 0
236 417 0
236 778 0
417 827 0
237 448 0
448 284 0
448 430 0
448 672 0
239 389 0
239 412 0
239 596 0
239 743 0
389 544 0
240 423 0
240 453 0
240 899 0
453 361 0
246 736 0
736 282 0
318 556 0
251 361 0
361 883 0
252 711 0
711 259 0
711 434 0
282 805 0
282 883 0
260 777 0
777 708 0
777 889 0
777 323 0
261 804 0
804 355 0
804 593 0
804 893 0
804 345 0
804 511 0
268 351 0
351 469 0
351 509 0
351 687 0
270 533 0
270 637 0
270 666 0
270 775 0
289 859 0
859 397 0
293 457 0
457 372 0
457 670 0
294 579 0
579 451 0
579 725 0
579 862 0
302 532 0
532 530 0
532 545 0
305 515 0
305 679 0
305 757 0
308 878 0
878 342 0
438 628 0
314 331 0
314 531 0
315 402 0
315 808 0
556 553 0
556 659 0
556 816 0
319 740 0
740 802 0
320 756 0
756 330 0
756 437 0
756 426 0
756 675 0
323 883 0
338 495 0
338 577 0
338 673 0
339 688 0
688 653 0
341 870 0
870 436 0
870 884 0
344 399 0
399 843 0
399 848 0
345 597 0
597 362 0
348 354 0
354 418 0
354 482 0
354 695 0
369 663 0
352 768 0
768 866 0
370 511 0
370 653 0
430 518 0
360 716 0
716 634 0
716 721 0
366 449 0
449 413 0
449 628 0
511 555 0
653 585 0
377 837 0
837 842 0
379 815 0
815 689 0
815 811 0
386 644 0
388 583 0
583 645 0
583 715 0
583 746 0
583 898 0
398 758 0
758 506 0
843 825 0
409 897 0
897 584 0
415 613 0
613 479 0
613 737 0
427 442 0
442 728 0
435 709 0
709 565 0
439 675 0
675 452 0
675 513 0
440 850 0
446 585 0
585 505 0
585 795 0
585 784 0
452 714 0
452 738 0
452 760 0
702 813 0
471 877 0
877 480 0
877 739 0
474 658 0
658 497 0
478 513 0
513 482 0
513 489 0
513 544 0
513 794 0
513 836 0
485 677 0
677 809 0
677 838 0
486 656 0
656 732 0
501 663 0
663 541 0
504 840 0
840 550 0
840 851 0
510 620 0
620 731 0
521 561 0
561 527 0
561 643 0
524 833 0
833 535 0
540 557 0
540 560 0
540 591 0
540 662 0
557 813 0
551 712 0
712 782 0
552 805 0
805 780 0
805 864 0
555 611 0
568 635 0
635 609 0
576 582 0
576 765 0
576 798 0
645 883 0
634 797 0
797 753 0
640 887 0
887 680 0
883 734 0
691 754 0
754 703 0
800 835 0
835 830 0
835 848 0
825 872 0
