862 899 0
1 55 0
1 91 0
55 70 0
55 111 0
2 328 0
2 572 0
328 88 0
328 168 0
328 244 0
328 508 0
328 746 0
328 852 0
3 339 0
339 434 0
339 452 0
339 637 0
339 591 0
339 852 0
4 546 0
546 206 0
546 412 0
546 727 0
546 862 0
546 278 0
546 507 0
5 410 0
410 237 0
410 858 0
410 71 0
6 617 0
617 774 0
7 307 0
307 329 0
307 369 0
307 795 0
8 46 0
8 201 0
8 207 0
8 273 0
201 23 0
201 189 0
201 323 0
9 838 0
838 544 0
10 588 0
10 661 0
10 708 0
10 735 0
10 765 0
661 773 0
661 362 0
708 208 0
708 396 0
11 199 0
11 289 0
11 436 0
199 360 0
199 464 0
199 470 0
199 501 0
12 343 0
343 358 0
343 770 0
343 809 0
13 296 0
296 160 0
296 590 0
296 801 0
14 70 0
70 334 0
70 363 0
70 493 0
15 357 0
15 458 0
15 764 0
357 284 0
357 560 0
16 446 0
446 34 0
446 214 0
446 470 0
17 662 0
662 495 0
18 821 0
821 381 0
821 403 0
19 96 0
19 287 0
19 474 0
19 658 0
19 812 0
96 320 0
96 321 0
287 54 0
287 439 0
287 592 0
287 824 0
474 154 0
474 169 0
474 301 0
20 511 0
20 631 0
20 640 0
20 802 0
21 267 0
267 158 0
267 249 0
267 712 0
22 845 0
845 58 0
23 242 0
23 388 0
23 513 0
24 417 0
417 253 0
417 282 0
417 725 0
25 81 0
25 155 0
25 409 0
25 674 0
25 885 0
155 427 0
155 899 0
409 288 0
26 448 0
448 133 0
448 181 0
27 61 0
27 179 0
27 579 0
27 696 0
27 786 0
27 834 0
27 865 0
61 74 0
61 431 0
179 212 0
179 303 0
179 167 0
179 877 0
579 299 0
579 259 0
28 732 0
732 524 0
29 51 0
51 84 0
51 158 0
51 538 0
30 527 0
527 294 0
31 271 0
271 60 0
271 315 0
271 587 0
32 222 0
222 408 0
222 681 0
222 758 0
222 43 0
222 797 0
33 431 0
431 367 0
431 568 0
431 843 0
35 515 0
35 635 0
35 829 0
35 858 0
36 399 0
399 177 0
399 346 0
399 552 0
37 261 0
261 121 0
261 441 0
38 75 0
38 382 0
38 622 0
38 625 0
38 790 0
75 139 0
75 456 0
75 778 0
382 152 0
382 590 0
39 208 0
208 141 0
208 466 0
208 594 0
208 855 0
40 839 0
839 762 0
839 403 0
41 135 0
41 176 0
41 282 0
41 556 0
135 71 0
135 114 0
135 277 0
135 643 0
176 87 0
176 191 0
176 322 0
282 693 0
42 235 0
42 277 0
42 288 0
42 516 0
42 566 0
42 780 0
235 111 0
235 354 0
235 471 0
277 544 0
277 564 0
288 364 0
516 60 0
43 142 0
43 385 0
142 57 0
142 206 0
142 401 0
142 644 0
44 114 0
44 177 0
114 165 0
114 364 0
114 435 0
114 705 0
45 517 0
517 327 0
517 565 0
517 596 0
47 80 0
47 341 0
47 509 0
47 857 0
47 890 0
341 699 0
48 186 0
48 440 0
48 457 0
48 813 0
440 193 0
440 749 0
49 217 0
217 117 0
217 262 0
217 869 0
50 137 0
137 314 0
137 629 0
137 728 0
52 378 0
52 504 0
52 613 0
52 689 0
52 743 0
53 79 0
79 707 0
79 793 0
79 831 0
56 804 0
804 166 0
59 216 0
59 234 0
59 499 0
59 648 0
216 99 0
216 745 0
60 112 0
60 665 0
60 745 0
112 95 0
112 540 0
112 653 0
665 116 0
665 210 0
665 591 0
74 254 0
74 329 0
74 677 0
74 736 0
62 204 0
204 183 0
204 350 0
63 846 0
846 494 0
64 420 0
64 506 0
64 627 0
64 709 0
64 777 0
65 751 0
751 776 0
751 319 0
751 866 0
66 105 0
66 289 0
66 773 0
66 882 0
105 232 0
105 463 0
105 670 0
289 180 0
289 701 0
289 880 0
67 406 0
406 250 0
406 782 0
406 640 0
68 303 0
303 270 0
303 828 0
69 184 0
184 125 0
184 368 0
184 532 0
71 336 0
72 396 0
396 126 0
396 364 0
396 387 0
396 500 0
73 693 0
693 437 0
693 525 0
329 349 0
139 226 0
139 302 0
139 400 0
76 541 0
541 436 0
77 188 0
77 336 0
77 403 0
77 614 0
188 203 0
188 566 0
188 569 0
188 754 0
336 352 0
336 454 0
336 772 0
336 194 0
78 646 0
646 185 0
646 363 0
646 796 0
707 615 0
707 227 0
707 311 0
82 731 0
731 366 0
731 600 0
731 380 0
731 540 0
83 311 0
311 619 0
311 667 0
85 352 0
352 682 0
352 856 0
86 241 0
86 514 0
86 566 0
86 836 0
241 177 0
241 674 0
241 638 0
514 363 0
514 393 0
87 298 0
87 389 0
87 412 0
87 498 0
88 427 0
88 810 0
89 436 0
436 174 0
436 526 0
436 607 0
90 531 0
531 209 0
531 306 0
531 722 0
91 101 0
91 443 0
91 483 0
101 128 0
101 778 0
101 822 0
101 894 0
92 477 0
477 144 0
477 666 0
93 680 0
680 759 0
680 393 0
680 128 0
94 445 0
445 590 0
320 129 0
320 479 0
320 503 0
97 899 0
899 295 0
98 814 0
814 324 0
814 391 0
99 337 0
99 530 0
99 758 0
100 535 0
100 585 0
100 610 0
100 655 0
535 395 0
128 640 0
778 564 0
102 239 0
102 538 0
102 605 0
102 780 0
239 403 0
239 570 0
239 874 0
538 171 0
538 354 0
103 812 0
812 312 0
812 384 0
104 257 0
257 243 0
257 490 0
257 779 0
106 153 0
153 159 0
153 612 0
153 614 0
153 730 0
107 256 0
256 556 0
256 666 0
108 356 0
356 233 0
356 314 0
356 825 0
356 689 0
109 548 0
109 618 0
109 820 0
109 876 0
548 397 0
110 223 0
223 231 0
223 591 0
223 668 0
223 694 0
223 803 0
223 851 0
111 314 0
111 319 0
111 550 0
314 171 0
314 806 0
314 612 0
319 163 0
319 321 0
113 657 0
657 353 0
657 147 0
657 900 0
165 291 0
364 258 0
364 575 0
364 695 0
115 167 0
167 127 0
167 485 0
118 652 0
652 438 0
119 148 0
119 268 0
119 781 0
148 589 0
148 644 0
148 698 0
268 130 0
268 374 0
268 739 0
120 699 0
699 273 0
699 620 0
699 630 0
699 837 0
122 189 0
189 330 0
189 644 0
189 763 0
123 744 0
744 220 0
744 522 0
124 285 0
124 342 0
124 361 0
124 467 0
131 894 0
894 578 0
894 365 0
894 667 0
132 227 0
227 418 0
227 896 0
134 458 0
134 669 0
134 761 0
134 859 0
458 212 0
458 649 0
458 857 0
458 651 0
136 481 0
481 558 0
138 691 0
691 317 0
691 416 0
691 442 0
140 888 0
888 447 0
206 605 0
206 754 0
206 818 0
143 871 0
871 550 0
145 156 0
156 376 0
156 715 0
156 842 0
146 582 0
582 594 0
147 313 0
147 373 0
313 262 0
313 571 0
313 779 0
373 175 0
373 482 0
373 891 0
149 471 0
149 490 0
149 528 0
149 547 0
149 702 0
528 643 0
150 868 0
868 639 0
151 362 0
362 335 0
362 799 0
152 278 0
152 630 0
152 849 0
154 212 0
154 594 0
212 466 0
212 763 0
212 808 0
157 484 0
484 398 0
484 171 0
484 452 0
158 187 0
158 667 0
158 788 0
187 470 0
161 601 0
161 716 0
161 717 0
161 803 0
162 413 0
413 674 0
413 709 0
413 507 0
413 892 0
163 488 0
163 496 0
163 830 0
164 213 0
164 379 0
164 486 0
164 759 0
170 695 0
695 264 0
695 281 0
172 182 0
182 380 0
182 432 0
182 465 0
173 624 0
624 229 0
624 240 0
624 748 0
174 467 0
177 194 0
177 714 0
194 764 0
714 225 0
714 412 0
714 650 0
178 198 0
198 308 0
198 374 0
198 684 0
198 757 0
380 518 0
368 807 0
368 815 0
368 645 0
203 193 0
566 555 0
566 571 0
190 215 0
215 426 0
215 495 0
215 557 0
191 248 0
191 468 0
191 638 0
638 412 0
192 280 0
280 200 0
280 305 0
193 616 0
193 683 0
195 355 0
355 338 0
355 435 0
355 720 0
196 580 0
580 332 0
197 742 0
742 260 0
374 427 0
200 322 0
200 365 0
202 519 0
202 614 0
202 816 0
202 861 0
205 326 0
326 331 0
326 542 0
326 584 0
605 344 0
605 713 0
605 740 0
209 550 0
209 757 0
210 686 0
210 810 0
686 347 0
686 423 0
211 752 0
752 529 0
495 408 0
495 858 0
218 872 0
872 711 0
219 772 0
772 487 0
221 755 0
755 304 0
231 718 0
231 886 0
224 414 0
414 309 0
414 405 0
414 706 0
228 322 0
322 561 0
322 599 0
230 850 0
850 606 0
850 766 0
354 367 0
354 510 0
354 542 0
236 467 0
236 563 0
236 573 0
236 576 0
467 569 0
238 873 0
873 325 0
240 572 0
240 836 0
572 247 0
572 562 0
572 747 0
245 371 0
245 689 0
245 700 0
245 705 0
246 645 0
645 310 0
645 537 0
251 272 0
272 372 0
272 492 0
272 542 0
252 539 0
539 276 0
255 318 0
318 687 0
318 779 0
318 783 0
556 300 0
258 550 0
259 365 0
259 375 0
259 550 0
259 555 0
365 454 0
262 316 0
316 460 0
316 475 0
316 704 0
263 358 0
263 512 0
263 523 0
263 898 0
358 507 0
358 745 0
358 718 0
265 867 0
867 753 0
266 269 0
269 275 0
269 367 0
269 554 0
273 803 0
274 299 0
274 300 0
274 363 0
299 435 0
299 840 0
299 854 0
279 321 0
321 609 0
321 889 0
283 377 0
377 632 0
286 651 0
651 383 0
651 394 0
439 718 0
439 882 0
439 857 0
290 291 0
291 534 0
291 641 0
534 444 0
292 611 0
611 779 0
293 390 0
390 359 0
390 452 0
390 634 0
297 395 0
395 595 0
395 760 0
300 723 0
300 832 0
300 852 0
806 545 0
323 564 0
323 679 0
323 722 0
564 787 0
564 886 0
679 404 0
542 733 0
327 743 0
333 781 0
781 633 0
454 370 0
452 569 0
340 444 0
444 621 0
444 633 0
345 472 0
472 429 0
472 540 0
348 798 0
798 363 0
798 785 0
349 500 0
349 567 0
349 659 0
351 649 0
649 602 0
510 543 0
807 415 0
807 703 0
518 536 0
518 593 0
385 405 0
385 478 0
385 581 0
385 673 0
405 615 0
386 450 0
450 411 0
392 895 0
895 428 0
895 555 0
397 626 0
397 656 0
397 734 0
402 749 0
749 430 0
749 577 0
404 497 0
404 817 0
404 847 0
407 425 0
425 461 0
425 608 0
419 663 0
663 476 0
663 521 0
421 767 0
767 470 0
767 553 0
422 764 0
764 642 0
764 842 0
424 654 0
654 455 0
427 722 0
427 775 0
427 844 0
775 671 0
433 692 0
692 583 0
692 604 0
718 459 0
718 800 0
442 754 0
442 881 0
442 883 0
754 890 0
881 726 0
590 658 0
449 675 0
675 724 0
451 883 0
883 789 0
883 833 0
453 860 0
860 636 0
462 822 0
822 848 0
469 792 0
470 658 0
658 571 0
658 870 0
473 520 0
520 603 0
520 710 0
480 543 0
543 598 0
543 688 0
489 756 0
489 768 0
491 897 0
897 640 0
502 733 0
565 672 0
643 743 0
643 858 0
551 671 0
672 773 0
574 575 0
575 664 0
575 729 0
586 769 0
769 879 0
640 810 0
810 648 0
773 757 0
745 803 0
745 808 0
842 886 0
819 882 0
882 823 0
