885 899 0
1 55 0
55 377 0
55 697 0
55 828 0
2 337 0
337 502 0
337 518 0
337 647 0
3 134 0
3 345 0
3 573 0
3 781 0
134 323 0
134 429 0
345 201 0
345 501 0
573 442 0
573 713 0
573 764 0
4 486 0
486 747 0
486 437 0
486 768 0
5 771 0
771 514 0
6 576 0
576 219 0
576 212 0
576 269 0
7 78 0
7 99 0
7 706 0
78 26 0
78 575 0
78 828 0
99 304 0
99 415 0
99 541 0
8 145 0
145 146 0
145 176 0
145 699 0
9 422 0
422 88 0
422 260 0
422 333 0
422 799 0
10 33 0
10 63 0
10 220 0
10 482 0
10 628 0
10 766 0
33 328 0
33 548 0
63 288 0
63 357 0
220 202 0
220 241 0
220 366 0
11 809 0
809 577 0
809 625 0
809 858 0
12 312 0
12 351 0
12 399 0
351 133 0
351 782 0
13 58 0
58 115 0
58 311 0
58 841 0
14 414 0
414 56 0
414 546 0
414 174 0
414 20 0
15 233 0
15 540 0
15 561 0
15 611 0
16 39 0
39 183 0
39 434 0
39 560 0
17 400 0
17 431 0
17 521 0
400 38 0
400 383 0
400 674 0
431 662 0
431 182 0
431 286 0
431 294 0
18 544 0
18 769 0
18 781 0
18 827 0
19 510 0
19 679 0
19 712 0
510 162 0
510 96 0
510 224 0
20 242 0
20 366 0
242 169 0
242 353 0
21 651 0
21 714 0
21 730 0
21 848 0
714 84 0
714 335 0
22 151 0
151 212 0
151 402 0
151 849 0
23 192 0
23 342 0
23 558 0
23 873 0
192 73 0
192 640 0
192 792 0
24 167 0
167 48 0
167 188 0
167 737 0
25 473 0
473 267 0
473 690 0
473 896 0
26 550 0
26 578 0
550 371 0
550 475 0
550 680 0
27 783 0
783 463 0
783 579 0
783 661 0
28 66 0
28 178 0
28 185 0
28 538 0
66 53 0
66 201 0
29 859 0
859 401 0
859 547 0
30 135 0
135 385 0
135 472 0
31 864 0
864 317 0
864 375 0
32 53 0
53 172 0
53 669 0
34 82 0
82 777 0
82 804 0
82 887 0
35 712 0
712 354 0
712 757 0
712 267 0
36 588 0
36 642 0
36 802 0
588 146 0
588 598 0
588 727 0
37 84 0
84 333 0
84 417 0
84 600 0
183 279 0
183 676 0
40 156 0
40 301 0
40 570 0
40 785 0
41 76 0
41 87 0
41 212 0
41 725 0
41 822 0
87 159 0
87 202 0
42 163 0
42 511 0
42 642 0
42 706 0
163 286 0
163 295 0
163 567 0
163 773 0
511 67 0
511 819 0
511 508 0
43 315 0
315 639 0
315 763 0
315 835 0
44 433 0
433 513 0
433 61 0
45 91 0
45 291 0
45 350 0
45 462 0
45 878 0
291 184 0
350 257 0
350 256 0
350 493 0
46 589 0
589 556 0
589 650 0
589 802 0
47 131 0
47 209 0
47 335 0
47 420 0
131 316 0
131 374 0
131 877 0
209 96 0
209 230 0
209 295 0
335 236 0
335 243 0
335 465 0
335 629 0
49 675 0
675 445 0
675 718 0
50 211 0
211 96 0
211 153 0
211 790 0
51 381 0
381 62 0
381 146 0
381 215 0
52 421 0
421 339 0
421 458 0
421 867 0
421 541 0
54 846 0
846 140 0
377 194 0
377 529 0
57 130 0
130 174 0
130 360 0
130 892 0
115 572 0
115 621 0
59 109 0
109 532 0
109 740 0
109 777 0
60 114 0
114 155 0
114 388 0
114 415 0
114 850 0
61 302 0
61 418 0
61 643 0
302 506 0
302 531 0
302 796 0
418 203 0
418 386 0
418 811 0
418 882 0
418 465 0
64 582 0
582 260 0
582 524 0
582 387 0
582 388 0
582 419 0
65 667 0
667 447 0
667 613 0
67 741 0
67 792 0
67 794 0
741 529 0
741 739 0
68 168 0
168 338 0
168 490 0
69 500 0
69 760 0
69 774 0
69 888 0
500 695 0
500 325 0
70 587 0
587 206 0
587 463 0
587 711 0
71 98 0
71 177 0
71 577 0
71 724 0
72 526 0
526 154 0
526 585 0
526 703 0
526 870 0
73 143 0
73 728 0
73 734 0
74 194 0
194 460 0
194 463 0
194 503 0
75 196 0
75 237 0
75 545 0
75 785 0
77 764 0
764 471 0
764 364 0
79 112 0
79 479 0
79 618 0
79 703 0
112 205 0
112 501 0
80 751 0
751 630 0
751 821 0
81 200 0
200 95 0
200 339 0
200 684 0
83 871 0
871 344 0
417 376 0
417 508 0
417 539 0
85 466 0
466 166 0
466 186 0
466 883 0
86 101 0
86 363 0
86 469 0
89 256 0
256 149 0
256 838 0
90 348 0
348 181 0
348 565 0
348 663 0
348 812 0
92 772 0
772 254 0
772 298 0
772 331 0
772 364 0
93 328 0
328 439 0
328 686 0
328 895 0
94 673 0
673 356 0
673 602 0
673 672 0
95 239 0
95 695 0
95 833 0
239 394 0
239 448 0
239 682 0
239 742 0
96 262 0
262 520 0
262 683 0
262 726 0
97 591 0
591 221 0
591 389 0
591 294 0
591 513 0
304 485 0
304 160 0
100 733 0
733 476 0
733 549 0
733 693 0
102 840 0
840 275 0
840 420 0
840 554 0
840 428 0
103 872 0
872 580 0
872 645 0
872 552 0
104 854 0
854 217 0
854 802 0
105 620 0
620 300 0
620 260 0
620 845 0
106 281 0
106 293 0
106 670 0
106 784 0
107 238 0
107 326 0
107 480 0
107 830 0
326 152 0
326 508 0
108 893 0
893 586 0
110 259 0
259 136 0
259 691 0
259 897 0
111 505 0
505 639 0
505 448 0
505 722 0
113 395 0
395 704 0
395 735 0
395 834 0
388 241 0
572 253 0
572 837 0
572 857 0
116 244 0
244 247 0
244 491 0
244 577 0
117 535 0
535 218 0
535 245 0
535 528 0
118 174 0
118 286 0
118 390 0
118 519 0
174 592 0
119 240 0
240 144 0
240 324 0
240 703 0
120 748 0
748 364 0
748 396 0
748 797 0
121 279 0
279 251 0
279 766 0
279 815 0
279 282 0
279 863 0
122 553 0
553 280 0
553 710 0
553 782 0
123 318 0
123 437 0
123 594 0
123 678 0
437 411 0
437 695 0
124 289 0
289 230 0
289 523 0
289 716 0
125 493 0
493 258 0
493 900 0
126 498 0
498 255 0
498 739 0
498 298 0
127 507 0
507 346 0
507 575 0
507 599 0
128 708 0
708 340 0
129 299 0
299 264 0
299 705 0
299 390 0
132 452 0
452 424 0
452 627 0
133 223 0
133 322 0
133 647 0
133 702 0
647 869 0
647 303 0
323 321 0
323 430 0
323 761 0
323 642 0
137 597 0
597 369 0
597 390 0
597 522 0
597 663 0
138 852 0
852 663 0
139 485 0
485 536 0
485 583 0
141 516 0
516 435 0
516 496 0
516 504 0
142 446 0
142 449 0
142 571 0
142 787 0
147 292 0
147 294 0
147 404 0
147 477 0
294 213 0
148 252 0
148 378 0
148 562 0
148 415 0
150 357 0
357 455 0
357 784 0
152 657 0
152 820 0
152 861 0
157 170 0
157 179 0
157 208 0
158 568 0
568 543 0
568 584 0
568 788 0
159 319 0
159 359 0
159 693 0
160 189 0
160 191 0
160 542 0
161 379 0
379 382 0
379 525 0
295 202 0
295 276 0
164 182 0
164 193 0
164 356 0
182 298 0
165 744 0
744 198 0
744 358 0
744 552 0
744 585 0
171 515 0
515 665 0
515 736 0
515 883 0
173 615 0
615 187 0
615 782 0
615 801 0
175 621 0
621 310 0
621 441 0
180 612 0
612 652 0
612 709 0
612 767 0
181 393 0
181 643 0
393 406 0
393 649 0
393 885 0
184 232 0
184 512 0
190 497 0
190 563 0
190 704 0
190 843 0
195 274 0
195 355 0
195 494 0
195 501 0
274 282 0
274 373 0
274 459 0
355 227 0
355 634 0
355 780 0
197 692 0
692 425 0
692 474 0
198 776 0
199 325 0
325 427 0
325 853 0
201 577 0
201 785 0
202 561 0
202 567 0
202 897 0
561 205 0
567 241 0
204 268 0
204 297 0
204 314 0
204 420 0
205 284 0
205 631 0
205 810 0
207 756 0
756 249 0
756 791 0
210 847 0
847 410 0
847 499 0
847 787 0
213 688 0
213 762 0
213 826 0
214 366 0
366 419 0
366 666 0
216 521 0
521 426 0
521 454 0
521 867 0
222 267 0
222 380 0
222 633 0
222 745 0
267 643 0
225 898 0
898 408 0
226 833 0
833 457 0
833 623 0
228 874 0
874 329 0
874 737 0
229 376 0
376 246 0
376 534 0
376 664 0
230 467 0
230 696 0
467 306 0
467 626 0
467 246 0
467 558 0
231 894 0
894 390 0
894 403 0
894 636 0
234 654 0
654 608 0
235 778 0
778 285 0
778 320 0
241 407 0
245 501 0
245 750 0
501 370 0
501 881 0
750 601 0
750 641 0
246 527 0
248 336 0
336 603 0
336 632 0
336 737 0
250 409 0
409 436 0
409 558 0
409 644 0
409 743 0
409 784 0
251 639 0
251 698 0
257 428 0
257 773 0
257 782 0
428 530 0
428 746 0
260 869 0
261 694 0
694 343 0
694 438 0
263 590 0
590 541 0
590 825 0
590 832 0
265 309 0
309 305 0
309 519 0
309 876 0
266 367 0
266 504 0
266 595 0
266 731 0
504 555 0
504 616 0
270 444 0
444 314 0
444 450 0
444 800 0
271 635 0
635 689 0
635 693 0
635 758 0
272 559 0
272 715 0
272 765 0
272 899 0
559 875 0
273 442 0
442 387 0
442 685 0
442 419 0
442 707 0
282 411 0
276 543 0
276 693 0
276 709 0
277 413 0
413 610 0
413 782 0
413 890 0
278 397 0
397 709 0
397 879 0
397 880 0
283 746 0
746 392 0
746 569 0
287 770 0
770 519 0
770 609 0
288 352 0
288 481 0
288 552 0
288 719 0
552 676 0
552 701 0
290 429 0
429 614 0
429 646 0
429 867 0
296 307 0
296 489 0
296 517 0
298 717 0
298 819 0
717 384 0
717 605 0
717 806 0
819 314 0
303 470 0
303 483 0
303 732 0
308 721 0
721 314 0
721 451 0
721 566 0
313 862 0
862 487 0
862 557 0
639 548 0
327 655 0
655 416 0
655 440 0
655 519 0
686 616 0
330 696 0
696 423 0
696 551 0
332 818 0
818 607 0
818 624 0
334 713 0
713 361 0
713 795 0
713 802 0
713 370 0
465 411 0
339 709 0
339 795 0
341 805 0
805 456 0
347 616 0
347 643 0
347 695 0
349 368 0
368 488 0
368 541 0
356 659 0
356 792 0
362 365 0
362 596 0
362 775 0
362 881 0
370 698 0
372 533 0
372 662 0
372 795 0
372 831 0
391 698 0
698 415 0
698 789 0
698 829 0
398 592 0
592 738 0
592 889 0
405 776 0
776 468 0
776 575 0
411 637 0
411 793 0
412 671 0
671 700 0
671 743 0
671 585 0
530 443 0
530 604 0
530 653 0
432 527 0
527 581 0
527 677 0
527 883 0
453 839 0
839 484 0
839 753 0
461 640 0
640 803 0
640 817 0
464 494 0
494 593 0
494 723 0
478 808 0
808 648 0
808 842 0
492 865 0
865 509 0
495 855 0
855 537 0
555 658 0
555 687 0
555 851 0
508 650 0
529 606 0
529 617 0
529 814 0
539 574 0
539 729 0
539 813 0
548 668 0
548 807 0
676 773 0
875 730 0
564 679 0
679 575 0
679 798 0
679 823 0
679 866 0
578 622 0
578 642 0
578 754 0
619 737 0
619 773 0
638 886 0
886 779 0
703 792 0
720 844 0
844 816 0
784 794 0
