979 999 0
1 232 0
1 383 0
1 635 0
232 184 0
232 486 0
232 476 0
232 694 0
2 992 0
992 149 0
3 489 0
489 268 0
489 324 0
489 280 0
489 401 0
4 26 0
4 311 0
4 641 0
4 701 0
5 281 0
5 590 0
5 663 0
5 899 0
281 239 0
281 240 0
281 696 0
590 389 0
590 172 0
590 672 0
6 79 0
79 336 0
79 363 0
79 623 0
79 837 0
7 105 0
105 441 0
105 559 0
105 716 0
8 812 0
812 503 0
812 514 0
9 113 0
113 33 0
113 276 0
113 463 0
10 497 0
10 502 0
10 745 0
502 119 0
502 283 0
502 416 0
502 768 0
11 65 0
65 102 0
65 319 0
65 926 0
12 556 0
12 704 0
12 782 0
12 786 0
12 886 0
556 172 0
556 635 0
556 997 0
704 287 0
704 739 0
782 204 0
782 265 0
782 658 0
13 504 0
13 546 0
504 487 0
504 576 0
504 641 0
504 650 0
504 991 0
14 517 0
517 828 0
517 904 0
517 910 0
15 859 0
859 303 0
859 564 0
859 713 0
859 716 0
16 476 0
476 21 0
476 582 0
17 459 0
17 529 0
17 551 0
17 780 0
459 312 0
459 331 0
18 717 0
717 526 0
717 985 0
717 672 0
19 461 0
461 318 0
461 478 0
461 788 0
20 777 0
777 446 0
22 569 0
569 137 0
569 227 0
569 809 0
23 415 0
23 519 0
23 881 0
23 920 0
415 270 0
415 510 0
415 699 0
24 217 0
217 709 0
217 725 0
217 767 0
25 417 0
417 674 0
417 803 0
417 883 0
27 338 0
338 227 0
338 467 0
338 494 0
28 594 0
594 34 0
594 711 0
594 657 0
29 270 0
270 547 0
270 976 0
30 205 0
30 491 0
30 966 0
205 142 0
205 180 0
205 423 0
205 636 0
205 820 0
491 350 0
491 636 0
31 627 0
31 692 0
31 761 0
31 808 0
627 53 0
692 237 0
692 649 0
692 784 0
761 92 0
761 213 0
32 322 0
32 607 0
32 640 0
35 349 0
349 478 0
349 480 0
349 1000 0
36 555 0
555 516 0
555 610 0
555 998 0
37 108 0
108 258 0
108 278 0
108 377 0
108 379 0
108 393 0
108 971 0
38 882 0
882 163 0
882 781 0
882 143 0
882 930 0
39 243 0
243 226 0
243 233 0
243 405 0
243 733 0
40 96 0
40 380 0
40 479 0
40 501 0
96 437 0
96 648 0
96 673 0
41 593 0
41 667 0
41 714 0
41 843 0
593 657 0
593 925 0
593 559 0
667 132 0
667 408 0
667 716 0
667 749 0
42 694 0
694 371 0
694 865 0
694 278 0
43 287 0
287 672 0
287 752 0
287 771 0
44 80 0
44 107 0
44 746 0
44 955 0
45 978 0
978 442 0
46 568 0
568 686 0
568 719 0
47 381 0
381 214 0
381 599 0
48 145 0
48 347 0
48 966 0
145 172 0
145 820 0
145 925 0
49 589 0
589 310 0
589 482 0
50 474 0
474 94 0
474 236 0
474 403 0
474 794 0
51 58 0
58 388 0
58 409 0
58 426 0
52 71 0
52 543 0
52 822 0
71 248 0
71 567 0
71 751 0
71 836 0
53 152 0
53 884 0
53 927 0
152 345 0
152 520 0
152 870 0
54 602 0
602 222 0
602 772 0
602 505 0
602 804 0
55 714 0
714 138 0
714 572 0
56 540 0
540 587 0
540 657 0
540 845 0
57 246 0
57 384 0
57 542 0
57 894 0
59 89 0
59 153 0
59 185 0
59 215 0
89 233 0
89 902 0
153 348 0
153 691 0
153 796 0
185 453 0
185 500 0
185 629 0
185 647 0
60 255 0
255 309 0
255 102 0
255 378 0
61 613 0
613 639 0
613 726 0
613 685 0
613 727 0
62 165 0
62 269 0
62 286 0
62 688 0
269 123 0
269 301 0
63 699 0
699 151 0
699 429 0
64 570 0
570 263 0
570 324 0
570 861 0
102 88 0
66 842 0
842 407 0
67 571 0
571 176 0
571 762 0
571 795 0
68 147 0
68 169 0
68 608 0
68 773 0
169 333 0
169 721 0
169 737 0
69 148 0
148 463 0
148 579 0
148 891 0
70 670 0
670 390 0
670 454 0
670 734 0
248 146 0
248 492 0
248 900 0
567 604 0
567 608 0
567 337 0
567 689 0
72 830 0
830 85 0
830 693 0
830 674 0
73 581 0
581 249 0
581 344 0
581 420 0
74 195 0
195 481 0
195 742 0
195 949 0
75 506 0
506 106 0
506 515 0
506 550 0
76 331 0
331 261 0
331 539 0
77 123 0
123 353 0
123 983 0
78 447 0
447 111 0
447 420 0
447 892 0
363 814 0
363 895 0
81 306 0
306 499 0
306 837 0
306 936 0
306 988 0
82 849 0
849 611 0
849 747 0
849 236 0
83 340 0
340 178 0
340 904 0
340 258 0
340 958 0
84 671 0
671 100 0
671 372 0
671 454 0
86 563 0
563 413 0
563 606 0
563 867 0
87 256 0
256 168 0
256 223 0
256 986 0
256 990 0
88 328 0
88 469 0
88 847 0
90 283 0
283 585 0
283 979 0
91 886 0
886 219 0
886 359 0
93 325 0
325 397 0
325 919 0
325 622 0
95 282 0
282 170 0
282 681 0
282 709 0
437 674 0
437 835 0
437 913 0
97 884 0
884 182 0
884 957 0
98 521 0
521 389 0
521 592 0
521 783 0
99 193 0
99 337 0
99 665 0
99 917 0
337 374 0
101 903 0
903 544 0
103 763 0
763 831 0
104 231 0
104 434 0
104 603 0
104 622 0
104 679 0
258 410 0
379 485 0
379 703 0
379 226 0
109 120 0
109 375 0
109 454 0
109 580 0
110 187 0
187 420 0
187 488 0
187 583 0
112 700 0
700 208 0
700 257 0
700 827 0
114 229 0
114 507 0
114 610 0
229 307 0
229 395 0
229 557 0
229 654 0
115 416 0
416 577 0
416 612 0
116 305 0
305 274 0
305 689 0
117 584 0
584 156 0
584 511 0
584 423 0
584 657 0
118 578 0
118 746 0
118 964 0
118 969 0
746 826 0
746 969 0
746 596 0
119 546 0
121 943 0
943 179 0
943 825 0
122 617 0
617 307 0
617 334 0
617 402 0
124 452 0
452 360 0
452 834 0
125 927 0
927 298 0
126 136 0
136 805 0
136 909 0
136 950 0
136 967 0
127 656 0
127 664 0
127 730 0
127 907 0
128 212 0
128 709 0
128 915 0
128 922 0
709 299 0
709 748 0
129 295 0
295 280 0
295 672 0
295 817 0
130 695 0
695 653 0
695 880 0
695 822 0
131 645 0
645 564 0
645 806 0
645 275 0
133 259 0
133 495 0
133 574 0
133 659 0
134 901 0
901 272 0
135 513 0
513 285 0
513 342 0
513 933 0
805 358 0
805 626 0
139 755 0
755 562 0
755 564 0
755 655 0
140 644 0
644 553 0
644 690 0
644 867 0
644 863 0
141 522 0
522 245 0
522 537 0
522 223 0
522 993 0
142 383 0
142 739 0
383 251 0
383 400 0
143 412 0
143 458 0
143 999 0
412 550 0
412 159 0
412 564 0
458 221 0
458 472 0
458 453 0
458 937 0
144 343 0
343 154 0
343 166 0
343 342 0
172 626 0
463 754 0
463 766 0
150 574 0
150 625 0
150 962 0
150 995 0
574 729 0
574 868 0
155 484 0
155 490 0
155 622 0
155 857 0
157 895 0
895 750 0
895 753 0
158 355 0
158 532 0
158 635 0
158 740 0
159 301 0
159 347 0
159 768 0
301 610 0
347 531 0
347 731 0
160 836 0
836 315 0
836 483 0
161 807 0
807 302 0
807 396 0
807 707 0
162 651 0
651 198 0
651 956 0
651 222 0
164 224 0
164 642 0
164 820 0
164 852 0
224 543 0
224 549 0
642 177 0
167 245 0
167 357 0
167 890 0
167 980 0
245 814 0
333 478 0
333 641 0
333 731 0
171 965 0
965 615 0
173 641 0
173 674 0
173 757 0
641 634 0
174 330 0
330 838 0
330 727 0
330 904 0
175 424 0
424 444 0
424 523 0
424 636 0
177 354 0
177 660 0
177 987 0
180 462 0
180 789 0
180 546 0
462 188 0
462 756 0
462 266 0
462 873 0
181 316 0
316 236 0
316 362 0
316 778 0
183 697 0
183 723 0
183 727 0
183 770 0
183 942 0
697 626 0
697 906 0
697 969 0
697 837 0
184 419 0
184 460 0
184 718 0
186 811 0
811 683 0
811 689 0
811 779 0
420 228 0
189 218 0
218 498 0
218 867 0
218 916 0
190 953 0
953 560 0
191 409 0
409 266 0
409 329 0
409 846 0
192 558 0
558 369 0
558 635 0
558 975 0
194 430 0
194 431 0
194 471 0
194 550 0
481 284 0
481 196 0
481 768 0
196 399 0
196 464 0
196 775 0
197 595 0
595 202 0
595 790 0
199 423 0
199 685 0
199 708 0
199 973 0
199 991 0
423 240 0
685 575 0
200 724 0
724 233 0
724 296 0
724 365 0
201 308 0
201 406 0
201 758 0
201 819 0
203 735 0
735 387 0
735 824 0
735 991 0
735 242 0
206 291 0
291 559 0
291 706 0
291 741 0
207 798 0
798 290 0
208 228 0
208 793 0
208 856 0
228 531 0
228 936 0
209 662 0
662 307 0
662 598 0
662 395 0
210 879 0
879 674 0
879 760 0
211 428 0
428 524 0
428 819 0
428 963 0
215 292 0
215 643 0
215 810 0
216 465 0
465 242 0
465 262 0
465 802 0
220 507 0
507 275 0
507 387 0
507 815 0
222 468 0
222 621 0
468 324 0
468 731 0
468 986 0
543 530 0
543 959 0
225 619 0
225 802 0
225 898 0
802 768 0
802 260 0
226 808 0
227 329 0
227 918 0
329 604 0
307 703 0
307 395 0
307 880 0
230 791 0
791 566 0
791 601 0
486 762 0
486 822 0
486 242 0
486 835 0
233 729 0
729 531 0
729 867 0
234 721 0
721 427 0
721 935 0
235 799 0
799 448 0
799 801 0
236 754 0
238 267 0
238 710 0
238 764 0
238 852 0
240 920 0
920 984 0
241 868 0
868 271 0
868 620 0
244 648 0
648 466 0
648 744 0
247 786 0
786 605 0
786 666 0
250 715 0
715 294 0
715 573 0
715 689 0
252 885 0
885 364 0
253 277 0
253 297 0
253 822 0
253 921 0
254 808 0
808 864 0
260 525 0
260 614 0
260 720 0
260 880 0
264 669 0
669 332 0
669 940 0
669 478 0
266 638 0
273 948 0
948 738 0
275 550 0
279 356 0
356 610 0
356 702 0
356 914 0
280 549 0
284 534 0
284 680 0
284 869 0
288 999 0
999 728 0
999 736 0
289 634 0
634 411 0
634 840 0
559 548 0
293 899 0
899 373 0
899 743 0
299 819 0
299 820 0
299 904 0
300 931 0
931 863 0
931 896 0
304 663 0
663 455 0
663 677 0
312 418 0
312 679 0
312 816 0
312 925 0
418 541 0
418 902 0
679 974 0
313 321 0
321 421 0
321 451 0
321 816 0
314 591 0
591 323 0
591 748 0
591 635 0
317 548 0
548 862 0
548 794 0
320 456 0
456 470 0
456 637 0
456 794 0
456 893 0
324 707 0
326 906 0
906 800 0
327 843 0
843 436 0
843 449 0
334 374 0
374 370 0
374 392 0
374 616 0
335 872 0
872 493 0
872 675 0
872 913 0
339 737 0
737 561 0
737 832 0
341 410 0
410 678 0
410 762 0
342 435 0
342 754 0
435 912 0
435 939 0
435 989 0
346 575 0
575 631 0
575 630 0
531 393 0
351 846 0
846 509 0
846 533 0
352 541 0
541 732 0
541 878 0
358 505 0
358 863 0
358 944 0
361 485 0
485 609 0
485 698 0
814 925 0
814 387 0
366 996 0
996 536 0
367 751 0
751 443 0
751 450 0
368 897 0
897 813 0
376 682 0
682 907 0
682 934 0
682 945 0
382 546 0
385 941 0
941 438 0
941 759 0
386 877 0
877 528 0
877 538 0
877 389 0
387 982 0
389 757 0
391 974 0
974 636 0
974 848 0
393 739 0
394 757 0
757 422 0
398 970 0
970 618 0
404 789 0
789 850 0
789 888 0
550 473 0
414 638 0
638 477 0
638 470 0
425 905 0
905 565 0
905 839 0
432 994 0
994 439 0
994 762 0
433 596 0
596 527 0
596 652 0
440 633 0
440 765 0
440 822 0
440 860 0
445 855 0
855 545 0
454 826 0
470 510 0
457 549 0
549 597 0
549 600 0
510 622 0
510 630 0
510 731 0
473 588 0
473 797 0
473 821 0
475 968 0
968 518 0
496 722 0
496 831 0
496 887 0
496 932 0
496 997 0
508 512 0
508 668 0
508 858 0
535 766 0
766 823 0
766 871 0
552 739 0
739 676 0
554 856 0
856 661 0
856 972 0
604 966 0
586 954 0
954 684 0
966 835 0
621 774 0
621 787 0
621 960 0
624 769 0
769 866 0
626 894 0
628 902 0
902 854 0
632 982 0
982 712 0
982 889 0
646 785 0
646 923 0
673 705 0
673 924 0
673 947 0
687 929 0
929 748 0
929 911 0
