790 799 0
1 525 0
525 165 0
525 265 0
525 709 0
2 267 0
267 209 0
267 521 0
267 633 0
3 481 0
481 107 0
481 198 0
481 365 0
4 211 0
211 399 0
211 507 0
211 659 0
5 586 0
586 65 0
586 263 0
586 575 0
6 123 0
123 447 0
123 509 0
123 564 0
7 379 0
7 433 0
7 505 0
379 709 0
379 434 0
433 25 0
433 176 0
433 459 0
8 260 0
8 320 0
8 354 0
8 468 0
260 191 0
260 332 0
260 341 0
320 668 0
320 688 0
320 117 0
9 708 0
708 200 0
708 625 0
708 638 0
10 653 0
653 238 0
653 521 0
653 712 0
11 747 0
747 223 0
747 162 0
747 414 0
12 101 0
101 68 0
101 542 0
101 118 0
101 649 0
13 48 0
13 166 0
13 312 0
13 706 0
14 15 0
14 601 0
14 628 0
14 727 0
15 67 0
15 186 0
15 522 0
601 485 0
601 547 0
601 609 0
16 84 0
16 141 0
16 690 0
16 730 0
17 634 0
634 462 0
634 111 0
634 716 0
18 241 0
18 285 0
18 324 0
18 553 0
285 56 0
285 386 0
19 72 0
72 98 0
72 130 0
72 391 0
20 311 0
311 298 0
311 308 0
311 514 0
21 604 0
604 146 0
604 451 0
604 463 0
22 500 0
500 94 0
500 590 0
500 355 0
23 540 0
540 131 0
540 206 0
540 626 0
24 504 0
504 50 0
504 204 0
26 78 0
78 92 0
78 382 0
78 580 0
27 628 0
628 61 0
628 174 0
28 355 0
28 394 0
28 709 0
28 759 0
355 309 0
355 496 0
394 386 0
394 719 0
394 36 0
394 70 0
29 591 0
591 80 0
591 342 0
591 610 0
30 171 0
30 242 0
30 422 0
30 534 0
30 781 0
422 471 0
31 470 0
32 207 0
207 49 0
207 159 0
207 210 0
207 718 0
33 96 0
33 167 0
33 357 0
33 416 0
96 189 0
96 193 0
96 295 0
34 232 0
232 217 0
232 237 0
232 442 0
35 64 0
35 374 0
35 510 0
35 757 0
36 173 0
173 77 0
173 115 0
173 664 0
37 332 0
332 692 0
332 735 0
38 162 0
38 221 0
38 436 0
38 749 0
162 673 0
39 191 0
191 425 0
191 530 0
191 544 0
40 213 0
213 250 0
213 271 0
213 288 0
41 799 0
799 51 0
42 316 0
316 106 0
316 307 0
316 702 0
43 182 0
43 208 0
43 234 0
43 536 0
208 353 0
208 408 0
208 513 0
44 170 0
44 233 0
44 488 0
44 780 0
233 202 0
233 258 0
45 142 0
142 136 0
142 184 0
142 306 0
142 380 0
46 119 0
119 149 0
119 187 0
119 720 0
47 710 0
710 554 0
710 627 0
49 368 0
49 613 0
368 69 0
368 157 0
368 512 0
52 199 0
199 247 0
199 378 0
199 658 0
53 118 0
53 369 0
53 398 0
53 539 0
53 759 0
118 179 0
54 192 0
192 390 0
192 630 0
192 635 0
55 93 0
93 122 0
93 229 0
93 631 0
56 230 0
56 393 0
56 474 0
57 471 0
471 484 0
471 557 0
58 415 0
58 510 0
58 569 0
415 147 0
415 290 0
415 392 0
415 447 0
59 421 0
421 310 0
421 333 0
421 497 0
60 74 0
60 175 0
60 257 0
74 86 0
74 155 0
74 172 0
62 112 0
112 92 0
112 100 0
112 304 0
63 684 0
684 158 0
684 480 0
684 200 0
66 225 0
225 146 0
225 397 0
225 467 0
70 214 0
70 466 0
214 111 0
214 445 0
214 761 0
71 341 0
341 439 0
341 552 0
73 408 0
408 352 0
408 686 0
86 323 0
86 375 0
86 738 0
75 297 0
75 377 0
75 443 0
75 502 0
297 342 0
297 643 0
297 664 0
377 317 0
377 646 0
377 667 0
76 114 0
76 354 0
76 551 0
76 682 0
354 264 0
354 364 0
77 181 0
77 417 0
77 513 0
77 752 0
181 85 0
181 674 0
417 226 0
417 554 0
417 730 0
92 81 0
92 117 0
92 335 0
92 623 0
79 278 0
278 218 0
278 406 0
278 683 0
81 434 0
81 654 0
82 713 0
713 521 0
713 587 0
713 606 0
83 409 0
409 149 0
409 405 0
409 518 0
85 358 0
85 492 0
85 520 0
85 771 0
87 195 0
195 201 0
195 793 0
195 798 0
88 196 0
88 283 0
88 335 0
88 507 0
88 382 0
335 189 0
89 264 0
264 722 0
264 733 0
90 321 0
90 376 0
90 497 0
90 783 0
91 235 0
235 137 0
235 146 0
235 403 0
117 111 0
117 263 0
122 129 0
122 202 0
122 672 0
95 501 0
95 548 0
95 620 0
501 243 0
501 149 0
501 744 0
189 306 0
189 662 0
189 771 0
97 505 0
505 555 0
505 600 0
505 615 0
505 312 0
99 103 0
103 151 0
103 532 0
103 573 0
542 676 0
542 751 0
102 762 0
762 104 0
762 770 0
105 589 0
589 120 0
589 219 0
589 541 0
108 460 0
460 227 0
460 764 0
109 268 0
109 329 0
109 537 0
109 699 0
110 155 0
155 427 0
155 517 0
113 672 0
672 254 0
672 543 0
115 202 0
115 641 0
202 442 0
641 510 0
116 478 0
478 134 0
478 330 0
478 731 0
149 727 0
121 447 0
121 497 0
121 746 0
121 781 0
447 596 0
497 318 0
746 466 0
746 620 0
746 701 0
129 220 0
129 300 0
129 469 0
124 607 0
607 435 0
607 245 0
607 629 0
125 748 0
748 585 0
126 679 0
679 404 0
679 640 0
127 654 0
654 276 0
654 759 0
128 524 0
524 568 0
524 637 0
524 643 0
132 792 0
792 529 0
792 661 0
792 134 0
133 256 0
133 360 0
133 490 0
133 554 0
134 508 0
134 727 0
508 240 0
508 650 0
508 789 0
135 581 0
581 561 0
581 579 0
136 456 0
136 476 0
138 623 0
623 164 0
623 370 0
139 443 0
139 455 0
443 246 0
443 598 0
443 700 0
140 476 0
476 313 0
476 410 0
476 430 0
143 698 0
698 339 0
698 535 0
698 730 0
144 785 0
785 161 0
785 286 0
785 541 0
145 156 0
156 391 0
156 395 0
156 773 0
148 326 0
148 493 0
148 506 0
148 630 0
326 200 0
326 582 0
150 193 0
193 284 0
193 760 0
152 784 0
784 594 0
153 344 0
344 169 0
344 400 0
344 554 0
154 621 0
621 252 0
621 334 0
621 218 0
391 396 0
391 428 0
160 251 0
251 212 0
251 218 0
251 361 0
673 180 0
163 732 0
732 236 0
732 296 0
732 263 0
168 642 0
642 665 0
642 721 0
642 709 0
172 312 0
172 541 0
172 662 0
312 371 0
312 465 0
541 652 0
177 477 0
177 567 0
177 675 0
177 791 0
477 688 0
477 498 0
477 669 0
178 685 0
685 458 0
179 459 0
179 549 0
179 763 0
459 387 0
459 719 0
183 200 0
183 253 0
183 574 0
183 671 0
200 428 0
185 753 0
753 437 0
753 489 0
188 496 0
496 373 0
496 691 0
306 308 0
306 617 0
306 758 0
662 645 0
190 647 0
647 273 0
647 482 0
194 563 0
563 255 0
563 769 0
563 510 0
197 758 0
758 216 0
758 299 0
198 676 0
198 779 0
779 275 0
779 632 0
428 218 0
428 664 0
203 530 0
203 572 0
203 643 0
203 777 0
530 636 0
205 475 0
475 467 0
475 648 0
475 226 0
475 765 0
206 338 0
206 688 0
206 794 0
338 413 0
338 734 0
338 776 0
353 347 0
353 728 0
353 743 0
215 292 0
292 410 0
292 616 0
292 670 0
222 429 0
429 288 0
429 479 0
429 700 0
429 754 0
224 794 0
794 231 0
794 605 0
226 281 0
226 578 0
281 248 0
281 795 0
281 781 0
228 614 0
614 259 0
614 410 0
614 464 0
239 669 0
669 389 0
669 571 0
244 701 0
701 444 0
701 446 0
245 548 0
245 582 0
548 322 0
548 419 0
548 681 0
582 545 0
582 715 0
582 718 0
249 261 0
249 457 0
249 533 0
249 739 0
258 305 0
258 325 0
258 615 0
258 700 0
262 583 0
583 407 0
583 643 0
583 680 0
263 382 0
263 456 0
456 348 0
456 750 0
266 620 0
620 651 0
620 772 0
269 595 0
595 468 0
595 516 0
595 588 0
270 636 0
636 449 0
636 618 0
636 730 0
272 639 0
639 298 0
639 331 0
639 788 0
274 707 0
707 644 0
707 663 0
277 711 0
711 678 0
279 309 0
309 372 0
309 599 0
280 737 0
737 566 0
737 729 0
282 303 0
303 350 0
303 510 0
303 775 0
287 498 0
498 302 0
498 487 0
288 513 0
288 697 0
513 533 0
289 578 0
578 343 0
578 724 0
291 356 0
291 359 0
291 411 0
291 420 0
411 624 0
411 752 0
410 645 0
293 778 0
778 495 0
778 622 0
778 507 0
294 318 0
318 336 0
318 666 0
295 327 0
295 576 0
295 800 0
342 569 0
342 786 0
298 645 0
301 652 0
652 385 0
652 714 0
308 537 0
617 450 0
617 499 0
617 726 0
371 366 0
371 418 0
371 562 0
314 790 0
790 426 0
790 442 0
790 655 0
315 434 0
434 702 0
434 745 0
319 424 0
424 367 0
424 381 0
424 695 0
424 709 0
668 787 0
328 602 0
602 468 0
602 559 0
602 756 0
337 697 0
697 431 0
697 550 0
697 718 0
340 396 0
396 363 0
396 694 0
569 453 0
569 556 0
345 611 0
611 523 0
611 570 0
611 630 0
346 613 0
613 452 0
613 472 0
349 584 0
584 378 0
584 538 0
584 696 0
351 502 0
502 526 0
502 593 0
362 387 0
387 511 0
387 693 0
364 503 0
364 519 0
364 558 0
378 386 0
378 612 0
386 521 0
381 624 0
383 786 0
786 384 0
786 597 0
388 441 0
441 533 0
441 577 0
441 677 0
719 630 0
401 438 0
401 689 0
401 736 0
402 528 0
528 442 0
528 531 0
528 656 0
624 473 0
624 660 0
412 705 0
705 423 0
432 560 0
560 461 0
560 483 0
440 596 0
596 619 0
596 657 0
533 608 0
448 612 0
612 491 0
612 527 0
454 751 0
751 546 0
751 592 0
455 537 0
455 603 0
455 755 0
537 703 0
537 752 0
466 494 0
466 725 0
466 766 0
467 709 0
468 674 0
486 703 0
507 787 0
515 608 0
608 768 0
608 797 0
532 752 0
565 674 0
674 717 0
645 793 0
664 727 0
