575 599 0
1 109 0
109 200 0
109 341 0
109 380 0
2 161 0
161 375 0
161 437 0
161 531 0
3 151 0
3 184 0
3 190 0
3 569 0
151 148 0
151 290 0
151 298 0
151 70 0
184 130 0
184 330 0
184 357 0
184 567 0
4 110 0
110 78 0
110 137 0
110 160 0
110 584 0
5 115 0
115 20 0
115 170 0
115 294 0
115 81 0
6 54 0
6 202 0
6 221 0
6 333 0
7 26 0
7 89 0
7 136 0
7 296 0
7 589 0
26 320 0
26 351 0
89 73 0
89 98 0
89 279 0
8 229 0
8 284 0
229 19 0
229 76 0
229 424 0
9 11 0
11 91 0
11 538 0
11 190 0
10 43 0
10 458 0
10 462 0
43 236 0
43 329 0
43 25 0
43 396 0
458 357 0
91 364 0
91 414 0
12 212 0
212 102 0
212 286 0
13 536 0
536 162 0
536 344 0
14 428 0
428 140 0
15 565 0
565 238 0
565 480 0
565 531 0
565 44 0
565 155 0
565 209 0
16 200 0
16 237 0
16 597 0
16 598 0
200 327 0
200 579 0
237 186 0
237 410 0
17 186 0
186 296 0
186 397 0
186 474 0
186 476 0
18 569 0
569 403 0
569 42 0
569 486 0
20 279 0
20 313 0
20 440 0
279 221 0
21 62 0
21 141 0
21 443 0
21 467 0
21 561 0
141 45 0
141 48 0
22 383 0
383 176 0
383 219 0
383 448 0
23 592 0
592 400 0
592 497 0
592 560 0
592 51 0
592 155 0
24 122 0
122 241 0
122 377 0
122 574 0
25 34 0
25 597 0
34 145 0
34 549 0
34 320 0
27 388 0
388 281 0
28 307 0
307 339 0
307 374 0
307 387 0
307 362 0
29 164 0
29 456 0
29 515 0
29 537 0
29 590 0
30 37 0
37 153 0
37 187 0
37 259 0
31 284 0
284 471 0
284 556 0
284 588 0
32 277 0
277 273 0
277 311 0
33 35 0
35 245 0
35 263 0
35 252 0
145 362 0
145 507 0
145 561 0
145 577 0
245 429 0
245 342 0
36 182 0
182 385 0
182 505 0
182 531 0
153 71 0
153 87 0
153 170 0
153 549 0
38 521 0
521 291 0
521 272 0
39 166 0
166 157 0
166 404 0
166 203 0
40 77 0
40 126 0
40 167 0
40 322 0
40 435 0
40 510 0
126 434 0
167 195 0
167 178 0
322 215 0
322 406 0
322 317 0
41 332 0
332 64 0
332 323 0
332 351 0
332 538 0
42 246 0
42 331 0
42 581 0
246 125 0
246 406 0
331 369 0
331 485 0
331 555 0
236 104 0
236 423 0
329 48 0
329 71 0
44 410 0
44 575 0
410 470 0
410 491 0
410 558 0
410 425 0
45 58 0
45 482 0
45 552 0
58 347 0
58 453 0
58 572 0
46 268 0
268 211 0
268 137 0
268 518 0
47 418 0
418 159 0
418 405 0
48 70 0
48 217 0
48 325 0
48 519 0
70 78 0
217 99 0
217 318 0
217 543 0
217 371 0
325 103 0
325 127 0
325 532 0
519 92 0
49 213 0
49 233 0
49 271 0
49 365 0
233 93 0
233 220 0
233 320 0
233 214 0
50 198 0
50 328 0
50 382 0
50 434 0
50 439 0
328 74 0
51 131 0
51 475 0
131 66 0
131 188 0
52 248 0
248 108 0
248 582 0
53 316 0
316 175 0
316 345 0
316 561 0
55 59 0
55 361 0
55 376 0
55 397 0
59 107 0
59 326 0
361 230 0
56 327 0
327 512 0
327 564 0
57 432 0
432 138 0
432 272 0
432 292 0
347 272 0
347 396 0
107 227 0
107 257 0
107 398 0
60 337 0
337 469 0
337 506 0
337 546 0
61 215 0
215 78 0
215 298 0
63 125 0
63 394 0
63 433 0
63 513 0
125 289 0
125 334 0
65 183 0
183 78 0
183 80 0
183 501 0
67 326 0
326 338 0
326 595 0
68 489 0
489 105 0
489 395 0
69 118 0
118 319 0
118 495 0
118 598 0
78 497 0
71 305 0
71 496 0
72 573 0
573 441 0
73 178 0
73 453 0
74 83 0
74 301 0
74 324 0
74 406 0
75 79 0
79 411 0
79 556 0
79 594 0
81 98 0
81 537 0
98 97 0
98 384 0
82 168 0
82 170 0
82 225 0
82 392 0
170 255 0
84 572 0
572 180 0
572 199 0
85 379 0
379 243 0
86 185 0
86 208 0
86 390 0
86 479 0
87 276 0
87 378 0
87 455 0
88 172 0
172 288 0
172 317 0
172 371 0
172 518 0
90 247 0
247 274 0
247 517 0
364 231 0
364 300 0
364 397 0
93 304 0
93 484 0
93 535 0
93 578 0
304 269 0
304 104 0
94 149 0
94 154 0
94 191 0
94 203 0
94 503 0
94 516 0
191 389 0
95 401 0
401 568 0
96 440 0
440 226 0
440 265 0
100 481 0
481 173 0
481 293 0
101 542 0
542 114 0
542 557 0
104 289 0
104 290 0
289 373 0
289 463 0
289 548 0
106 306 0
306 144 0
306 450 0
306 357 0
111 134 0
134 299 0
134 349 0
134 425 0
134 442 0
134 477 0
112 509 0
509 343 0
509 255 0
113 342 0
342 234 0
342 478 0
116 165 0
116 178 0
116 228 0
116 529 0
178 205 0
178 462 0
178 500 0
117 239 0
239 194 0
239 434 0
239 465 0
119 158 0
119 366 0
119 507 0
119 511 0
120 290 0
290 430 0
121 135 0
135 201 0
135 278 0
135 357 0
123 429 0
429 287 0
124 250 0
250 224 0
250 457 0
250 477 0
128 214 0
214 139 0
214 550 0
129 581 0
581 315 0
581 321 0
132 393 0
393 155 0
393 295 0
393 219 0
133 196 0
133 204 0
133 353 0
133 225 0
425 150 0
142 389 0
389 225 0
389 211 0
389 220 0
143 500 0
500 147 0
362 251 0
507 520 0
146 487 0
487 174 0
487 285 0
148 412 0
148 502 0
148 524 0
150 207 0
150 498 0
150 534 0
150 537 0
298 574 0
152 416 0
416 308 0
416 447 0
156 466 0
466 360 0
163 189 0
163 468 0
163 545 0
163 596 0
163 598 0
169 230 0
230 244 0
230 269 0
230 407 0
171 367 0
367 179 0
367 359 0
367 286 0
317 469 0
177 302 0
302 221 0
302 283 0
302 409 0
205 541 0
205 551 0
205 587 0
462 434 0
462 560 0
181 583 0
583 249 0
190 561 0
561 460 0
192 211 0
192 219 0
192 280 0
192 312 0
192 438 0
211 252 0
211 424 0
219 320 0
193 391 0
391 261 0
391 264 0
195 309 0
195 351 0
195 371 0
351 436 0
197 414 0
414 314 0
414 402 0
206 363 0
206 405 0
206 424 0
206 473 0
209 256 0
209 531 0
256 253 0
256 454 0
256 551 0
210 242 0
242 216 0
242 339 0
242 421 0
242 527 0
218 452 0
452 346 0
320 531 0
220 486 0
222 240 0
240 494 0
240 518 0
240 528 0
240 539 0
223 232 0
223 446 0
223 574 0
574 442 0
225 426 0
426 396 0
269 563 0
407 286 0
235 275 0
275 442 0
275 490 0
423 413 0
423 339 0
251 254 0
251 514 0
251 547 0
251 577 0
255 334 0
334 348 0
334 449 0
334 486 0
334 492 0
258 586 0
586 350 0
260 417 0
417 270 0
262 381 0
381 286 0
381 493 0
266 313 0
313 596 0
313 599 0
267 444 0
444 413 0
282 540 0
540 368 0
556 499 0
297 579 0
579 303 0
579 336 0
310 460 0
460 566 0
486 372 0
486 538 0
335 522 0
522 354 0
340 352 0
340 459 0
340 477 0
340 525 0
436 477 0
436 597 0
355 475 0
475 356 0
475 372 0
358 508 0
508 422 0
386 453 0
453 554 0
568 499 0
408 530 0
530 415 0
464 516 0
464 523 0
472 520 0
479 549 0
499 510 0
575 593 0
