958 999 0
1 753 0
753 44 0
753 872 0
2 541 0
541 287 0
541 439 0
541 829 0
3 878 0
878 246 0
878 321 0
878 384 0
878 937 0
4 384 0
4 678 0
384 209 0
384 631 0
384 720 0
384 973 0
5 534 0
534 350 0
534 278 0
534 652 0
6 729 0
729 191 0
7 69 0
7 100 0
7 423 0
69 598 0
69 684 0
100 61 0
100 500 0
100 728 0
100 872 0
8 12 0
12 142 0
12 548 0
12 549 0
9 723 0
723 766 0
10 50 0
10 375 0
10 546 0
50 18 0
50 93 0
50 126 0
50 429 0
11 209 0
209 932 0
209 993 0
142 437 0
142 529 0
13 34 0
34 113 0
34 697 0
34 867 0
14 882 0
882 925 0
882 279 0
882 927 0
15 621 0
621 175 0
621 181 0
621 531 0
16 210 0
210 221 0
210 238 0
210 742 0
17 487 0
487 129 0
487 164 0
487 857 0
19 307 0
19 679 0
19 700 0
19 921 0
307 193 0
307 267 0
307 269 0
20 448 0
448 279 0
448 595 0
448 651 0
21 76 0
21 588 0
21 643 0
21 735 0
76 475 0
76 592 0
588 353 0
588 596 0
22 91 0
22 180 0
22 204 0
22 704 0
22 771 0
91 94 0
91 504 0
23 614 0
614 280 0
614 671 0
24 791 0
791 918 0
791 472 0
791 112 0
25 436 0
436 81 0
436 118 0
436 440 0
26 288 0
288 238 0
288 293 0
288 495 0
288 773 0
27 462 0
27 555 0
27 797 0
462 375 0
462 521 0
462 184 0
28 868 0
868 42 0
868 725 0
868 820 0
868 935 0
29 153 0
153 334 0
153 503 0
153 608 0
30 77 0
30 414 0
30 490 0
77 160 0
77 165 0
77 515 0
77 527 0
414 519 0
414 592 0
414 176 0
414 921 0
31 457 0
31 738 0
31 787 0
457 162 0
738 628 0
32 837 0
837 203 0
837 550 0
837 95 0
33 915 0
915 71 0
915 206 0
35 498 0
498 531 0
498 602 0
498 725 0
498 666 0
36 62 0
36 176 0
36 635 0
36 748 0
176 555 0
37 347 0
347 53 0
347 70 0
347 881 0
38 194 0
38 218 0
38 441 0
38 601 0
38 604 0
441 166 0
441 213 0
441 245 0
39 377 0
39 510 0
39 772 0
377 238 0
377 333 0
377 381 0
377 668 0
40 578 0
578 87 0
578 145 0
578 364 0
41 98 0
41 103 0
41 497 0
41 732 0
98 329 0
98 403 0
43 969 0
969 171 0
45 67 0
45 220 0
45 536 0
45 879 0
67 123 0
67 366 0
67 792 0
67 845 0
46 179 0
179 183 0
179 364 0
179 656 0
47 552 0
552 286 0
48 175 0
48 450 0
48 685 0
48 716 0
48 985 0
175 327 0
175 845 0
49 659 0
49 667 0
49 795 0
659 162 0
659 237 0
667 305 0
667 444 0
667 931 0
93 763 0
93 892 0
51 456 0
456 421 0
456 892 0
456 986 0
52 914 0
914 584 0
54 733 0
733 494 0
55 242 0
55 245 0
55 637 0
55 741 0
55 750 0
55 886 0
242 521 0
242 797 0
242 973 0
245 226 0
56 81 0
56 156 0
56 422 0
56 906 0
81 507 0
81 528 0
57 104 0
57 249 0
57 327 0
57 727 0
58 322 0
58 341 0
58 703 0
58 902 0
322 782 0
322 943 0
322 893 0
59 943 0
943 197 0
943 960 0
60 247 0
60 300 0
60 582 0
60 658 0
247 425 0
247 747 0
247 933 0
247 117 0
300 79 0
300 157 0
300 727 0
61 593 0
61 609 0
63 184 0
184 188 0
184 455 0
64 961 0
961 583 0
961 693 0
961 102 0
961 439 0
65 834 0
834 397 0
834 411 0
66 74 0
66 485 0
66 601 0
66 660 0
485 254 0
485 569 0
601 713 0
601 425 0
123 198 0
123 273 0
123 418 0
366 516 0
366 623 0
366 789 0
68 439 0
68 443 0
68 481 0
68 725 0
439 229 0
443 478 0
443 535 0
70 482 0
70 662 0
482 208 0
482 519 0
482 666 0
482 724 0
662 458 0
72 291 0
291 250 0
291 706 0
291 771 0
73 827 0
827 178 0
75 940 0
940 577 0
160 316 0
78 147 0
78 352 0
78 585 0
352 267 0
352 470 0
80 661 0
661 320 0
661 432 0
82 447 0
447 551 0
447 892 0
447 950 0
83 215 0
215 125 0
215 140 0
215 435 0
84 267 0
267 511 0
267 958 0
85 809 0
809 222 0
809 119 0
809 275 0
86 420 0
420 172 0
420 174 0
420 828 0
88 587 0
88 599 0
88 862 0
88 870 0
89 528 0
528 453 0
528 901 0
90 681 0
681 433 0
94 122 0
94 429 0
94 626 0
92 363 0
363 605 0
363 687 0
363 939 0
95 440 0
95 706 0
440 289 0
440 760 0
96 871 0
871 207 0
871 438 0
97 205 0
97 243 0
97 460 0
97 701 0
243 994 0
243 471 0
329 189 0
329 337 0
329 362 0
329 737 0
99 618 0
618 639 0
500 451 0
500 795 0
500 760 0
101 389 0
389 805 0
389 852 0
102 241 0
102 375 0
241 231 0
241 332 0
241 480 0
241 982 0
105 563 0
563 492 0
106 277 0
277 163 0
277 615 0
107 128 0
107 575 0
107 592 0
107 781 0
108 638 0
638 202 0
638 567 0
638 586 0
638 772 0
638 138 0
638 327 0
109 573 0
573 607 0
110 256 0
110 281 0
110 383 0
110 755 0
111 285 0
111 697 0
285 282 0
285 383 0
285 509 0
285 712 0
285 873 0
112 306 0
112 346 0
112 538 0
112 767 0
114 897 0
897 406 0
897 636 0
897 678 0
115 529 0
529 325 0
529 479 0
529 376 0
116 896 0
896 749 0
896 196 0
117 131 0
117 185 0
117 348 0
119 212 0
119 736 0
119 776 0
119 918 0
212 386 0
212 522 0
212 692 0
776 562 0
120 230 0
230 174 0
230 804 0
230 877 0
121 195 0
195 173 0
195 862 0
195 919 0
124 164 0
124 530 0
124 675 0
124 775 0
164 425 0
164 917 0
127 314 0
127 473 0
127 785 0
127 816 0
129 749 0
130 471 0
471 141 0
471 514 0
132 970 0
970 762 0
970 779 0
133 260 0
260 364 0
260 382 0
260 706 0
134 752 0
752 580 0
752 725 0
135 976 0
976 234 0
976 344 0
976 203 0
136 647 0
647 632 0
137 520 0
137 909 0
520 419 0
520 653 0
520 936 0
520 944 0
138 154 0
138 238 0
138 376 0
138 823 0
154 186 0
238 437 0
376 455 0
376 521 0
139 597 0
597 392 0
597 784 0
597 525 0
437 383 0
437 444 0
143 240 0
143 331 0
143 468 0
143 674 0
240 335 0
240 451 0
144 272 0
272 617 0
272 686 0
272 699 0
145 182 0
145 724 0
182 434 0
182 490 0
724 161 0
724 276 0
724 537 0
146 890 0
890 317 0
148 299 0
148 434 0
148 543 0
299 228 0
299 278 0
299 279 0
299 508 0
299 784 0
299 875 0
434 506 0
434 735 0
149 540 0
540 518 0
540 557 0
540 619 0
150 893 0
893 576 0
893 305 0
151 159 0
159 412 0
159 806 0
159 963 0
152 199 0
152 233 0
152 417 0
152 594 0
152 842 0
199 367 0
233 569 0
233 823 0
155 746 0
746 592 0
158 228 0
158 248 0
158 370 0
158 831 0
228 477 0
248 289 0
248 783 0
248 183 0
161 589 0
161 910 0
161 942 0
162 876 0
425 508 0
166 361 0
166 691 0
166 735 0
166 745 0
167 188 0
167 269 0
167 464 0
167 505 0
167 531 0
167 995 0
188 316 0
188 875 0
188 947 0
269 787 0
168 863 0
863 677 0
863 803 0
169 254 0
254 186 0
254 481 0
254 502 0
254 690 0
170 396 0
396 435 0
396 590 0
396 634 0
174 301 0
174 973 0
301 290 0
301 303 0
301 452 0
177 559 0
559 393 0
559 424 0
559 646 0
186 313 0
186 475 0
313 252 0
313 315 0
313 705 0
187 226 0
226 309 0
226 802 0
316 409 0
316 708 0
189 717 0
189 862 0
190 510 0
510 539 0
510 633 0
192 756 0
756 416 0
193 533 0
193 862 0
196 451 0
196 643 0
643 415 0
643 445 0
200 289 0
200 431 0
289 444 0
289 574 0
201 909 0
909 512 0
909 967 0
203 811 0
203 876 0
811 554 0
811 676 0
208 323 0
208 465 0
208 475 0
208 658 0
323 217 0
465 627 0
465 757 0
465 930 0
475 913 0
221 838 0
221 862 0
211 934 0
934 401 0
213 399 0
213 821 0
213 920 0
214 359 0
359 239 0
359 338 0
359 971 0
216 658 0
658 761 0
658 792 0
217 600 0
217 798 0
217 999 0
798 343 0
798 274 0
219 713 0
713 650 0
713 324 0
713 912 0
223 800 0
800 611 0
800 865 0
800 332 0
224 354 0
224 620 0
224 645 0
224 739 0
354 476 0
354 569 0
225 917 0
917 817 0
227 759 0
759 387 0
229 292 0
229 385 0
229 491 0
229 991 0
385 678 0
385 533 0
232 555 0
555 616 0
555 892 0
569 633 0
569 931 0
569 455 0
235 403 0
403 641 0
403 975 0
236 521 0
521 719 0
237 394 0
237 560 0
237 730 0
394 343 0
394 678 0
560 669 0
560 726 0
730 546 0
335 467 0
335 561 0
335 790 0
335 767 0
994 355 0
244 318 0
244 613 0
244 750 0
244 895 0
318 653 0
750 609 0
747 311 0
747 579 0
783 310 0
783 899 0
251 673 0
673 459 0
673 648 0
673 296 0
673 895 0
253 395 0
253 442 0
253 481 0
253 847 0
395 304 0
481 428 0
255 490 0
490 326 0
490 591 0
257 546 0
546 665 0
546 830 0
258 504 0
504 284 0
504 312 0
504 338 0
504 567 0
259 526 0
526 380 0
526 525 0
526 728 0
526 754 0
364 507 0
364 825 0
261 369 0
369 295 0
369 532 0
369 784 0
262 655 0
655 486 0
263 426 0
426 449 0
426 524 0
426 852 0
264 477 0
477 296 0
477 351 0
477 826 0
265 978 0
978 545 0
978 802 0
266 428 0
428 408 0
428 866 0
268 644 0
644 710 0
270 427 0
427 463 0
427 672 0
427 680 0
427 728 0
271 470 0
470 818 0
470 907 0
617 840 0
617 864 0
274 435 0
274 608 0
274 838 0
435 997 0
608 297 0
276 622 0
276 813 0
276 819 0
278 304 0
304 543 0
304 606 0
279 695 0
695 815 0
283 722 0
722 398 0
722 410 0
706 797 0
294 631 0
296 478 0
478 749 0
478 920 0
478 892 0
297 603 0
297 649 0
297 924 0
298 302 0
302 771 0
302 957 0
302 964 0
508 782 0
508 795 0
771 760 0
305 939 0
308 997 0
997 841 0
997 894 0
319 702 0
702 330 0
702 466 0
324 507 0
507 697 0
328 483 0
483 424 0
483 461 0
483 568 0
336 839 0
839 768 0
839 844 0
338 533 0
533 778 0
339 949 0
949 689 0
949 731 0
949 880 0
340 840 0
840 856 0
840 990 0
840 792 0
342 657 0
657 356 0
343 547 0
343 846 0
345 390 0
390 711 0
390 727 0
390 832 0
349 743 0
743 365 0
743 355 0
743 953 0
476 572 0
476 835 0
476 926 0
355 430 0
355 431 0
430 553 0
430 720 0
430 854 0
431 801 0
431 814 0
357 556 0
357 770 0
357 887 0
357 998 0
358 367 0
367 372 0
367 480 0
367 495 0
360 726 0
480 845 0
368 858 0
858 407 0
858 786 0
371 698 0
698 574 0
373 928 0
928 784 0
928 889 0
374 501 0
501 625 0
501 728 0
501 807 0
501 851 0
375 488 0
375 635 0
375 707 0
635 876 0
635 956 0
378 797 0
797 499 0
797 983 0
379 1000 0
1000 977 0
388 544 0
388 680 0
388 836 0
388 998 0
391 609 0
609 574 0
609 721 0
609 895 0
400 717 0
717 860 0
717 920 0
402 405 0
402 654 0
402 678 0
402 916 0
404 922 0
922 474 0
922 517 0
922 678 0
413 966 0
966 570 0
592 898 0
423 663 0
423 683 0
423 980 0
424 489 0
424 493 0
489 861 0
489 875 0
489 981 0
493 567 0
429 454 0
429 535 0
454 564 0
454 780 0
454 794 0
535 678 0
535 963 0
446 891 0
891 903 0
469 824 0
824 873 0
472 718 0
472 767 0
472 962 0
749 772 0
845 715 0
845 838 0
484 992 0
992 874 0
495 531 0
496 954 0
954 640 0
625 571 0
728 965 0
513 694 0
694 612 0
694 769 0
694 831 0
518 542 0
523 883 0
883 624 0
537 843 0
537 885 0
537 952 0
542 734 0
542 764 0
542 869 0
558 565 0
558 852 0
852 947 0
669 567 0
669 610 0
571 908 0
577 760 0
760 710 0
581 888 0
888 664 0
898 810 0
784 796 0
876 727 0
956 793 0
772 905 0
642 972 0
972 765 0
972 920 0
666 884 0
666 965 0
831 929 0
905 838 0
905 939 0
777 918 0
787 951 0
787 988 0
795 838 0
808 823 0
823 850 0
