967 999 0
1 54 0
1 266 0
1 350 0
1 670 0
1 950 0
54 56 0
266 517 0
266 170 0
266 585 0
2 767 0
767 341 0
3 609 0
609 238 0
609 584 0
4 149 0
4 269 0
4 336 0
149 575 0
149 860 0
149 924 0
5 126 0
126 125 0
126 195 0
126 389 0
6 130 0
6 539 0
6 616 0
6 838 0
6 950 0
130 328 0
130 352 0
130 500 0
130 201 0
130 594 0
539 472 0
539 580 0
539 911 0
616 83 0
616 883 0
616 967 0
616 282 0
7 214 0
7 281 0
7 359 0
7 461 0
7 808 0
214 576 0
281 601 0
359 374 0
359 532 0
8 624 0
624 324 0
624 404 0
624 353 0
624 97 0
9 136 0
9 511 0
9 630 0
136 158 0
136 566 0
136 589 0
136 949 0
10 241 0
10 361 0
10 709 0
10 750 0
241 50 0
241 302 0
241 473 0
241 30 0
241 152 0
361 148 0
361 488 0
709 260 0
709 606 0
11 585 0
585 629 0
585 886 0
585 995 0
12 921 0
921 567 0
13 30 0
13 84 0
13 183 0
13 811 0
30 210 0
30 435 0
84 175 0
84 269 0
84 309 0
14 43 0
14 393 0
14 631 0
14 920 0
43 25 0
43 244 0
43 507 0
15 802 0
802 18 0
802 376 0
802 792 0
16 495 0
16 558 0
16 655 0
16 737 0
558 564 0
17 418 0
418 388 0
418 261 0
418 859 0
19 902 0
902 391 0
20 378 0
20 582 0
20 589 0
20 783 0
20 877 0
20 900 0
589 614 0
589 263 0
21 639 0
639 362 0
639 474 0
639 934 0
639 264 0
22 269 0
269 455 0
269 349 0
23 234 0
234 514 0
234 521 0
234 824 0
24 79 0
79 173 0
79 254 0
79 640 0
25 192 0
25 577 0
25 595 0
26 533 0
533 198 0
533 441 0
533 284 0
27 446 0
446 189 0
446 287 0
446 659 0
446 844 0
446 865 0
28 309 0
309 372 0
309 662 0
29 142 0
29 524 0
29 621 0
29 928 0
524 194 0
524 661 0
210 530 0
210 890 0
210 968 0
31 420 0
420 205 0
420 720 0
420 934 0
32 661 0
661 379 0
33 638 0
638 602 0
638 276 0
638 939 0
34 953 0
953 498 0
953 741 0
953 64 0
953 591 0
35 321 0
321 367 0
321 474 0
321 768 0
36 475 0
36 740 0
36 768 0
36 845 0
768 508 0
768 581 0
37 958 0
958 464 0
958 550 0
958 364 0
38 224 0
38 727 0
38 864 0
38 965 0
224 77 0
39 201 0
39 339 0
39 830 0
39 960 0
40 710 0
710 181 0
41 363 0
363 456 0
363 619 0
363 735 0
42 109 0
42 795 0
42 846 0
109 156 0
109 197 0
44 570 0
570 423 0
570 599 0
570 790 0
45 263 0
263 222 0
263 512 0
46 336 0
336 409 0
336 734 0
336 889 0
47 721 0
47 775 0
47 838 0
47 974 0
721 844 0
721 371 0
775 96 0
775 650 0
48 301 0
48 481 0
301 183 0
301 300 0
301 608 0
49 218 0
49 317 0
49 333 0
51 794 0
794 120 0
794 525 0
794 853 0
52 435 0
435 407 0
435 917 0
53 249 0
53 739 0
53 844 0
249 284 0
249 438 0
249 703 0
249 763 0
55 913 0
913 837 0
56 360 0
56 401 0
56 491 0
56 644 0
56 688 0
360 331 0
360 907 0
644 232 0
644 320 0
644 437 0
57 426 0
426 114 0
426 60 0
426 785 0
58 814 0
814 63 0
59 663 0
663 253 0
663 436 0
663 650 0
60 268 0
60 489 0
268 75 0
268 235 0
268 613 0
268 907 0
61 127 0
127 134 0
127 430 0
127 948 0
62 964 0
964 496 0
964 565 0
64 478 0
64 632 0
478 811 0
478 884 0
632 749 0
65 194 0
194 733 0
194 282 0
194 942 0
66 295 0
295 122 0
295 452 0
295 778 0
295 830 0
67 175 0
175 356 0
175 604 0
68 463 0
463 141 0
463 433 0
69 111 0
69 247 0
69 744 0
69 989 0
111 167 0
111 480 0
70 985 0
985 217 0
985 335 0
71 400 0
400 343 0
400 756 0
400 841 0
72 342 0
342 133 0
342 322 0
73 467 0
467 196 0
467 245 0
467 889 0
74 669 0
669 137 0
669 735 0
75 244 0
75 505 0
75 508 0
75 804 0
244 86 0
244 689 0
505 195 0
505 346 0
505 833 0
505 548 0
508 790 0
508 261 0
76 959 0
959 366 0
959 809 0
77 248 0
77 593 0
77 596 0
77 634 0
78 98 0
78 327 0
78 969 0
78 982 0
80 170 0
80 386 0
80 419 0
80 459 0
170 735 0
81 680 0
680 113 0
680 151 0
680 718 0
82 348 0
348 677 0
348 904 0
348 503 0
85 188 0
188 89 0
188 622 0
188 924 0
86 292 0
86 395 0
292 311 0
292 692 0
292 758 0
87 990 0
990 825 0
88 108 0
108 155 0
108 216 0
108 873 0
90 215 0
215 487 0
215 514 0
215 782 0
91 179 0
91 283 0
91 591 0
91 994 0
92 679 0
679 544 0
679 691 0
679 308 0
679 929 0
93 422 0
93 503 0
93 515 0
93 819 0
503 202 0
503 104 0
94 714 0
94 749 0
94 791 0
714 186 0
714 381 0
714 547 0
714 419 0
95 160 0
160 384 0
160 390 0
160 442 0
96 235 0
96 791 0
235 776 0
235 845 0
235 858 0
97 303 0
97 398 0
303 541 0
303 579 0
303 948 0
99 398 0
99 488 0
99 561 0
99 861 0
398 105 0
398 499 0
398 807 0
398 871 0
488 805 0
488 898 0
488 918 0
100 280 0
280 203 0
280 245 0
280 506 0
101 828 0
828 397 0
828 705 0
102 145 0
145 284 0
145 469 0
145 598 0
103 458 0
458 144 0
458 950 0
458 979 0
104 138 0
104 139 0
104 259 0
104 955 0
138 576 0
106 346 0
106 509 0
106 520 0
346 513 0
346 887 0
346 892 0
107 152 0
107 180 0
107 211 0
152 842 0
155 529 0
155 676 0
110 774 0
774 654 0
774 634 0
774 827 0
167 168 0
167 466 0
167 629 0
112 374 0
374 451 0
374 572 0
113 494 0
113 771 0
113 878 0
113 983 0
494 168 0
494 569 0
771 405 0
114 221 0
114 492 0
114 576 0
221 161 0
221 164 0
221 178 0
221 255 0
115 220 0
220 251 0
220 603 0
220 934 0
116 702 0
702 424 0
702 482 0
117 417 0
117 722 0
117 829 0
117 835 0
417 131 0
417 646 0
118 486 0
486 322 0
486 556 0
486 664 0
119 300 0
119 322 0
119 397 0
300 202 0
300 576 0
121 252 0
252 159 0
252 316 0
252 813 0
123 879 0
879 482 0
879 656 0
124 795 0
795 345 0
795 545 0
795 670 0
195 630 0
128 983 0
983 657 0
983 716 0
983 647 0
129 172 0
129 516 0
129 636 0
172 761 0
172 822 0
172 889 0
172 944 0
516 193 0
516 461 0
516 504 0
516 801 0
328 731 0
328 706 0
131 276 0
131 608 0
276 187 0
132 800 0
800 640 0
135 620 0
620 568 0
620 256 0
620 687 0
140 153 0
140 246 0
140 354 0
140 627 0
153 511 0
153 543 0
143 312 0
143 410 0
143 523 0
143 569 0
284 838 0
284 485 0
146 851 0
851 502 0
851 537 0
147 681 0
681 522 0
148 432 0
148 788 0
148 923 0
788 484 0
150 726 0
726 534 0
511 183 0
511 813 0
511 975 0
154 777 0
777 304 0
529 634 0
529 822 0
529 343 0
529 991 0
157 305 0
157 628 0
157 698 0
305 278 0
305 954 0
305 962 0
628 607 0
628 868 0
628 951 0
161 507 0
162 286 0
162 319 0
162 674 0
162 912 0
163 353 0
163 358 0
163 719 0
163 766 0
353 471 0
358 168 0
358 482 0
165 297 0
165 442 0
165 470 0
165 901 0
442 307 0
442 614 0
166 926 0
926 357 0
926 396 0
168 320 0
168 481 0
320 591 0
320 982 0
481 460 0
169 817 0
817 449 0
817 592 0
171 330 0
330 273 0
330 789 0
330 864 0
761 250 0
761 448 0
174 757 0
757 230 0
176 875 0
875 984 0
177 466 0
177 830 0
177 841 0
466 613 0
466 745 0
182 646 0
646 318 0
646 431 0
183 308 0
183 698 0
308 636 0
184 270 0
184 274 0
184 674 0
184 991 0
185 492 0
492 233 0
492 803 0
492 834 0
492 807 0
187 282 0
187 643 0
187 736 0
189 745 0
189 861 0
190 729 0
729 338 0
729 863 0
729 522 0
191 448 0
448 414 0
448 872 0
199 732 0
732 323 0
732 427 0
200 331 0
331 371 0
331 617 0
202 349 0
202 816 0
202 674 0
349 613 0
204 686 0
686 667 0
206 457 0
457 207 0
457 326 0
208 909 0
909 588 0
909 801 0
909 906 0
909 364 0
209 412 0
209 682 0
209 797 0
209 891 0
209 966 0
797 931 0
212 343 0
212 421 0
212 485 0
212 610 0
212 773 0
343 526 0
485 731 0
213 888 0
888 514 0
888 531 0
888 635 0
219 561 0
561 712 0
561 725 0
223 437 0
437 563 0
437 647 0
437 707 0
437 991 0
225 810 0
810 919 0
226 784 0
784 373 0
784 549 0
227 484 0
227 915 0
227 924 0
484 608 0
484 713 0
484 853 0
228 749 0
749 439 0
749 975 0
229 307 0
307 382 0
307 841 0
307 996 0
231 972 0
972 650 0
232 375 0
232 806 0
232 930 0
514 838 0
514 245 0
236 371 0
236 560 0
236 696 0
236 997 0
237 532 0
532 310 0
532 428 0
239 315 0
239 676 0
239 838 0
315 490 0
315 618 0
315 844 0
240 755 0
755 392 0
755 562 0
755 397 0
242 256 0
242 370 0
242 416 0
242 748 0
256 298 0
243 564 0
564 615 0
564 781 0
250 812 0
250 916 0
250 957 0
298 377 0
298 501 0
298 937 0
257 518 0
518 450 0
518 672 0
258 786 0
786 787 0
261 272 0
261 405 0
272 445 0
272 546 0
272 832 0
405 856 0
405 988 0
262 557 0
557 482 0
557 715 0
557 966 0
557 845 0
264 290 0
264 403 0
290 394 0
290 419 0
290 703 0
290 747 0
265 483 0
265 522 0
265 932 0
265 980 0
517 271 0
517 611 0
517 813 0
517 970 0
267 489 0
489 314 0
489 738 0
489 823 0
489 944 0
613 408 0
613 440 0
275 542 0
542 291 0
542 778 0
277 653 0
653 497 0
653 864 0
653 804 0
279 676 0
676 536 0
676 998 0
838 659 0
285 543 0
543 380 0
543 821 0
288 453 0
453 671 0
453 896 0
289 573 0
573 332 0
573 894 0
419 866 0
293 887 0
887 574 0
887 578 0
294 648 0
648 820 0
648 893 0
296 850 0
850 425 0
299 706 0
706 590 0
706 314 0
306 583 0
583 313 0
583 351 0
583 689 0
583 778 0
314 576 0
314 703 0
576 934 0
703 474 0
591 695 0
325 630 0
630 612 0
329 683 0
683 376 0
683 551 0
683 659 0
334 695 0
695 599 0
695 600 0
695 895 0
337 559 0
337 660 0
337 807 0
340 507 0
507 493 0
526 477 0
526 535 0
526 684 0
526 499 0
344 760 0
760 527 0
760 673 0
347 413 0
347 554 0
347 935 0
347 978 0
471 364 0
471 460 0
355 878 0
878 914 0
878 986 0
364 476 0
476 699 0
476 728 0
476 759 0
365 936 0
936 569 0
936 708 0
368 765 0
765 717 0
369 903 0
903 700 0
903 629 0
903 981 0
376 586 0
586 411 0
586 642 0
586 548 0
383 597 0
597 429 0
597 764 0
385 651 0
385 697 0
385 846 0
385 750 0
651 387 0
651 402 0
651 899 0
697 956 0
697 974 0
697 979 0
395 752 0
395 770 0
395 831 0
395 848 0
397 685 0
685 854 0
499 447 0
399 548 0
399 552 0
399 634 0
399 668 0
399 801 0
403 852 0
403 963 0
403 977 0
403 982 0
406 636 0
636 666 0
636 940 0
415 1000 0
1000 694 0
866 608 0
434 587 0
434 678 0
434 790 0
434 945 0
443 742 0
742 713 0
444 601 0
601 674 0
601 723 0
447 724 0
447 816 0
447 874 0
447 971 0
816 462 0
454 652 0
454 811 0
454 826 0
454 943 0
811 479 0
460 614 0
460 931 0
614 966 0
461 610 0
461 689 0
462 645 0
462 649 0
462 855 0
465 750 0
750 633 0
468 842 0
842 637 0
842 779 0
842 813 0
479 510 0
479 538 0
479 876 0
480 641 0
480 947 0
480 952 0
482 698 0
698 935 0
519 961 0
961 605 0
528 847 0
847 553 0
540 791 0
791 743 0
555 581 0
581 711 0
581 910 0
569 739 0
739 762 0
739 809 0
739 885 0
739 933 0
571 798 0
798 665 0
629 731 0
623 818 0
818 625 0
626 915 0
915 897 0
915 935 0
731 730 0
731 754 0
731 941 0
658 846 0
846 840 0
846 870 0
772 999 0
999 839 0
790 992 0
992 793 0
992 843 0
931 804 0
861 929 0
