697 699 0
1 183 0
1 219 0
1 631 0
1 641 0
183 12 0
183 371 0
183 372 0
2 427 0
427 256 0
427 355 0
3 86 0
3 387 0
3 617 0
3 685 0
4 432 0
432 444 0
432 592 0
432 561 0
5 252 0
5 348 0
5 404 0
5 618 0
252 362 0
252 368 0
252 565 0
348 23 0
348 156 0
348 433 0
6 71 0
6 223 0
6 286 0
6 441 0
223 243 0
223 299 0
7 93 0
7 138 0
7 580 0
7 676 0
138 164 0
138 270 0
8 25 0
25 194 0
25 206 0
25 509 0
9 636 0
636 43 0
636 326 0
10 618 0
618 178 0
618 490 0
11 301 0
301 36 0
301 113 0
301 281 0
12 388 0
12 419 0
12 663 0
388 87 0
388 525 0
13 621 0
621 248 0
621 325 0
621 689 0
14 126 0
126 124 0
126 265 0
126 654 0
15 486 0
486 51 0
486 221 0
486 260 0
16 480 0
480 155 0
480 211 0
480 382 0
17 205 0
205 182 0
205 210 0
205 514 0
205 615 0
18 154 0
154 57 0
154 186 0
19 213 0
19 276 0
19 418 0
19 569 0
20 523 0
523 128 0
523 449 0
523 328 0
21 35 0
35 27 0
35 179 0
35 622 0
22 385 0
385 52 0
385 73 0
385 545 0
24 428 0
428 120 0
428 481 0
428 496 0
194 446 0
194 500 0
26 172 0
172 99 0
172 379 0
172 684 0
28 367 0
367 147 0
367 170 0
367 660 0
29 110 0
110 541 0
110 605 0
110 650 0
30 406 0
30 525 0
30 527 0
406 234 0
406 466 0
406 431 0
31 182 0
31 229 0
31 287 0
31 450 0
182 149 0
182 401 0
32 53 0
53 135 0
53 240 0
53 683 0
33 532 0
532 70 0
532 259 0
532 240 0
34 544 0
544 242 0
544 458 0
544 584 0
544 665 0
36 152 0
36 522 0
36 646 0
152 101 0
152 460 0
152 537 0
37 134 0
134 342 0
134 589 0
134 626 0
38 69 0
38 225 0
38 562 0
38 601 0
69 87 0
69 320 0
69 535 0
39 78 0
39 171 0
39 338 0
39 558 0
40 59 0
40 96 0
40 268 0
40 304 0
40 398 0
96 41 0
96 431 0
96 499 0
41 67 0
41 549 0
41 619 0
42 423 0
423 55 0
423 318 0
423 635 0
44 112 0
44 196 0
44 508 0
44 637 0
45 672 0
672 483 0
46 346 0
346 122 0
346 141 0
346 391 0
47 595 0
595 249 0
595 488 0
595 481 0
48 208 0
48 382 0
48 481 0
48 560 0
208 91 0
208 118 0
208 474 0
382 247 0
382 553 0
49 462 0
462 216 0
462 396 0
462 481 0
50 104 0
50 151 0
50 190 0
50 630 0
50 692 0
104 261 0
104 373 0
104 602 0
151 85 0
151 255 0
151 403 0
190 365 0
190 380 0
51 507 0
51 538 0
507 107 0
507 473 0
507 697 0
54 203 0
203 305 0
203 533 0
203 561 0
56 95 0
56 188 0
56 199 0
56 497 0
58 139 0
58 304 0
58 682 0
58 419 0
304 240 0
60 553 0
553 103 0
553 327 0
61 437 0
437 383 0
437 471 0
62 479 0
479 390 0
479 275 0
479 394 0
63 149 0
149 77 0
149 204 0
64 177 0
64 316 0
64 357 0
64 554 0
316 294 0
316 446 0
65 212 0
212 309 0
212 551 0
212 554 0
66 324 0
324 206 0
324 506 0
324 696 0
68 416 0
416 350 0
416 407 0
87 459 0
87 577 0
72 499 0
499 214 0
499 308 0
73 239 0
73 412 0
73 629 0
73 657 0
239 169 0
239 118 0
412 290 0
412 234 0
412 418 0
629 217 0
629 476 0
629 516 0
74 566 0
566 245 0
566 274 0
566 290 0
75 687 0
687 375 0
687 576 0
76 638 0
638 136 0
79 162 0
162 295 0
162 334 0
162 550 0
80 254 0
254 88 0
254 258 0
254 666 0
81 230 0
230 227 0
230 616 0
230 508 0
82 377 0
377 493 0
377 577 0
377 598 0
83 669 0
669 424 0
84 556 0
556 106 0
556 332 0
556 626 0
556 168 0
89 90 0
89 167 0
89 250 0
90 170 0
90 496 0
90 527 0
90 554 0
167 184 0
167 410 0
167 425 0
167 660 0
170 313 0
170 465 0
496 241 0
91 353 0
91 426 0
91 489 0
92 699 0
699 251 0
699 443 0
699 338 0
94 465 0
465 579 0
465 695 0
97 289 0
289 269 0
289 524 0
289 607 0
289 679 0
98 197 0
197 235 0
197 500 0
197 559 0
99 143 0
99 361 0
99 370 0
143 414 0
143 508 0
143 560 0
143 583 0
100 218 0
218 420 0
218 528 0
218 656 0
102 157 0
157 272 0
157 290 0
157 529 0
105 436 0
105 459 0
105 583 0
105 614 0
459 440 0
108 531 0
531 300 0
531 577 0
531 693 0
531 607 0
109 352 0
109 447 0
109 557 0
109 678 0
352 129 0
352 452 0
352 457 0
111 116 0
116 334 0
116 335 0
116 411 0
114 345 0
345 201 0
345 482 0
115 517 0
517 202 0
517 417 0
517 418 0
334 244 0
334 294 0
334 445 0
117 538 0
538 153 0
538 515 0
118 238 0
118 606 0
119 555 0
555 145 0
555 698 0
555 241 0
121 313 0
313 224 0
313 455 0
123 372 0
372 343 0
372 349 0
125 129 0
129 478 0
129 609 0
127 573 0
573 174 0
573 419 0
573 435 0
130 220 0
220 419 0
220 491 0
220 673 0
131 164 0
164 498 0
164 571 0
132 215 0
215 175 0
215 414 0
215 543 0
133 339 0
339 192 0
339 246 0
339 418 0
339 642 0
137 564 0
137 608 0
137 625 0
137 677 0
140 310 0
310 264 0
310 389 0
141 277 0
141 397 0
141 452 0
277 168 0
277 191 0
277 303 0
277 378 0
277 464 0
397 380 0
397 530 0
397 593 0
397 620 0
142 226 0
142 275 0
142 639 0
142 686 0
275 195 0
275 404 0
414 369 0
414 596 0
508 624 0
144 180 0
144 405 0
144 458 0
144 568 0
146 243 0
243 337 0
243 668 0
148 421 0
421 463 0
421 599 0
150 199 0
150 430 0
150 451 0
150 634 0
199 193 0
158 232 0
232 422 0
232 510 0
232 689 0
159 540 0
540 376 0
540 554 0
540 578 0
160 446 0
446 363 0
446 513 0
446 681 0
161 570 0
570 386 0
570 628 0
570 635 0
163 655 0
655 358 0
655 472 0
655 420 0
165 269 0
165 461 0
165 652 0
165 691 0
269 263 0
269 193 0
269 378 0
166 279 0
166 374 0
166 467 0
166 552 0
374 285 0
374 401 0
168 285 0
169 296 0
169 591 0
169 605 0
169 611 0
605 646 0
605 222 0
173 311 0
173 470 0
173 561 0
173 590 0
176 502 0
502 622 0
502 644 0
502 688 0
181 630 0
630 505 0
630 519 0
185 617 0
617 381 0
617 649 0
187 657 0
657 302 0
657 504 0
657 445 0
189 366 0
366 409 0
366 663 0
191 369 0
193 241 0
193 560 0
241 365 0
241 434 0
195 331 0
195 360 0
195 607 0
198 359 0
359 380 0
359 420 0
359 503 0
200 336 0
336 291 0
336 458 0
336 585 0
336 600 0
210 209 0
210 624 0
206 401 0
401 234 0
207 365 0
365 402 0
209 314 0
209 393 0
420 466 0
222 518 0
222 534 0
222 640 0
228 270 0
270 364 0
270 588 0
231 283 0
283 298 0
283 567 0
233 299 0
299 575 0
299 662 0
236 604 0
604 475 0
604 484 0
604 626 0
237 370 0
370 257 0
370 384 0
240 466 0
240 675 0
675 273 0
675 340 0
675 653 0
434 284 0
434 330 0
434 347 0
242 643 0
242 660 0
244 527 0
244 561 0
527 694 0
247 438 0
247 454 0
247 585 0
250 297 0
250 501 0
250 623 0
253 263 0
263 546 0
263 667 0
262 512 0
512 492 0
512 635 0
266 361 0
361 323 0
361 581 0
267 328 0
267 344 0
267 392 0
267 547 0
328 404 0
328 485 0
271 319 0
319 290 0
319 351 0
319 536 0
278 700 0
700 586 0
700 632 0
280 596 0
596 495 0
596 597 0
282 643 0
643 661 0
643 663 0
285 439 0
285 603 0
288 624 0
624 399 0
624 633 0
292 369 0
369 415 0
293 612 0
612 341 0
612 572 0
294 520 0
294 658 0
294 671 0
306 453 0
453 469 0
453 587 0
307 485 0
485 413 0
485 574 0
312 329 0
312 338 0
312 468 0
312 583 0
312 613 0
338 448 0
338 670 0
315 371 0
371 322 0
371 442 0
317 535 0
535 521 0
535 674 0
320 321 0
320 582 0
320 610 0
320 690 0
404 548 0
333 647 0
647 408 0
448 548 0
448 635 0
354 522 0
522 539 0
522 664 0
356 429 0
429 400 0
429 526 0
429 577 0
380 660 0
378 583 0
395 440 0
440 542 0
440 594 0
431 500 0
431 654 0
445 474 0
474 494 0
474 511 0
681 692 0
452 666 0
666 660 0
456 627 0
627 487 0
627 651 0
457 477 0
457 563 0
457 645 0
525 560 0
694 626 0
585 663 0
677 685 0
