561 599 0
1 54 0
54 57 0
54 338 0
54 340 0
2 253 0
253 225 0
253 576 0
253 48 0
253 276 0
3 56 0
3 228 0
3 244 0
3 330 0
3 432 0
56 125 0
56 236 0
244 58 0
244 245 0
4 268 0
268 393 0
268 404 0
268 527 0
268 565 0
5 208 0
5 368 0
5 412 0
5 600 0
6 195 0
6 340 0
195 136 0
195 143 0
195 180 0
195 263 0
7 55 0
55 59 0
55 83 0
55 109 0
55 271 0
8 330 0
8 424 0
8 515 0
8 582 0
330 173 0
330 174 0
9 460 0
460 239 0
460 277 0
460 97 0
10 316 0
316 155 0
316 246 0
316 470 0
11 308 0
308 124 0
12 442 0
442 178 0
442 255 0
442 369 0
442 69 0
13 238 0
13 248 0
13 469 0
13 563 0
238 313 0
238 372 0
14 209 0
14 256 0
14 364 0
14 436 0
209 95 0
209 113 0
209 388 0
15 570 0
570 349 0
570 98 0
570 50 0
16 264 0
264 40 0
264 526 0
264 416 0
17 575 0
575 25 0
18 400 0
400 187 0
400 536 0
400 547 0
19 304 0
19 310 0
19 343 0
19 514 0
19 519 0
304 93 0
304 267 0
20 139 0
20 191 0
20 405 0
20 501 0
191 58 0
191 346 0
21 267 0
267 197 0
267 273 0
267 290 0
267 421 0
267 578 0
22 345 0
345 94 0
345 467 0
345 505 0
23 74 0
23 465 0
23 565 0
74 266 0
74 373 0
74 409 0
74 481 0
24 179 0
179 150 0
179 275 0
179 317 0
179 230 0
26 133 0
26 200 0
133 118 0
133 475 0
27 141 0
141 100 0
141 128 0
141 420 0
141 224 0
28 465 0
465 271 0
465 452 0
29 341 0
341 73 0
30 206 0
206 262 0
206 342 0
206 401 0
206 411 0
31 589 0
589 82 0
32 77 0
77 134 0
77 293 0
77 464 0
33 136 0
136 367 0
136 488 0
136 539 0
34 297 0
34 311 0
34 487 0
297 101 0
297 176 0
35 305 0
305 204 0
36 471 0
471 169 0
471 418 0
37 119 0
37 380 0
37 417 0
119 68 0
119 99 0
119 159 0
119 458 0
380 120 0
38 159 0
38 175 0
159 199 0
39 189 0
39 229 0
39 365 0
39 433 0
189 241 0
189 404 0
189 470 0
189 406 0
229 112 0
229 520 0
229 532 0
365 50 0
365 116 0
365 192 0
40 279 0
40 393 0
40 588 0
41 96 0
96 232 0
96 262 0
96 416 0
42 86 0
42 185 0
42 213 0
43 202 0
202 309 0
202 351 0
202 566 0
44 101 0
44 135 0
44 188 0
44 252 0
44 282 0
44 554 0
101 241 0
101 367 0
101 576 0
135 67 0
135 237 0
135 382 0
188 441 0
188 97 0
188 517 0
252 295 0
45 427 0
427 106 0
427 164 0
427 323 0
427 281 0
46 151 0
46 247 0
46 354 0
46 492 0
46 512 0
247 372 0
247 439 0
47 597 0
597 163 0
597 217 0
597 277 0
48 50 0
48 499 0
50 362 0
50 431 0
49 315 0
315 332 0
315 440 0
362 318 0
362 587 0
51 542 0
542 508 0
52 152 0
52 278 0
52 307 0
52 435 0
52 535 0
152 456 0
152 475 0
307 266 0
307 283 0
53 258 0
258 321 0
258 595 0
258 470 0
57 138 0
57 177 0
59 182 0
83 499 0
83 177 0
138 107 0
138 444 0
58 167 0
58 568 0
60 97 0
60 165 0
60 406 0
60 554 0
60 579 0
406 154 0
406 184 0
61 205 0
205 84 0
205 309 0
205 376 0
62 233 0
233 100 0
233 250 0
233 473 0
63 561 0
561 91 0
561 108 0
561 287 0
64 89 0
89 245 0
89 290 0
89 402 0
65 113 0
113 198 0
66 552 0
552 144 0
552 446 0
69 92 0
69 175 0
69 429 0
92 172 0
92 391 0
92 583 0
175 445 0
175 487 0
429 210 0
429 444 0
70 439 0
439 302 0
439 549 0
71 493 0
493 227 0
493 418 0
72 172 0
72 223 0
72 383 0
72 418 0
172 168 0
172 210 0
223 242 0
223 407 0
266 484 0
266 591 0
266 100 0
266 457 0
373 78 0
75 388 0
388 140 0
388 434 0
76 93 0
93 425 0
93 508 0
78 117 0
78 443 0
79 147 0
147 339 0
147 369 0
147 371 0
80 102 0
80 150 0
80 230 0
80 479 0
80 553 0
102 293 0
150 370 0
81 148 0
148 145 0
148 320 0
148 423 0
85 212 0
212 166 0
212 508 0
212 457 0
212 513 0
87 331 0
87 403 0
87 491 0
87 599 0
88 282 0
88 537 0
88 572 0
282 280 0
282 431 0
245 103 0
245 444 0
90 220 0
220 281 0
220 344 0
425 149 0
95 461 0
95 508 0
95 541 0
461 200 0
98 236 0
98 469 0
98 531 0
236 291 0
236 454 0
236 326 0
531 219 0
531 265 0
100 180 0
180 293 0
103 157 0
103 254 0
103 507 0
103 522 0
157 249 0
157 389 0
157 451 0
157 484 0
157 588 0
104 348 0
348 108 0
348 240 0
348 261 0
105 154 0
154 128 0
154 162 0
154 408 0
154 198 0
106 447 0
106 587 0
107 137 0
107 276 0
107 336 0
276 367 0
108 394 0
394 203 0
110 190 0
190 127 0
190 226 0
111 534 0
534 271 0
534 359 0
114 451 0
115 438 0
438 290 0
118 281 0
118 423 0
118 290 0
121 572 0
572 473 0
572 538 0
122 174 0
174 123 0
174 516 0
125 170 0
125 449 0
125 459 0
125 467 0
126 318 0
318 396 0
128 224 0
128 600 0
129 242 0
242 401 0
242 577 0
130 480 0
480 156 0
131 463 0
463 430 0
132 381 0
381 272 0
367 389 0
367 571 0
142 298 0
142 333 0
142 357 0
142 467 0
142 554 0
143 249 0
143 378 0
249 511 0
249 467 0
146 581 0
581 312 0
149 155 0
149 410 0
149 415 0
149 509 0
149 584 0
155 416 0
155 487 0
456 161 0
153 199 0
199 186 0
389 358 0
389 502 0
158 173 0
158 193 0
173 326 0
173 467 0
173 369 0
160 445 0
168 231 0
168 257 0
168 511 0
171 353 0
171 423 0
171 523 0
423 177 0
423 482 0
326 200 0
176 366 0
176 419 0
177 457 0
177 498 0
181 543 0
543 397 0
182 291 0
182 300 0
182 363 0
183 592 0
592 222 0
184 289 0
184 564 0
184 594 0
404 235 0
193 390 0
193 433 0
193 466 0
390 337 0
390 504 0
390 520 0
433 473 0
194 544 0
544 399 0
544 431 0
544 454 0
544 546 0
196 477 0
477 234 0
200 422 0
422 468 0
422 504 0
422 587 0
201 417 0
417 211 0
417 560 0
309 356 0
309 391 0
309 588 0
262 295 0
262 528 0
207 557 0
557 259 0
210 251 0
210 521 0
214 327 0
327 284 0
215 499 0
499 301 0
499 329 0
499 541 0
216 586 0
586 453 0
218 377 0
377 292 0
377 387 0
221 447 0
447 277 0
447 288 0
447 487 0
224 295 0
235 270 0
235 274 0
235 485 0
270 346 0
270 347 0
454 524 0
313 352 0
243 370 0
370 269 0
370 385 0
372 271 0
260 407 0
407 384 0
407 574 0
263 299 0
263 319 0
263 435 0
263 525 0
591 393 0
273 361 0
273 450 0
346 450 0
271 578 0
361 450 0
277 475 0
283 483 0
285 337 0
337 472 0
286 398 0
398 335 0
293 334 0
293 540 0
334 374 0
294 414 0
294 428 0
303 347 0
347 392 0
347 437 0
306 524 0
524 593 0
470 537 0
324 328 0
324 369 0
467 565 0
450 483 0
360 444 0
444 562 0
375 506 0
506 379 0
504 514 0
395 537 0
537 495 0
537 503 0
537 533 0
426 483 0
483 518 0
455 512 0
475 599 0
528 600 0
