589 599 0
1 462 0
462 292 0
462 357 0
462 231 0
2 266 0
266 76 0
266 307 0
266 491 0
3 371 0
371 156 0
371 310 0
371 584 0
371 553 0
4 83 0
4 112 0
4 429 0
4 497 0
83 162 0
5 592 0
592 179 0
592 477 0
6 598 0
598 342 0
598 356 0
7 226 0
226 176 0
226 442 0
8 50 0
50 264 0
50 365 0
50 555 0
9 531 0
531 151 0
10 70 0
70 56 0
70 223 0
70 261 0
11 528 0
528 283 0
528 183 0
528 511 0
12 91 0
12 143 0
12 394 0
12 464 0
394 162 0
394 432 0
13 380 0
380 96 0
380 166 0
380 568 0
14 235 0
235 98 0
235 542 0
235 402 0
15 49 0
15 126 0
15 153 0
15 384 0
15 586 0
15 593 0
126 232 0
126 415 0
153 75 0
153 274 0
16 163 0
163 259 0
163 302 0
163 402 0
17 52 0
17 85 0
17 231 0
17 346 0
17 536 0
52 84 0
52 211 0
85 547 0
85 553 0
231 128 0
231 73 0
18 210 0
18 251 0
18 260 0
18 337 0
210 216 0
210 229 0
210 372 0
210 411 0
251 410 0
251 514 0
251 567 0
19 169 0
169 38 0
169 160 0
169 521 0
20 495 0
495 366 0
495 393 0
495 414 0
21 87 0
21 299 0
21 326 0
21 513 0
22 244 0
244 78 0
244 275 0
244 415 0
23 128 0
23 242 0
23 303 0
23 352 0
23 355 0
128 319 0
128 596 0
242 113 0
242 404 0
24 289 0
289 122 0
289 429 0
25 30 0
25 517 0
25 548 0
30 46 0
30 583 0
30 600 0
26 72 0
26 202 0
26 333 0
26 408 0
26 582 0
72 119 0
202 107 0
202 201 0
27 279 0
279 237 0
279 243 0
279 284 0
28 198 0
28 427 0
28 600 0
198 48 0
198 130 0
198 165 0
198 481 0
198 553 0
29 295 0
295 148 0
295 221 0
295 88 0
46 35 0
46 130 0
46 408 0
31 171 0
171 429 0
171 572 0
171 588 0
32 353 0
32 576 0
353 307 0
353 452 0
353 516 0
33 345 0
345 173 0
345 499 0
345 519 0
34 308 0
308 476 0
308 564 0
308 35 0
308 90 0
35 55 0
35 246 0
35 595 0
55 136 0
55 161 0
55 344 0
246 335 0
246 503 0
246 599 0
36 547 0
547 103 0
547 326 0
547 512 0
37 188 0
37 334 0
37 362 0
37 400 0
188 75 0
188 332 0
188 427 0
38 311 0
38 568 0
39 66 0
39 209 0
39 390 0
39 483 0
66 374 0
66 423 0
40 164 0
164 227 0
164 382 0
164 90 0
164 521 0
41 89 0
41 97 0
41 110 0
41 300 0
89 255 0
89 280 0
89 391 0
42 239 0
42 293 0
42 440 0
42 530 0
43 162 0
162 386 0
162 436 0
162 441 0
44 194 0
194 421 0
194 426 0
45 404 0
404 65 0
404 307 0
404 329 0
47 159 0
159 118 0
159 489 0
159 505 0
48 337 0
48 392 0
48 534 0
337 155 0
337 204 0
337 439 0
392 95 0
392 403 0
392 487 0
51 180 0
51 373 0
51 408 0
51 443 0
53 192 0
53 309 0
53 408 0
53 411 0
53 544 0
54 549 0
549 509 0
549 458 0
57 225 0
57 375 0
57 496 0
57 550 0
57 591 0
375 428 0
375 430 0
58 570 0
570 359 0
570 466 0
570 312 0
59 378 0
378 189 0
378 148 0
378 472 0
60 340 0
60 379 0
60 405 0
340 320 0
340 422 0
340 492 0
379 455 0
379 364 0
61 82 0
82 354 0
82 389 0
82 514 0
62 69 0
62 267 0
62 407 0
62 555 0
63 430 0
430 482 0
64 383 0
383 252 0
383 468 0
374 145 0
374 272 0
374 573 0
67 121 0
121 150 0
121 247 0
121 541 0
68 311 0
311 135 0
311 230 0
311 250 0
311 440 0
311 469 0
71 269 0
269 92 0
269 213 0
269 574 0
73 149 0
73 214 0
73 230 0
73 316 0
230 306 0
230 481 0
74 539 0
539 144 0
539 479 0
75 319 0
75 458 0
75 521 0
319 247 0
319 336 0
319 469 0
319 548 0
77 562 0
562 325 0
562 363 0
79 224 0
224 124 0
224 285 0
224 287 0
80 181 0
181 277 0
181 370 0
181 415 0
81 208 0
81 304 0
81 359 0
81 434 0
84 130 0
84 212 0
84 493 0
84 554 0
130 113 0
130 232 0
86 168 0
168 223 0
168 350 0
168 461 0
88 148 0
88 360 0
148 341 0
255 245 0
255 296 0
255 327 0
90 119 0
119 116 0
119 213 0
119 406 0
93 351 0
351 131 0
351 173 0
351 387 0
94 280 0
280 294 0
280 339 0
280 580 0
99 306 0
306 200 0
306 596 0
100 125 0
125 282 0
125 287 0
125 349 0
101 313 0
313 108 0
313 502 0
313 571 0
102 318 0
318 158 0
318 446 0
318 559 0
104 170 0
104 215 0
104 358 0
104 440 0
105 457 0
457 133 0
457 500 0
106 332 0
332 486 0
332 507 0
107 402 0
107 424 0
107 438 0
107 444 0
402 238 0
109 527 0
527 117 0
527 249 0
111 165 0
165 480 0
165 541 0
113 134 0
113 312 0
114 405 0
405 167 0
405 420 0
115 265 0
265 460 0
265 553 0
265 559 0
213 336 0
213 563 0
120 533 0
533 347 0
533 377 0
533 576 0
123 328 0
328 174 0
328 326 0
328 551 0
127 597 0
597 398 0
129 152 0
129 211 0
129 317 0
152 182 0
152 560 0
152 585 0
211 203 0
211 276 0
232 273 0
232 589 0
132 274 0
274 201 0
274 369 0
137 453 0
453 141 0
453 415 0
453 450 0
138 432 0
432 463 0
139 191 0
191 301 0
191 431 0
191 471 0
140 501 0
501 177 0
501 270 0
142 216 0
142 532 0
142 537 0
142 566 0
216 399 0
146 248 0
248 172 0
248 535 0
248 359 0
147 467 0
467 254 0
467 412 0
467 366 0
341 359 0
341 454 0
341 576 0
154 183 0
154 228 0
154 481 0
154 543 0
183 391 0
157 520 0
520 471 0
223 494 0
429 600 0
173 263 0
173 368 0
263 287 0
263 517 0
263 326 0
175 360 0
360 243 0
360 456 0
178 490 0
490 288 0
391 454 0
391 545 0
184 336 0
184 368 0
336 243 0
336 537 0
336 568 0
185 236 0
236 298 0
236 504 0
236 530 0
236 545 0
186 435 0
435 287 0
435 330 0
435 485 0
187 190 0
187 348 0
187 484 0
187 489 0
193 368 0
368 278 0
368 343 0
195 199 0
195 315 0
195 478 0
195 514 0
196 494 0
494 290 0
494 381 0
197 510 0
510 219 0
510 312 0
201 530 0
205 395 0
395 253 0
395 262 0
395 243 0
206 508 0
508 268 0
508 540 0
207 534 0
534 240 0
534 256 0
217 409 0
409 458 0
409 575 0
218 518 0
518 222 0
518 367 0
518 596 0
220 241 0
241 321 0
241 366 0
241 529 0
233 523 0
523 297 0
523 538 0
234 317 0
317 448 0
317 474 0
238 364 0
238 502 0
238 514 0
364 257 0
257 541 0
257 546 0
541 258 0
258 376 0
258 447 0
258 578 0
260 454 0
454 399 0
271 473 0
473 449 0
281 563 0
563 314 0
563 323 0
286 352 0
352 580 0
291 423 0
423 413 0
423 470 0
305 338 0
338 385 0
338 419 0
338 545 0
310 399 0
310 445 0
440 428 0
469 388 0
322 465 0
465 437 0
324 433 0
433 455 0
331 427 0
427 416 0
427 475 0
361 498 0
498 397 0
366 583 0
388 546 0
388 565 0
388 590 0
396 418 0
396 459 0
396 515 0
401 526 0
526 552 0
411 416 0
416 596 0
415 581 0
581 517 0
417 524 0
524 522 0
425 445 0
445 451 0
481 551 0
537 558 0
