755 799 0
1 356 0
356 387 0
356 517 0
356 777 0
2 405 0
405 167 0
405 169 0
405 680 0
405 703 0
3 643 0
643 600 0
643 720 0
643 393 0
643 750 0
4 107 0
4 118 0
4 335 0
4 603 0
4 674 0
107 180 0
107 212 0
107 525 0
107 632 0
107 720 0
107 748 0
107 791 0
118 160 0
118 290 0
118 330 0
335 36 0
335 371 0
335 161 0
5 326 0
5 564 0
5 720 0
5 790 0
564 735 0
564 9 0
564 144 0
564 482 0
6 240 0
6 363 0
6 429 0
6 444 0
6 657 0
6 767 0
240 212 0
429 321 0
7 31 0
7 339 0
7 427 0
7 458 0
7 485 0
31 464 0
31 521 0
31 648 0
31 718 0
339 13 0
339 169 0
8 756 0
756 34 0
756 100 0
756 322 0
9 61 0
9 447 0
9 716 0
61 152 0
61 741 0
61 788 0
447 230 0
447 172 0
10 24 0
10 109 0
10 270 0
10 753 0
109 459 0
109 572 0
109 589 0
109 673 0
109 642 0
11 233 0
233 437 0
233 759 0
233 516 0
12 465 0
465 353 0
13 210 0
13 393 0
13 408 0
13 631 0
13 775 0
393 205 0
393 680 0
408 603 0
408 225 0
14 541 0
541 290 0
541 341 0
541 731 0
15 332 0
15 411 0
332 51 0
332 126 0
332 213 0
332 630 0
16 592 0
592 200 0
17 289 0
289 296 0
289 370 0
18 497 0
497 53 0
497 92 0
497 117 0
19 242 0
242 264 0
242 380 0
242 531 0
20 628 0
628 206 0
628 279 0
628 283 0
21 602 0
602 27 0
22 360 0
360 192 0
360 180 0
360 344 0
23 522 0
522 48 0
25 33 0
25 119 0
25 560 0
25 565 0
25 715 0
25 779 0
33 147 0
33 229 0
119 86 0
119 652 0
26 129 0
26 160 0
26 395 0
26 553 0
26 674 0
160 86 0
160 539 0
28 400 0
400 539 0
400 684 0
400 650 0
29 381 0
381 77 0
381 164 0
381 425 0
30 130 0
30 189 0
130 527 0
130 588 0
464 104 0
464 308 0
521 71 0
521 120 0
521 796 0
32 622 0
622 182 0
622 391 0
147 423 0
147 613 0
147 661 0
35 66 0
35 206 0
35 239 0
35 313 0
35 345 0
66 256 0
206 172 0
206 99 0
206 652 0
239 411 0
239 530 0
239 398 0
313 308 0
313 409 0
313 606 0
313 398 0
36 154 0
36 610 0
36 716 0
154 718 0
154 726 0
154 735 0
37 228 0
37 297 0
37 433 0
37 441 0
228 538 0
297 303 0
297 389 0
297 578 0
38 40 0
38 436 0
38 674 0
38 695 0
436 331 0
436 678 0
436 397 0
39 111 0
111 263 0
111 386 0
111 456 0
41 696 0
696 227 0
696 256 0
42 64 0
42 134 0
42 432 0
42 646 0
42 766 0
64 161 0
64 171 0
64 222 0
432 413 0
43 619 0
619 112 0
619 736 0
619 773 0
619 136 0
619 795 0
44 173 0
173 70 0
173 108 0
173 286 0
173 624 0
45 758 0
758 350 0
758 573 0
46 418 0
418 81 0
418 247 0
47 644 0
47 651 0
47 724 0
644 362 0
644 365 0
644 605 0
651 382 0
49 86 0
49 369 0
49 482 0
86 406 0
86 589 0
86 612 0
369 471 0
50 104 0
50 127 0
50 642 0
50 676 0
104 419 0
104 797 0
127 487 0
127 505 0
127 723 0
52 176 0
52 545 0
52 562 0
52 578 0
176 185 0
176 245 0
176 433 0
545 312 0
545 538 0
54 670 0
670 241 0
670 343 0
55 578 0
578 507 0
578 671 0
56 499 0
499 89 0
499 586 0
499 250 0
499 310 0
57 599 0
599 143 0
58 416 0
416 532 0
59 761 0
761 251 0
60 752 0
752 101 0
752 486 0
62 113 0
113 347 0
113 450 0
63 591 0
63 598 0
63 623 0
63 746 0
591 237 0
591 434 0
591 371 0
598 276 0
161 103 0
161 195 0
161 256 0
161 325 0
65 78 0
65 180 0
65 552 0
65 688 0
180 333 0
67 171 0
171 495 0
171 791 0
68 229 0
229 269 0
229 315 0
229 706 0
229 730 0
69 163 0
69 515 0
163 202 0
163 338 0
72 556 0
556 148 0
73 232 0
232 274 0
232 525 0
232 551 0
74 580 0
580 257 0
580 383 0
580 680 0
75 492 0
492 309 0
76 159 0
159 252 0
159 314 0
159 524 0
79 312 0
312 355 0
312 741 0
312 401 0
80 724 0
724 719 0
82 265 0
265 306 0
265 394 0
265 453 0
83 261 0
261 654 0
261 715 0
261 525 0
84 727 0
727 204 0
727 420 0
727 657 0
85 623 0
623 378 0
623 500 0
623 776 0
623 401 0
87 491 0
491 338 0
491 349 0
491 629 0
491 655 0
88 652 0
652 272 0
652 275 0
652 269 0
90 189 0
189 166 0
189 177 0
189 686 0
91 140 0
140 179 0
140 220 0
140 330 0
140 435 0
92 331 0
92 463 0
92 562 0
331 483 0
331 795 0
463 281 0
463 473 0
463 169 0
463 333 0
93 135 0
93 364 0
93 555 0
93 608 0
135 656 0
94 480 0
480 256 0
95 572 0
572 689 0
96 769 0
769 604 0
97 121 0
97 375 0
97 410 0
97 624 0
98 476 0
476 188 0
476 252 0
476 318 0
99 186 0
186 479 0
186 708 0
100 325 0
100 581 0
325 680 0
325 138 0
581 396 0
102 144 0
102 351 0
102 795 0
144 157 0
144 573 0
103 217 0
103 367 0
217 509 0
217 584 0
217 587 0
105 504 0
504 340 0
504 498 0
106 669 0
669 199 0
669 214 0
212 615 0
525 137 0
632 116 0
632 354 0
720 236 0
108 649 0
108 686 0
649 282 0
649 481 0
649 126 0
649 149 0
459 198 0
459 301 0
459 307 0
110 523 0
523 290 0
112 656 0
112 726 0
114 454 0
114 626 0
114 716 0
454 151 0
454 344 0
115 308 0
308 535 0
308 763 0
116 138 0
116 346 0
116 374 0
116 783 0
138 268 0
138 515 0
122 585 0
585 493 0
585 575 0
123 676 0
676 223 0
676 373 0
676 315 0
124 164 0
124 187 0
124 252 0
124 533 0
124 699 0
164 656 0
252 431 0
125 409 0
409 540 0
409 566 0
126 603 0
603 344 0
128 621 0
621 290 0
621 235 0
527 243 0
527 570 0
131 415 0
415 385 0
132 352 0
132 517 0
132 549 0
517 718 0
133 538 0
538 300 0
538 235 0
136 506 0
136 791 0
506 287 0
506 544 0
506 195 0
506 635 0
137 190 0
137 662 0
137 665 0
268 197 0
268 660 0
268 681 0
139 222 0
139 287 0
139 550 0
139 569 0
222 712 0
287 295 0
141 440 0
141 483 0
141 516 0
440 351 0
440 359 0
483 496 0
483 570 0
483 716 0
142 146 0
146 341 0
146 468 0
146 575 0
145 534 0
534 148 0
534 577 0
148 310 0
148 354 0
148 609 0
310 191 0
354 226 0
354 749 0
149 155 0
149 596 0
155 253 0
155 435 0
155 516 0
155 728 0
150 762 0
762 554 0
153 739 0
739 260 0
739 316 0
739 256 0
435 165 0
156 338 0
156 502 0
156 750 0
338 191 0
338 743 0
158 606 0
606 259 0
606 489 0
162 798 0
798 511 0
798 607 0
202 501 0
202 611 0
165 389 0
165 401 0
165 574 0
165 579 0
165 640 0
165 650 0
389 573 0
168 302 0
168 666 0
168 726 0
302 317 0
302 392 0
302 452 0
302 707 0
666 194 0
169 175 0
175 201 0
175 516 0
175 683 0
175 787 0
170 648 0
648 221 0
648 634 0
172 417 0
172 421 0
174 238 0
174 258 0
174 519 0
174 737 0
185 398 0
185 548 0
178 536 0
536 559 0
333 225 0
333 329 0
181 203 0
203 273 0
203 608 0
203 799 0
183 225 0
225 478 0
184 637 0
637 357 0
637 738 0
191 407 0
191 711 0
193 295 0
295 207 0
295 438 0
196 235 0
196 284 0
196 656 0
196 726 0
284 211 0
284 324 0
284 496 0
284 568 0
656 474 0
656 514 0
205 562 0
208 784 0
784 460 0
209 663 0
663 267 0
663 293 0
615 254 0
215 617 0
617 414 0
216 700 0
700 694 0
218 306 0
218 567 0
218 595 0
218 764 0
306 412 0
306 726 0
219 424 0
424 390 0
224 659 0
659 348 0
659 633 0
315 657 0
230 262 0
230 590 0
230 714 0
231 530 0
234 620 0
620 404 0
620 430 0
620 555 0
236 367 0
236 691 0
367 645 0
367 785 0
411 508 0
411 576 0
264 323 0
264 571 0
243 388 0
243 672 0
243 742 0
244 477 0
477 250 0
477 361 0
477 597 0
245 277 0
245 433 0
245 443 0
245 702 0
245 722 0
702 329 0
702 475 0
702 677 0
246 732 0
732 330 0
732 446 0
248 563 0
563 342 0
563 647 0
249 397 0
397 304 0
397 745 0
250 303 0
303 737 0
303 786 0
255 754 0
754 305 0
754 403 0
323 439 0
323 650 0
323 575 0
266 755 0
755 658 0
271 482 0
482 320 0
278 677 0
677 512 0
280 515 0
515 334 0
515 639 0
285 765 0
765 709 0
765 717 0
288 747 0
747 298 0
747 340 0
747 782 0
291 633 0
633 657 0
292 351 0
351 583 0
294 466 0
466 330 0
299 471 0
471 377 0
471 686 0
471 693 0
311 328 0
328 457 0
328 608 0
328 712 0
328 789 0
741 386 0
319 428 0
319 430 0
319 528 0
319 616 0
321 557 0
321 682 0
321 780 0
439 642 0
680 712 0
327 358 0
358 340 0
358 503 0
358 496 0
608 609 0
371 770 0
336 543 0
543 596 0
337 562 0
562 601 0
562 613 0
743 738 0
340 609 0
345 627 0
627 372 0
627 668 0
359 470 0
359 513 0
359 610 0
366 636 0
636 376 0
636 518 0
368 442 0
442 650 0
379 448 0
448 449 0
448 462 0
448 614 0
382 609 0
384 725 0
725 596 0
386 642 0
386 697 0
697 467 0
697 751 0
399 402 0
402 750 0
402 770 0
412 526 0
412 701 0
412 705 0
413 547 0
413 710 0
413 729 0
422 691 0
691 561 0
691 614 0
691 673 0
425 570 0
426 575 0
426 721 0
445 571 0
571 638 0
571 667 0
686 601 0
475 596 0
502 626 0
502 778 0
502 788 0
788 746 0
594 734 0
734 679 0
716 786 0
770 791 0
