996 999 0
1 123 0
123 376 0
123 722 0
123 1000 0
2 653 0
653 602 0
653 441 0
653 691 0
3 871 0
871 59 0
871 818 0
871 862 0
4 347 0
347 290 0
347 415 0
347 495 0
5 545 0
545 110 0
545 531 0
6 861 0
861 350 0
861 599 0
861 702 0
7 854 0
854 151 0
854 273 0
854 100 0
854 929 0
8 31 0
8 180 0
8 312 0
8 346 0
31 407 0
31 688 0
31 813 0
31 982 0
9 38 0
9 42 0
9 420 0
9 613 0
10 145 0
10 253 0
10 585 0
145 529 0
145 634 0
145 701 0
145 885 0
253 446 0
253 498 0
253 956 0
11 64 0
11 212 0
11 332 0
11 371 0
64 144 0
64 721 0
64 764 0
212 148 0
212 315 0
212 417 0
12 108 0
108 49 0
108 442 0
108 620 0
13 102 0
102 73 0
102 847 0
102 881 0
14 588 0
588 68 0
588 285 0
588 777 0
15 982 0
982 153 0
982 655 0
16 210 0
16 234 0
16 516 0
16 949 0
210 375 0
210 569 0
210 762 0
234 972 0
234 95 0
234 368 0
17 570 0
570 901 0
570 73 0
570 941 0
18 831 0
831 568 0
831 916 0
19 585 0
585 296 0
585 948 0
20 837 0
837 424 0
837 528 0
837 782 0
21 987 0
987 242 0
987 556 0
987 190 0
22 326 0
326 120 0
326 175 0
326 431 0
23 488 0
488 390 0
488 445 0
488 752 0
24 589 0
589 578 0
589 866 0
589 952 0
25 127 0
25 189 0
25 646 0
25 799 0
26 157 0
26 739 0
26 887 0
26 921 0
27 72 0
27 86 0
27 693 0
27 913 0
28 248 0
28 463 0
28 722 0
28 929 0
248 83 0
248 409 0
248 517 0
463 673 0
463 803 0
463 120 0
463 353 0
29 35 0
29 197 0
29 698 0
29 776 0
30 51 0
30 740 0
30 900 0
30 974 0
51 360 0
51 518 0
51 538 0
407 997 0
407 577 0
688 249 0
688 280 0
688 350 0
32 74 0
74 207 0
74 357 0
74 949 0
33 753 0
753 408 0
753 487 0
753 494 0
34 95 0
95 183 0
95 400 0
36 158 0
36 334 0
36 427 0
36 524 0
37 330 0
37 639 0
37 999 0
37 646 0
39 181 0
39 262 0
39 422 0
39 790 0
181 371 0
181 866 0
262 676 0
262 904 0
40 202 0
202 82 0
202 136 0
202 782 0
202 928 0
41 182 0
182 449 0
182 643 0
43 506 0
506 421 0
506 507 0
44 236 0
44 282 0
44 453 0
44 754 0
236 118 0
236 959 0
236 774 0
45 67 0
45 284 0
45 427 0
45 923 0
46 930 0
930 235 0
930 467 0
930 441 0
47 461 0
47 650 0
47 766 0
47 855 0
48 673 0
48 942 0
48 944 0
673 163 0
673 781 0
49 530 0
49 830 0
49 880 0
530 159 0
530 195 0
830 176 0
830 603 0
830 671 0
50 439 0
50 700 0
50 774 0
50 812 0
439 542 0
439 560 0
439 562 0
700 432 0
700 491 0
700 769 0
360 213 0
360 249 0
360 427 0
52 477 0
477 200 0
477 431 0
477 732 0
53 268 0
268 167 0
268 710 0
268 815 0
54 728 0
728 193 0
728 559 0
55 429 0
429 839 0
429 920 0
429 943 0
56 87 0
87 57 0
87 156 0
87 965 0
58 380 0
58 630 0
58 656 0
58 698 0
630 290 0
630 443 0
60 614 0
614 92 0
614 663 0
614 868 0
61 188 0
188 190 0
188 374 0
188 514 0
62 676 0
62 937 0
62 965 0
676 572 0
676 69 0
676 850 0
63 198 0
198 179 0
198 567 0
198 755 0
65 117 0
117 128 0
117 186 0
117 290 0
66 893 0
893 451 0
893 629 0
893 106 0
69 371 0
69 852 0
371 228 0
371 988 0
70 71 0
70 349 0
70 516 0
70 912 0
73 114 0
114 84 0
114 146 0
114 264 0
114 551 0
75 600 0
600 762 0
600 287 0
600 288 0
76 959 0
959 759 0
959 973 0
77 287 0
287 272 0
287 649 0
78 430 0
430 427 0
430 450 0
430 763 0
79 510 0
510 154 0
510 633 0
510 331 0
510 405 0
80 368 0
368 152 0
368 199 0
81 219 0
81 597 0
81 670 0
81 845 0
597 483 0
83 257 0
83 745 0
83 951 0
85 654 0
654 263 0
654 592 0
654 984 0
88 554 0
554 544 0
554 621 0
554 696 0
554 929 0
89 342 0
342 155 0
342 677 0
342 954 0
90 91 0
91 590 0
91 874 0
91 903 0
93 534 0
534 338 0
534 720 0
534 266 0
94 684 0
684 307 0
684 213 0
684 363 0
96 990 0
990 841 0
990 890 0
97 185 0
185 472 0
185 591 0
185 968 0
98 254 0
254 259 0
254 464 0
254 845 0
99 808 0
808 139 0
808 214 0
808 369 0
100 651 0
100 937 0
651 233 0
651 317 0
101 356 0
356 482 0
356 500 0
356 622 0
103 492 0
492 708 0
492 845 0
492 976 0
104 857 0
857 677 0
857 780 0
857 828 0
105 940 0
940 134 0
106 485 0
106 635 0
106 803 0
485 164 0
485 298 0
485 468 0
635 395 0
635 465 0
635 581 0
107 297 0
297 289 0
297 905 0
297 955 0
109 836 0
836 224 0
836 626 0
111 816 0
816 252 0
816 546 0
816 958 0
112 628 0
628 196 0
628 565 0
628 381 0
113 521 0
521 414 0
521 474 0
521 525 0
115 266 0
115 486 0
115 533 0
115 746 0
266 353 0
266 497 0
116 483 0
483 389 0
483 527 0
118 322 0
118 336 0
118 784 0
119 618 0
618 513 0
618 641 0
618 136 0
618 960 0
120 929 0
121 321 0
121 443 0
121 750 0
321 265 0
321 365 0
321 657 0
443 714 0
443 899 0
443 989 0
122 126 0
122 381 0
122 452 0
122 558 0
381 876 0
381 275 0
124 184 0
124 309 0
124 792 0
124 516 0
125 685 0
685 820 0
685 289 0
685 931 0
129 276 0
276 735 0
276 838 0
276 920 0
130 665 0
665 323 0
665 782 0
665 846 0
131 617 0
617 132 0
617 726 0
617 849 0
133 206 0
206 218 0
206 743 0
206 749 0
135 751 0
135 766 0
135 858 0
135 966 0
766 699 0
766 807 0
136 927 0
137 518 0
518 192 0
518 703 0
138 537 0
537 255 0
537 274 0
537 998 0
140 245 0
245 256 0
245 540 0
245 551 0
245 689 0
141 441 0
141 615 0
141 678 0
141 748 0
441 270 0
142 880 0
880 355 0
880 383 0
143 561 0
561 379 0
561 801 0
561 833 0
634 919 0
634 500 0
147 364 0
364 392 0
364 833 0
364 863 0
149 897 0
897 716 0
897 864 0
897 285 0
150 286 0
286 401 0
286 550 0
286 827 0
159 190 0
159 201 0
159 551 0
190 832 0
160 772 0
772 500 0
772 587 0
772 786 0
161 173 0
173 177 0
173 231 0
173 438 0
162 563 0
563 361 0
563 458 0
163 270 0
163 275 0
163 699 0
270 513 0
270 992 0
275 256 0
165 177 0
165 359 0
165 386 0
165 765 0
177 479 0
177 555 0
166 167 0
166 191 0
166 267 0
166 398 0
167 555 0
167 747 0
168 288 0
288 423 0
288 566 0
288 697 0
169 878 0
878 552 0
878 914 0
878 762 0
170 352 0
170 557 0
170 616 0
170 638 0
352 502 0
352 300 0
352 797 0
557 408 0
557 413 0
557 436 0
171 178 0
171 609 0
171 783 0
172 636 0
636 345 0
636 455 0
174 294 0
294 384 0
294 866 0
294 311 0
187 661 0
187 743 0
187 781 0
187 984 0
661 293 0
661 447 0
661 303 0
743 771 0
743 372 0
194 393 0
393 256 0
393 281 0
393 686 0
195 569 0
195 704 0
195 843 0
195 927 0
569 833 0
569 920 0
704 225 0
704 543 0
704 642 0
843 362 0
843 713 0
843 738 0
203 826 0
826 388 0
826 325 0
826 767 0
204 584 0
584 247 0
584 369 0
584 991 0
205 730 0
730 416 0
730 525 0
730 687 0
208 962 0
962 308 0
962 805 0
962 390 0
209 997 0
997 964 0
997 405 0
997 423 0
375 278 0
211 409 0
409 493 0
409 906 0
213 632 0
213 694 0
632 444 0
632 553 0
632 873 0
215 539 0
539 277 0
539 984 0
539 993 0
216 610 0
610 934 0
610 953 0
610 404 0
217 536 0
536 292 0
536 344 0
220 995 0
995 221 0
222 969 0
969 523 0
223 802 0
802 403 0
802 692 0
802 513 0
226 378 0
378 496 0
378 877 0
227 316 0
316 535 0
316 932 0
316 984 0
229 299 0
229 300 0
229 555 0
229 586 0
299 390 0
299 855 0
299 936 0
299 968 0
300 821 0
555 965 0
230 372 0
372 391 0
372 621 0
232 616 0
616 627 0
616 724 0
972 261 0
972 512 0
972 605 0
237 937 0
937 469 0
937 736 0
937 350 0
238 980 0
980 343 0
239 350 0
239 768 0
239 814 0
239 908 0
240 328 0
240 413 0
240 520 0
240 882 0
413 246 0
413 872 0
241 604 0
241 796 0
241 818 0
241 910 0
243 274 0
243 418 0
243 448 0
243 715 0
274 456 0
244 526 0
244 663 0
244 834 0
244 955 0
244 983 0
663 499 0
663 902 0
256 454 0
246 335 0
246 547 0
246 707 0
249 942 0
942 436 0
250 471 0
471 306 0
471 513 0
471 712 0
251 456 0
456 848 0
456 939 0
258 734 0
734 318 0
734 785 0
734 936 0
260 517 0
517 279 0
517 511 0
353 404 0
353 958 0
269 408 0
269 723 0
269 737 0
269 975 0
408 423 0
408 865 0
271 750 0
750 324 0
750 690 0
278 329 0
278 490 0
278 491 0
491 677 0
280 433 0
280 924 0
433 435 0
433 519 0
433 794 0
924 674 0
924 719 0
283 872 0
872 367 0
872 705 0
285 311 0
285 332 0
285 509 0
311 595 0
332 369 0
509 340 0
509 396 0
509 757 0
289 302 0
289 789 0
302 652 0
302 726 0
302 887 0
290 586 0
290 595 0
586 782 0
586 845 0
595 426 0
595 476 0
291 387 0
387 310 0
387 833 0
387 970 0
293 425 0
293 870 0
293 979 0
866 911 0
866 775 0
295 303 0
303 522 0
303 576 0
390 770 0
855 709 0
301 945 0
945 460 0
945 489 0
652 835 0
304 411 0
411 405 0
411 611 0
411 779 0
305 775 0
775 573 0
775 793 0
313 647 0
647 731 0
647 936 0
647 981 0
314 807 0
807 481 0
807 667 0
319 351 0
319 680 0
319 874 0
319 894 0
320 479 0
479 419 0
479 484 0
325 606 0
325 762 0
606 399 0
606 631 0
606 683 0
327 812 0
812 804 0
812 860 0
331 447 0
447 619 0
447 681 0
447 856 0
369 788 0
333 525 0
333 672 0
333 733 0
333 917 0
525 994 0
337 927 0
927 658 0
339 612 0
612 819 0
612 915 0
341 497 0
497 718 0
497 853 0
348 457 0
457 404 0
457 504 0
457 679 0
404 577 0
354 813 0
813 675 0
813 829 0
358 574 0
574 548 0
574 760 0
574 827 0
366 902 0
902 501 0
902 695 0
788 397 0
788 475 0
788 659 0
370 876 0
876 508 0
876 729 0
373 662 0
662 478 0
662 571 0
377 852 0
852 613 0
852 727 0
852 978 0
382 575 0
382 594 0
382 711 0
382 936 0
385 938 0
938 410 0
938 717 0
938 726 0
394 579 0
579 412 0
579 668 0
579 746 0
402 454 0
454 466 0
454 608 0
405 499 0
499 646 0
499 781 0
406 996 0
996 473 0
996 810 0
996 818 0
428 821 0
821 646 0
821 758 0
821 895 0
431 699 0
431 919 0
699 827 0
919 580 0
919 888 0
434 538 0
538 825 0
538 950 0
436 832 0
436 911 0
832 669 0
832 677 0
437 859 0
859 596 0
859 744 0
440 564 0
564 503 0
564 827 0
564 869 0
459 532 0
459 879 0
459 920 0
459 961 0
462 623 0
462 909 0
462 929 0
462 935 0
803 874 0
803 913 0
470 791 0
791 516 0
791 582 0
791 601 0
480 709 0
709 756 0
709 926 0
500 598 0
500 835 0
598 515 0
598 798 0
598 921 0
598 933 0
835 698 0
505 904 0
904 583 0
904 886 0
513 746 0
994 645 0
541 778 0
541 824 0
541 867 0
541 992 0
549 645 0
549 800 0
549 883 0
549 946 0
577 607 0
577 682 0
593 907 0
907 677 0
907 806 0
907 817 0
624 891 0
891 726 0
891 742 0
891 795 0
625 747 0
747 648 0
747 947 0
637 865 0
865 664 0
865 787 0
638 725 0
638 844 0
638 985 0
640 789 0
789 823 0
789 842 0
644 770 0
770 811 0
770 892 0
660 957 0
957 698 0
957 761 0
957 851 0
666 694 0
694 741 0
694 898 0
669 967 0
967 706 0
967 773 0
967 925 0
771 822 0
771 840 0
771 889 0
755 922 0
922 921 0
922 944 0
774 781 0
774 818 0
809 986 0
986 875 0
986 884 0
845 896 0
920 955 0
