562 599 0
1 510 0
510 75 0
510 481 0
510 174 0
510 233 0
2 56 0
2 367 0
56 3 0
56 150 0
3 289 0
3 430 0
3 513 0
4 35 0
4 250 0
35 134 0
35 214 0
35 222 0
35 490 0
35 581 0
5 54 0
5 370 0
5 482 0
54 253 0
54 291 0
54 342 0
54 355 0
54 501 0
54 586 0
6 110 0
110 123 0
110 299 0
110 474 0
110 595 0
7 29 0
7 212 0
7 365 0
7 458 0
29 125 0
29 228 0
29 271 0
29 374 0
29 460 0
8 197 0
8 385 0
8 420 0
197 138 0
197 275 0
197 398 0
197 132 0
9 99 0
99 58 0
99 270 0
10 30 0
30 112 0
30 341 0
30 368 0
11 141 0
11 290 0
11 356 0
11 585 0
141 240 0
141 344 0
141 405 0
141 448 0
141 543 0
141 559 0
290 49 0
12 49 0
12 51 0
12 442 0
12 536 0
49 50 0
49 132 0
49 567 0
49 597 0
13 183 0
13 189 0
13 336 0
13 392 0
183 103 0
183 301 0
183 396 0
183 401 0
183 585 0
189 160 0
189 500 0
189 543 0
14 57 0
14 97 0
14 154 0
14 259 0
57 112 0
57 152 0
57 155 0
57 447 0
97 244 0
97 277 0
97 527 0
97 370 0
154 105 0
154 363 0
15 580 0
580 118 0
16 94 0
94 24 0
94 285 0
94 333 0
94 490 0
17 199 0
17 339 0
199 272 0
199 325 0
199 517 0
199 559 0
199 590 0
18 27 0
18 258 0
18 277 0
18 559 0
27 151 0
27 174 0
27 267 0
27 313 0
27 473 0
19 388 0
388 174 0
20 131 0
131 70 0
131 339 0
131 351 0
131 355 0
131 520 0
131 148 0
21 26 0
21 193 0
21 470 0
26 267 0
26 356 0
26 429 0
26 447 0
193 28 0
193 407 0
193 485 0
193 518 0
193 534 0
22 85 0
22 402 0
22 477 0
402 40 0
23 47 0
23 83 0
23 115 0
23 297 0
23 374 0
47 53 0
47 100 0
47 355 0
83 61 0
83 278 0
83 357 0
83 455 0
115 76 0
115 497 0
24 117 0
24 164 0
25 301 0
301 52 0
267 113 0
356 195 0
356 256 0
151 90 0
151 164 0
151 338 0
174 382 0
174 395 0
174 538 0
313 229 0
125 353 0
125 155 0
228 287 0
228 413 0
228 557 0
271 177 0
271 184 0
271 321 0
112 40 0
112 277 0
31 73 0
31 157 0
31 196 0
31 278 0
31 326 0
31 337 0
31 384 0
31 449 0
73 81 0
73 96 0
157 400 0
157 123 0
157 539 0
326 219 0
326 145 0
32 80 0
80 233 0
80 317 0
80 513 0
33 62 0
33 404 0
33 451 0
33 529 0
404 242 0
34 103 0
103 293 0
103 459 0
214 50 0
214 599 0
36 69 0
69 45 0
69 457 0
37 93 0
93 147 0
93 246 0
93 523 0
38 179 0
179 86 0
179 161 0
179 239 0
179 462 0
179 123 0
39 573 0
573 296 0
573 532 0
40 261 0
40 347 0
40 431 0
40 480 0
41 126 0
41 169 0
41 180 0
126 195 0
42 60 0
42 187 0
42 205 0
42 462 0
60 282 0
60 416 0
43 74 0
43 260 0
43 340 0
43 508 0
43 562 0
44 463 0
463 411 0
45 242 0
45 295 0
46 198 0
46 200 0
46 256 0
46 490 0
46 587 0
198 227 0
198 328 0
200 587 0
200 76 0
256 374 0
48 170 0
48 239 0
48 308 0
48 382 0
239 219 0
239 376 0
239 235 0
50 241 0
50 269 0
50 592 0
132 401 0
291 237 0
291 138 0
342 362 0
342 421 0
355 96 0
355 213 0
55 101 0
55 225 0
55 505 0
55 582 0
225 547 0
225 327 0
152 235 0
152 547 0
59 164 0
164 122 0
164 190 0
282 298 0
63 276 0
63 327 0
63 382 0
276 386 0
276 422 0
64 421 0
64 447 0
64 540 0
421 182 0
421 309 0
421 502 0
65 181 0
181 206 0
181 566 0
181 377 0
181 594 0
66 324 0
324 155 0
67 104 0
104 204 0
104 399 0
104 233 0
68 570 0
570 159 0
71 237 0
237 79 0
237 505 0
72 558 0
558 257 0
558 380 0
76 243 0
76 448 0
77 373 0
373 484 0
78 153 0
153 146 0
153 302 0
153 473 0
79 482 0
79 523 0
81 264 0
81 311 0
81 450 0
311 353 0
82 440 0
440 334 0
440 508 0
84 327 0
327 192 0
327 281 0
327 367 0
87 329 0
329 336 0
329 414 0
329 489 0
88 576 0
576 191 0
89 295 0
295 114 0
295 418 0
295 299 0
90 231 0
91 497 0
497 571 0
497 572 0
92 420 0
420 310 0
420 397 0
95 135 0
135 316 0
135 345 0
135 489 0
135 299 0
96 128 0
96 447 0
128 142 0
128 380 0
128 461 0
277 370 0
277 596 0
98 524 0
524 410 0
102 312 0
312 274 0
106 350 0
350 371 0
107 148 0
107 377 0
107 384 0
107 392 0
107 507 0
148 176 0
384 374 0
108 444 0
444 504 0
109 176 0
109 209 0
109 408 0
176 143 0
176 188 0
176 379 0
176 541 0
209 138 0
111 259 0
259 325 0
259 426 0
259 453 0
113 180 0
113 370 0
113 513 0
180 378 0
180 591 0
513 539 0
114 328 0
114 408 0
116 464 0
464 435 0
117 227 0
117 229 0
117 236 0
227 247 0
227 521 0
227 567 0
227 575 0
229 211 0
229 354 0
229 392 0
229 593 0
119 517 0
517 474 0
120 488 0
488 423 0
488 432 0
121 400 0
400 467 0
122 447 0
124 544 0
544 156 0
127 416 0
416 162 0
416 331 0
129 509 0
509 173 0
130 574 0
574 339 0
339 579 0
520 462 0
133 401 0
401 309 0
401 322 0
345 150 0
136 297 0
297 194 0
297 349 0
137 215 0
137 281 0
215 393 0
215 406 0
215 559 0
138 263 0
138 471 0
263 230 0
139 389 0
389 218 0
389 298 0
389 213 0
389 436 0
140 591 0
591 537 0
143 150 0
143 186 0
143 579 0
150 232 0
150 360 0
144 496 0
496 168 0
496 555 0
145 254 0
145 265 0
145 548 0
149 546 0
546 428 0
155 250 0
155 561 0
250 506 0
561 304 0
158 283 0
283 171 0
163 381 0
381 166 0
165 249 0
249 380 0
167 220 0
167 273 0
167 403 0
167 590 0
172 415 0
415 300 0
382 493 0
395 352 0
395 478 0
175 335 0
335 262 0
335 392 0
178 328 0
328 425 0
378 224 0
566 408 0
185 540 0
540 280 0
186 292 0
186 359 0
186 417 0
407 315 0
485 281 0
195 424 0
424 361 0
275 318 0
398 387 0
325 338 0
201 545 0
545 251 0
545 364 0
202 482 0
203 236 0
236 397 0
236 531 0
207 476 0
476 314 0
208 315 0
315 452 0
210 266 0
266 305 0
266 441 0
213 235 0
235 288 0
216 323 0
323 470 0
217 385 0
385 374 0
385 465 0
221 539 0
539 255 0
223 226 0
226 319 0
226 332 0
392 547 0
230 252 0
230 487 0
230 503 0
231 367 0
231 568 0
367 268 0
234 408 0
408 376 0
238 330 0
330 286 0
330 523 0
245 362 0
362 343 0
380 346 0
380 366 0
268 318 0
279 358 0
358 494 0
281 472 0
284 394 0
284 427 0
303 552 0
552 433 0
306 597 0
597 443 0
307 390 0
307 438 0
353 375 0
353 376 0
320 600 0
600 391 0
600 560 0
338 409 0
338 512 0
579 467 0
365 559 0
365 587 0
372 456 0
456 531 0
493 508 0
493 522 0
493 589 0
547 447 0
547 474 0
547 590 0
439 491 0
491 498 0
491 553 0
447 495 0
454 527 0
527 554 0
460 533 0
466 519 0
519 577 0
473 525 0
572 560 0
511 599 0
514 542 0
