976 999 0
1 118 0
1 314 0
1 483 0
1 818 0
1 931 0
118 227 0
118 599 0
314 48 0
314 182 0
314 383 0
483 115 0
483 696 0
483 875 0
483 913 0
483 844 0
2 694 0
2 736 0
2 906 0
2 941 0
694 537 0
3 371 0
371 495 0
371 717 0
371 746 0
4 682 0
682 71 0
682 390 0
682 397 0
5 16 0
16 51 0
16 266 0
16 579 0
6 942 0
942 404 0
7 437 0
437 391 0
437 762 0
437 412 0
8 193 0
193 288 0
193 772 0
193 849 0
9 932 0
932 126 0
932 654 0
10 58 0
10 128 0
10 217 0
10 509 0
10 753 0
58 633 0
58 830 0
217 29 0
217 275 0
217 593 0
217 984 0
11 263 0
263 261 0
263 197 0
263 479 0
12 155 0
12 727 0
12 810 0
12 917 0
155 28 0
155 731 0
155 910 0
13 79 0
13 144 0
13 407 0
13 468 0
79 187 0
79 579 0
144 441 0
144 648 0
144 725 0
144 867 0
14 672 0
672 166 0
672 53 0
672 938 0
15 537 0
537 581 0
537 797 0
17 939 0
939 49 0
939 635 0
939 847 0
939 271 0
18 392 0
392 90 0
392 145 0
392 199 0
392 225 0
19 289 0
289 190 0
289 893 0
289 986 0
20 725 0
725 68 0
725 662 0
21 224 0
224 601 0
224 729 0
22 112 0
112 445 0
112 487 0
112 787 0
23 619 0
619 286 0
619 347 0
619 744 0
24 47 0
24 520 0
24 895 0
24 990 0
47 115 0
25 197 0
25 300 0
25 387 0
25 463 0
197 108 0
26 153 0
153 588 0
153 808 0
153 813 0
153 964 0
27 230 0
27 264 0
27 318 0
27 321 0
27 588 0
27 968 0
230 307 0
230 737 0
230 874 0
264 213 0
264 229 0
264 914 0
318 148 0
318 201 0
318 309 0
321 499 0
28 333 0
28 535 0
28 878 0
29 204 0
29 383 0
29 808 0
204 277 0
204 748 0
30 597 0
597 776 0
597 871 0
597 898 0
31 436 0
436 196 0
436 302 0
436 69 0
436 764 0
32 388 0
388 77 0
388 473 0
388 949 0
388 626 0
33 763 0
763 414 0
763 637 0
763 664 0
34 421 0
421 116 0
421 340 0
35 46 0
46 541 0
46 560 0
46 852 0
36 216 0
36 351 0
36 390 0
36 490 0
390 751 0
390 828 0
37 121 0
37 238 0
37 566 0
37 812 0
37 988 0
238 275 0
238 341 0
238 766 0
38 984 0
984 432 0
984 449 0
39 143 0
39 504 0
39 709 0
39 764 0
40 766 0
766 164 0
766 817 0
766 838 0
41 395 0
395 96 0
395 214 0
395 980 0
395 813 0
42 666 0
666 84 0
666 389 0
43 152 0
152 120 0
152 173 0
152 958 0
152 987 0
44 748 0
748 532 0
748 585 0
45 60 0
60 192 0
60 452 0
541 605 0
48 406 0
48 571 0
50 653 0
653 698 0
653 563 0
653 965 0
52 459 0
459 403 0
459 416 0
459 628 0
53 408 0
53 605 0
53 612 0
408 484 0
408 644 0
408 687 0
605 182 0
605 822 0
612 305 0
612 329 0
612 926 0
54 108 0
54 262 0
54 270 0
54 406 0
108 564 0
108 579 0
262 240 0
262 412 0
55 65 0
55 130 0
55 173 0
55 676 0
130 322 0
130 366 0
56 880 0
880 294 0
880 435 0
57 583 0
583 113 0
583 236 0
583 513 0
59 114 0
59 243 0
59 349 0
114 447 0
114 524 0
114 723 0
243 365 0
243 688 0
243 969 0
61 93 0
61 443 0
61 636 0
61 985 0
62 96 0
62 531 0
62 772 0
62 995 0
96 690 0
531 937 0
531 706 0
531 92 0
63 343 0
343 822 0
343 831 0
64 937 0
937 577 0
937 904 0
66 499 0
499 442 0
499 564 0
499 115 0
67 218 0
67 304 0
67 416 0
67 879 0
69 149 0
69 515 0
149 140 0
149 161 0
149 223 0
149 803 0
70 630 0
630 320 0
630 595 0
630 357 0
72 546 0
546 814 0
546 882 0
546 900 0
546 966 0
73 489 0
489 274 0
489 564 0
489 567 0
74 708 0
708 460 0
708 693 0
75 385 0
385 97 0
385 495 0
385 807 0
76 175 0
175 241 0
175 425 0
175 887 0
175 998 0
77 270 0
77 801 0
270 180 0
270 555 0
270 787 0
78 282 0
78 596 0
78 742 0
282 132 0
282 720 0
596 142 0
596 836 0
596 830 0
80 851 0
851 279 0
851 557 0
81 865 0
865 719 0
865 811 0
82 704 0
704 258 0
704 521 0
704 782 0
83 859 0
859 210 0
859 568 0
85 101 0
101 591 0
101 715 0
101 992 0
86 233 0
233 212 0
233 521 0
233 582 0
87 293 0
293 393 0
293 481 0
293 776 0
88 695 0
695 355 0
695 771 0
695 381 0
89 191 0
89 245 0
89 364 0
91 830 0
830 873 0
830 363 0
92 328 0
92 411 0
92 428 0
94 478 0
478 438 0
478 469 0
95 646 0
646 146 0
646 242 0
646 360 0
98 250 0
98 515 0
98 575 0
98 977 0
515 232 0
515 456 0
515 799 0
515 968 0
99 330 0
99 563 0
99 668 0
99 882 0
99 887 0
330 376 0
330 921 0
330 571 0
563 446 0
563 974 0
668 334 0
100 133 0
133 235 0
133 618 0
133 826 0
102 426 0
426 363 0
426 117 0
426 506 0
103 198 0
198 150 0
198 169 0
198 335 0
198 845 0
104 690 0
690 290 0
690 854 0
105 268 0
268 240 0
268 317 0
106 296 0
106 818 0
296 339 0
296 826 0
296 991 0
107 189 0
107 554 0
107 586 0
107 806 0
107 920 0
189 209 0
554 110 0
554 543 0
109 933 0
933 661 0
110 346 0
110 603 0
110 617 0
110 626 0
111 117 0
111 123 0
111 553 0
111 928 0
117 344 0
117 751 0
115 222 0
222 311 0
222 323 0
222 338 0
222 893 0
344 158 0
344 255 0
344 561 0
344 848 0
344 862 0
227 156 0
227 313 0
227 689 0
119 529 0
529 721 0
529 792 0
122 686 0
686 464 0
686 510 0
686 145 0
686 542 0
124 160 0
124 379 0
124 571 0
124 868 0
160 498 0
160 636 0
160 637 0
160 826 0
379 621 0
379 663 0
379 776 0
125 978 0
978 755 0
127 462 0
462 402 0
462 947 0
462 427 0
129 154 0
154 147 0
154 273 0
154 742 0
131 316 0
131 352 0
131 425 0
131 492 0
131 979 0
352 247 0
352 253 0
352 910 0
352 803 0
425 464 0
132 244 0
132 418 0
132 429 0
132 823 0
132 870 0
418 931 0
418 322 0
429 208 0
429 458 0
134 341 0
134 349 0
134 406 0
134 677 0
341 764 0
341 994 0
349 477 0
135 162 0
162 242 0
162 627 0
162 673 0
136 791 0
791 738 0
137 913 0
913 507 0
913 770 0
913 410 0
138 180 0
138 248 0
138 272 0
138 888 0
180 356 0
180 525 0
180 552 0
180 845 0
139 790 0
790 325 0
140 221 0
140 441 0
221 283 0
221 739 0
221 948 0
221 1000 0
141 401 0
401 179 0
401 251 0
401 621 0
142 517 0
142 700 0
142 773 0
441 236 0
441 625 0
441 684 0
441 818 0
648 589 0
648 714 0
648 951 0
145 361 0
145 921 0
361 409 0
361 756 0
361 761 0
146 752 0
146 847 0
150 494 0
150 652 0
494 167 0
494 410 0
494 952 0
151 860 0
860 611 0
173 623 0
588 367 0
808 312 0
157 367 0
367 820 0
367 856 0
367 970 0
159 257 0
257 558 0
257 759 0
257 760 0
498 413 0
636 608 0
242 450 0
163 312 0
312 572 0
312 953 0
165 842 0
842 195 0
842 285 0
842 614 0
168 584 0
168 772 0
168 777 0
168 905 0
169 593 0
170 559 0
559 381 0
559 663 0
559 930 0
171 400 0
171 412 0
171 536 0
171 848 0
412 783 0
172 844 0
844 177 0
844 473 0
623 383 0
623 600 0
174 824 0
824 472 0
824 972 0
176 200 0
176 378 0
176 545 0
176 607 0
378 287 0
378 869 0
378 921 0
178 767 0
178 822 0
178 901 0
178 902 0
822 332 0
356 220 0
356 486 0
356 794 0
525 369 0
525 576 0
525 707 0
181 788 0
788 249 0
182 225 0
182 357 0
182 848 0
182 910 0
182 968 0
225 940 0
357 996 0
357 326 0
848 625 0
910 856 0
183 446 0
446 665 0
446 837 0
184 869 0
869 480 0
869 784 0
185 925 0
925 375 0
925 471 0
186 681 0
681 207 0
681 292 0
681 637 0
187 423 0
187 527 0
187 692 0
187 754 0
527 298 0
527 634 0
527 758 0
527 796 0
188 750 0
750 373 0
194 963 0
963 764 0
202 299 0
299 211 0
299 516 0
299 600 0
203 345 0
203 477 0
203 514 0
203 894 0
477 396 0
477 832 0
277 226 0
277 491 0
277 551 0
277 638 0
277 760 0
205 908 0
908 857 0
908 254 0
908 916 0
206 832 0
832 474 0
832 493 0
207 836 0
207 940 0
208 540 0
208 703 0
208 724 0
208 903 0
703 386 0
209 260 0
209 319 0
209 579 0
209 858 0
579 578 0
579 940 0
215 599 0
599 705 0
599 275 0
275 255 0
219 890 0
890 562 0
890 780 0
283 505 0
226 366 0
226 456 0
228 496 0
496 444 0
496 604 0
496 495 0
231 247 0
247 649 0
247 735 0
232 281 0
232 659 0
232 923 0
234 973 0
973 785 0
236 667 0
236 849 0
236 929 0
667 380 0
237 450 0
450 415 0
450 592 0
239 523 0
523 530 0
523 789 0
523 815 0
240 422 0
246 628 0
246 663 0
246 691 0
246 759 0
663 955 0
252 896 0
896 431 0
896 609 0
253 511 0
253 774 0
254 353 0
254 539 0
254 921 0
353 552 0
353 580 0
353 883 0
539 819 0
539 839 0
539 934 0
256 796 0
796 453 0
796 726 0
759 856 0
259 284 0
259 337 0
259 368 0
259 521 0
265 911 0
911 594 0
267 301 0
267 595 0
267 624 0
595 322 0
269 836 0
836 718 0
836 464 0
271 571 0
271 881 0
571 410 0
571 995 0
276 997 0
997 683 0
278 955 0
955 358 0
955 512 0
280 993 0
993 645 0
287 526 0
287 800 0
287 804 0
287 841 0
291 297 0
297 685 0
297 797 0
297 803 0
297 994 0
295 433 0
433 347 0
433 518 0
433 699 0
797 931 0
298 521 0
298 959 0
303 306 0
306 327 0
306 621 0
306 967 0
308 747 0
747 503 0
747 650 0
310 508 0
310 765 0
310 855 0
310 976 0
765 752 0
315 974 0
974 476 0
974 569 0
322 533 0
322 655 0
324 929 0
929 501 0
929 610 0
326 347 0
326 386 0
347 713 0
347 751 0
376 574 0
376 614 0
331 731 0
731 946 0
332 372 0
332 565 0
332 781 0
334 336 0
334 833 0
334 912 0
342 669 0
342 745 0
342 805 0
713 370 0
713 622 0
713 711 0
348 927 0
927 647 0
350 706 0
706 434 0
706 550 0
354 631 0
354 637 0
354 651 0
354 899 0
354 957 0
996 738 0
996 847 0
359 783 0
783 485 0
783 671 0
362 458 0
458 614 0
458 625 0
366 549 0
366 614 0
366 956 0
495 643 0
374 960 0
960 461 0
574 424 0
574 616 0
377 439 0
439 602 0
439 947 0
439 427 0
621 639 0
382 840 0
840 795 0
383 649 0
383 751 0
649 992 0
751 709 0
384 801 0
801 465 0
801 613 0
386 466 0
386 897 0
394 456 0
456 590 0
456 740 0
396 488 0
396 779 0
396 853 0
398 720 0
720 544 0
720 606 0
399 652 0
652 448 0
652 641 0
402 931 0
405 716 0
716 556 0
406 684 0
684 643 0
413 528 0
413 626 0
413 710 0
416 427 0
416 907 0
416 968 0
907 809 0
417 752 0
752 419 0
752 793 0
420 866 0
866 876 0
422 660 0
422 943 0
422 999 0
943 600 0
424 455 0
424 802 0
424 954 0
430 670 0
670 600 0
670 642 0
670 757 0
670 578 0
670 971 0
947 868 0
440 884 0
884 570 0
451 639 0
639 482 0
639 522 0
639 658 0
454 701 0
701 500 0
701 519 0
701 959 0
457 827 0
827 470 0
827 990 0
467 975 0
975 835 0
475 657 0
657 743 0
875 548 0
643 893 0
643 992 0
497 918 0
918 742 0
502 593 0
593 812 0
593 989 0
505 778 0
505 863 0
505 864 0
505 872 0
634 843 0
534 573 0
534 846 0
534 889 0
534 931 0
538 616 0
616 733 0
616 798 0
543 615 0
543 924 0
543 983 0
814 677 0
547 940 0
940 640 0
587 881 0
881 674 0
881 826 0
776 730 0
598 702 0
702 734 0
600 886 0
608 741 0
608 760 0
608 829 0
620 629 0
620 680 0
620 697 0
632 915 0
915 945 0
915 981 0
633 826 0
642 845 0
658 738 0
675 732 0
675 742 0
677 709 0
679 728 0
679 818 0
730 825 0
813 843 0
843 816 0
821 962 0
962 877 0
