764 799 0
1 322 0
322 488 0
322 508 0
322 557 0
2 347 0
2 348 0
2 395 0
2 565 0
347 590 0
347 231 0
347 692 0
348 103 0
348 553 0
3 93 0
3 683 0
3 742 0
3 751 0
93 9 0
93 94 0
93 140 0
683 591 0
4 61 0
4 457 0
4 496 0
61 455 0
61 711 0
457 209 0
457 609 0
457 750 0
5 651 0
651 164 0
6 306 0
6 543 0
6 551 0
6 628 0
543 355 0
543 100 0
543 367 0
543 289 0
7 195 0
7 473 0
7 693 0
7 718 0
195 402 0
195 728 0
8 498 0
498 72 0
498 166 0
9 94 0
10 86 0
10 120 0
10 456 0
10 676 0
11 121 0
121 368 0
121 531 0
121 641 0
12 88 0
12 316 0
12 706 0
12 776 0
88 510 0
88 649 0
88 770 0
316 143 0
316 330 0
316 419 0
13 237 0
13 358 0
13 375 0
13 662 0
358 235 0
358 442 0
375 607 0
375 114 0
375 580 0
14 241 0
14 302 0
14 423 0
14 743 0
302 420 0
302 511 0
302 101 0
302 52 0
15 79 0
15 176 0
79 81 0
79 173 0
79 605 0
79 736 0
16 378 0
16 722 0
16 769 0
378 85 0
378 433 0
378 167 0
378 576 0
17 569 0
569 87 0
569 374 0
569 408 0
18 298 0
18 360 0
18 603 0
18 703 0
19 345 0
345 43 0
345 198 0
345 325 0
345 143 0
345 716 0
20 97 0
20 420 0
20 597 0
97 138 0
97 619 0
97 629 0
21 566 0
566 757 0
566 183 0
22 355 0
355 174 0
355 541 0
355 567 0
23 187 0
187 245 0
187 556 0
187 521 0
24 55 0
24 114 0
24 159 0
24 394 0
24 398 0
24 402 0
55 647 0
55 690 0
55 756 0
114 142 0
114 492 0
159 38 0
159 282 0
159 292 0
394 131 0
394 526 0
394 400 0
25 30 0
30 183 0
30 550 0
30 560 0
30 740 0
26 485 0
485 28 0
485 200 0
485 536 0
27 468 0
468 80 0
468 126 0
468 233 0
29 535 0
535 249 0
535 258 0
535 513 0
183 602 0
31 165 0
165 365 0
165 686 0
165 779 0
32 664 0
664 305 0
664 344 0
664 39 0
33 303 0
303 158 0
303 333 0
303 573 0
34 94 0
94 255 0
94 270 0
35 308 0
308 127 0
308 676 0
308 753 0
36 52 0
36 148 0
36 227 0
36 591 0
52 67 0
148 109 0
148 367 0
148 674 0
148 762 0
148 342 0
148 793 0
37 373 0
37 413 0
37 538 0
37 729 0
373 447 0
373 254 0
373 796 0
39 117 0
39 309 0
39 313 0
39 432 0
117 47 0
117 499 0
117 584 0
117 799 0
309 167 0
309 142 0
309 508 0
313 109 0
313 106 0
313 331 0
40 57 0
40 63 0
40 271 0
40 444 0
57 62 0
57 466 0
41 82 0
41 149 0
41 252 0
41 738 0
82 446 0
82 796 0
149 702 0
149 780 0
149 789 0
42 284 0
284 167 0
284 493 0
284 579 0
44 267 0
267 656 0
267 693 0
267 714 0
45 100 0
100 295 0
100 750 0
46 589 0
589 352 0
589 568 0
589 69 0
589 230 0
48 264 0
264 524 0
264 657 0
49 172 0
49 219 0
49 291 0
50 261 0
261 73 0
261 206 0
261 224 0
51 182 0
51 229 0
51 400 0
51 423 0
51 642 0
51 695 0
51 742 0
400 104 0
423 405 0
695 381 0
53 692 0
692 65 0
692 362 0
54 327 0
327 415 0
327 587 0
56 209 0
56 257 0
56 506 0
56 712 0
209 418 0
209 752 0
209 785 0
62 145 0
62 251 0
62 795 0
58 417 0
417 256 0
417 421 0
417 600 0
417 167 0
59 638 0
638 128 0
638 109 0
60 800 0
800 196 0
800 374 0
800 441 0
145 678 0
145 740 0
64 462 0
462 547 0
66 125 0
66 226 0
66 350 0
66 381 0
66 404 0
226 758 0
381 346 0
381 528 0
381 671 0
67 279 0
67 707 0
67 764 0
68 388 0
68 389 0
388 319 0
388 676 0
388 773 0
69 486 0
69 561 0
486 280 0
486 389 0
486 178 0
561 256 0
561 377 0
561 478 0
70 517 0
70 681 0
70 780 0
70 788 0
517 193 0
517 310 0
517 106 0
681 529 0
71 351 0
71 472 0
71 521 0
71 623 0
71 689 0
521 337 0
521 155 0
74 503 0
74 620 0
74 732 0
74 751 0
75 293 0
293 200 0
293 403 0
293 694 0
76 83 0
76 122 0
76 216 0
76 374 0
77 186 0
77 247 0
77 387 0
77 451 0
186 598 0
186 609 0
186 764 0
247 677 0
247 679 0
247 726 0
78 553 0
553 440 0
553 562 0
553 630 0
81 161 0
81 411 0
81 518 0
173 280 0
173 333 0
173 439 0
161 104 0
161 742 0
84 101 0
101 112 0
101 673 0
89 180 0
89 258 0
89 499 0
89 558 0
89 581 0
89 630 0
258 678 0
90 432 0
432 386 0
432 669 0
91 525 0
525 545 0
525 272 0
525 710 0
92 520 0
520 391 0
95 608 0
608 372 0
96 685 0
685 340 0
98 179 0
179 168 0
179 368 0
179 645 0
99 102 0
102 281 0
102 289 0
102 325 0
102 537 0
102 668 0
281 325 0
281 590 0
289 361 0
325 111 0
325 420 0
103 429 0
103 674 0
103 741 0
104 200 0
104 277 0
104 648 0
105 139 0
105 207 0
105 222 0
105 434 0
105 541 0
105 631 0
105 779 0
139 202 0
222 297 0
106 227 0
227 142 0
227 326 0
227 487 0
227 565 0
227 796 0
107 538 0
107 598 0
107 627 0
107 653 0
107 734 0
538 706 0
598 311 0
598 701 0
108 133 0
133 320 0
133 492 0
133 507 0
110 671 0
671 548 0
671 326 0
111 463 0
111 575 0
111 708 0
113 515 0
515 265 0
142 449 0
115 580 0
580 203 0
580 430 0
116 410 0
410 171 0
410 659 0
118 177 0
177 178 0
177 339 0
177 458 0
119 701 0
701 184 0
701 592 0
701 407 0
368 655 0
123 328 0
328 202 0
328 214 0
328 661 0
124 231 0
231 266 0
231 342 0
129 338 0
338 147 0
338 425 0
338 733 0
130 552 0
552 363 0
132 682 0
682 204 0
682 340 0
682 424 0
134 571 0
571 475 0
571 542 0
135 563 0
563 401 0
563 405 0
563 532 0
136 235 0
136 315 0
136 599 0
136 624 0
235 504 0
235 643 0
235 796 0
137 447 0
447 393 0
447 414 0
140 220 0
140 318 0
140 342 0
140 353 0
141 736 0
736 243 0
736 357 0
144 489 0
489 359 0
146 466 0
466 454 0
466 666 0
367 405 0
367 657 0
762 594 0
702 625 0
150 778 0
778 610 0
151 496 0
496 596 0
496 791 0
496 218 0
152 379 0
152 398 0
152 697 0
398 602 0
153 202 0
153 262 0
153 443 0
153 639 0
202 728 0
202 162 0
154 288 0
288 395 0
288 471 0
288 761 0
155 181 0
155 198 0
155 637 0
198 418 0
156 300 0
300 448 0
300 450 0
300 633 0
157 242 0
157 371 0
157 477 0
160 776 0
776 238 0
776 426 0
162 188 0
162 191 0
162 665 0
163 412 0
412 366 0
412 439 0
412 509 0
168 260 0
169 722 0
722 334 0
722 427 0
722 602 0
170 297 0
297 399 0
297 501 0
297 508 0
280 591 0
280 780 0
175 626 0
626 469 0
176 324 0
176 402 0
402 213 0
402 594 0
178 331 0
178 699 0
331 409 0
331 539 0
185 218 0
185 464 0
185 629 0
185 755 0
189 361 0
361 296 0
361 659 0
190 299 0
299 459 0
299 630 0
299 733 0
192 221 0
221 211 0
221 646 0
221 771 0
221 784 0
194 397 0
397 197 0
397 274 0
397 389 0
199 618 0
618 476 0
201 554 0
554 396 0
728 450 0
205 597 0
597 269 0
597 745 0
597 757 0
597 213 0
208 470 0
470 492 0
418 616 0
418 720 0
418 777 0
418 798 0
210 774 0
774 268 0
212 727 0
727 405 0
727 491 0
215 699 0
699 217 0
699 383 0
223 687 0
687 407 0
687 577 0
687 693 0
224 452 0
224 522 0
224 655 0
452 502 0
452 704 0
452 797 0
522 232 0
225 244 0
244 323 0
244 492 0
244 670 0
244 623 0
326 340 0
487 451 0
487 752 0
565 346 0
565 655 0
228 528 0
528 537 0
528 705 0
230 392 0
230 395 0
392 304 0
392 540 0
392 649 0
392 735 0
392 784 0
233 577 0
234 555 0
555 356 0
555 667 0
504 570 0
504 680 0
643 615 0
643 766 0
236 483 0
483 263 0
239 590 0
590 435 0
240 781 0
781 516 0
246 451 0
451 317 0
248 376 0
248 523 0
248 574 0
248 602 0
250 607 0
253 527 0
527 276 0
527 654 0
254 273 0
254 349 0
254 792 0
256 576 0
678 314 0
678 533 0
678 698 0
259 431 0
259 437 0
259 585 0
260 341 0
260 508 0
260 675 0
260 679 0
260 717 0
679 446 0
272 346 0
272 494 0
494 283 0
494 416 0
494 794 0
275 278 0
275 307 0
275 439 0
275 474 0
285 387 0
387 500 0
387 586 0
286 428 0
428 294 0
428 389 0
287 380 0
287 450 0
287 482 0
287 650 0
395 617 0
395 758 0
290 752 0
752 534 0
752 623 0
752 765 0
291 405 0
291 742 0
405 612 0
301 789 0
420 609 0
420 757 0
511 354 0
511 370 0
511 572 0
311 583 0
311 658 0
311 739 0
312 769 0
769 480 0
321 382 0
321 461 0
321 604 0
329 514 0
329 622 0
329 632 0
332 442 0
442 700 0
442 784 0
333 576 0
333 593 0
593 436 0
335 652 0
652 422 0
336 582 0
582 364 0
337 374 0
337 796 0
337 602 0
374 444 0
340 655 0
343 688 0
688 546 0
369 725 0
725 602 0
725 636 0
725 787 0
384 605 0
605 406 0
605 783 0
385 754 0
754 594 0
754 644 0
389 782 0
782 390 0
782 467 0
782 481 0
617 438 0
617 453 0
617 460 0
758 549 0
758 719 0
594 660 0
612 490 0
609 591 0
445 772 0
772 696 0
446 519 0
446 544 0
446 715 0
446 748 0
519 449 0
449 703 0
449 744 0
465 530 0
465 629 0
479 788 0
788 767 0
577 621 0
621 749 0
660 775 0
615 731 0
659 780 0
706 784 0
723 796 0
740 793 0
793 779 0
