898 899 0
1 840 0
840 16 0
840 102 0
840 194 0
2 455 0
455 277 0
455 445 0
455 713 0
3 221 0
221 234 0
221 284 0
221 396 0
4 117 0
117 134 0
117 224 0
117 491 0
5 122 0
122 361 0
122 663 0
122 749 0
6 191 0
191 299 0
191 350 0
191 888 0
7 530 0
530 326 0
530 432 0
8 50 0
8 59 0
8 273 0
8 356 0
8 685 0
273 348 0
273 510 0
9 611 0
611 52 0
611 171 0
611 364 0
10 715 0
715 314 0
715 657 0
715 898 0
11 500 0
500 386 0
500 570 0
500 199 0
12 136 0
136 198 0
136 384 0
136 740 0
13 721 0
721 37 0
721 606 0
721 198 0
14 261 0
261 96 0
261 550 0
261 647 0
261 190 0
15 846 0
846 437 0
846 652 0
17 757 0
757 149 0
757 541 0
757 173 0
18 174 0
174 87 0
174 510 0
174 515 0
19 600 0
19 730 0
19 767 0
19 769 0
19 814 0
20 450 0
450 369 0
450 482 0
450 897 0
21 877 0
877 153 0
877 716 0
877 227 0
22 194 0
22 331 0
22 452 0
22 547 0
194 263 0
194 427 0
331 341 0
331 518 0
331 505 0
23 848 0
848 476 0
848 526 0
848 680 0
24 548 0
548 244 0
548 409 0
548 758 0
25 759 0
759 679 0
759 780 0
759 634 0
26 118 0
26 151 0
26 444 0
26 524 0
118 381 0
118 538 0
118 823 0
27 452 0
27 467 0
27 473 0
27 748 0
452 471 0
452 281 0
467 211 0
467 580 0
467 180 0
28 639 0
639 156 0
639 453 0
639 511 0
29 338 0
29 492 0
29 680 0
29 889 0
30 80 0
30 214 0
30 243 0
30 858 0
214 408 0
214 689 0
31 518 0
518 66 0
518 512 0
32 207 0
32 222 0
32 258 0
32 590 0
33 433 0
33 707 0
33 762 0
33 818 0
433 43 0
433 674 0
707 386 0
34 316 0
34 329 0
34 647 0
34 726 0
35 337 0
35 612 0
35 824 0
35 831 0
337 63 0
337 104 0
337 157 0
612 68 0
612 502 0
612 506 0
36 532 0
532 141 0
532 656 0
532 842 0
38 135 0
135 754 0
135 805 0
135 829 0
39 245 0
245 48 0
245 279 0
245 597 0
40 723 0
723 440 0
723 657 0
723 669 0
723 795 0
41 706 0
706 145 0
706 317 0
42 201 0
42 471 0
42 860 0
201 607 0
201 654 0
44 176 0
176 241 0
176 439 0
176 523 0
45 676 0
676 107 0
676 787 0
676 416 0
46 408 0
408 93 0
408 199 0
408 387 0
47 862 0
862 695 0
862 747 0
862 755 0
862 630 0
48 97 0
48 281 0
48 334 0
97 553 0
281 296 0
281 795 0
49 203 0
49 351 0
49 617 0
49 702 0
351 175 0
351 690 0
351 812 0
51 315 0
51 324 0
51 569 0
51 776 0
315 228 0
315 311 0
53 205 0
205 104 0
205 461 0
205 470 0
54 56 0
54 161 0
54 422 0
54 520 0
54 809 0
422 119 0
422 429 0
55 391 0
391 224 0
391 446 0
391 536 0
57 431 0
431 412 0
431 771 0
431 520 0
58 230 0
230 192 0
230 410 0
230 547 0
60 103 0
60 396 0
60 677 0
60 688 0
396 275 0
396 370 0
61 228 0
228 529 0
228 594 0
62 427 0
427 400 0
427 507 0
63 554 0
63 664 0
63 681 0
554 328 0
554 830 0
554 869 0
64 216 0
216 474 0
216 503 0
216 820 0
65 236 0
236 85 0
236 141 0
236 703 0
67 181 0
181 593 0
181 667 0
181 769 0
69 116 0
69 479 0
69 724 0
69 812 0
116 200 0
116 822 0
116 864 0
479 249 0
479 321 0
479 608 0
479 672 0
70 375 0
375 125 0
375 745 0
375 510 0
71 436 0
436 481 0
436 423 0
436 591 0
72 824 0
824 142 0
824 353 0
73 760 0
760 302 0
760 655 0
760 314 0
74 429 0
429 335 0
429 482 0
75 179 0
179 105 0
179 268 0
179 543 0
76 346 0
346 242 0
346 296 0
346 378 0
77 169 0
77 743 0
77 795 0
77 802 0
78 711 0
711 487 0
711 698 0
711 503 0
79 175 0
175 578 0
175 775 0
81 761 0
761 494 0
761 588 0
761 112 0
82 831 0
831 159 0
831 220 0
83 586 0
586 480 0
586 574 0
586 741 0
84 189 0
84 473 0
84 821 0
84 890 0
189 318 0
473 344 0
473 399 0
86 157 0
86 190 0
86 520 0
86 640 0
86 871 0
157 596 0
157 860 0
190 162 0
520 525 0
88 618 0
618 156 0
618 411 0
618 852 0
89 614 0
614 213 0
614 454 0
614 480 0
90 185 0
185 291 0
185 438 0
185 845 0
91 132 0
132 109 0
132 244 0
132 323 0
92 162 0
162 296 0
162 549 0
94 237 0
237 168 0
237 472 0
95 537 0
537 164 0
537 259 0
537 665 0
98 271 0
98 298 0
98 447 0
98 466 0
98 739 0
271 372 0
271 592 0
271 596 0
447 211 0
99 712 0
712 264 0
712 362 0
712 644 0
100 276 0
100 622 0
100 845 0
276 486 0
276 531 0
276 615 0
276 640 0
101 545 0
545 517 0
545 561 0
545 632 0
104 675 0
104 886 0
675 123 0
675 349 0
675 882 0
105 653 0
105 756 0
105 841 0
653 340 0
653 778 0
653 873 0
106 610 0
106 717 0
106 734 0
106 871 0
108 751 0
751 283 0
751 533 0
751 868 0
110 263 0
263 332 0
263 435 0
111 219 0
111 356 0
111 660 0
111 673 0
111 718 0
356 596 0
356 694 0
660 623 0
112 307 0
112 330 0
112 539 0
307 269 0
307 714 0
307 813 0
330 401 0
330 765 0
330 773 0
113 348 0
348 374 0
348 465 0
114 399 0
399 167 0
399 490 0
115 823 0
823 297 0
823 308 0
381 295 0
381 684 0
381 833 0
119 233 0
119 267 0
119 377 0
119 392 0
119 631 0
233 180 0
233 312 0
392 139 0
392 363 0
392 464 0
120 370 0
120 825 0
120 826 0
370 244 0
370 654 0
825 129 0
825 360 0
825 509 0
121 753 0
753 210 0
753 800 0
124 193 0
124 546 0
124 547 0
124 844 0
126 497 0
497 727 0
497 738 0
497 769 0
127 616 0
616 225 0
616 503 0
616 605 0
128 354 0
354 319 0
354 613 0
354 801 0
130 498 0
130 589 0
130 700 0
130 729 0
131 553 0
553 389 0
553 700 0
553 744 0
133 318 0
318 564 0
318 888 0
318 892 0
198 551 0
198 627 0
137 418 0
418 666 0
418 693 0
418 868 0
138 172 0
138 404 0
138 547 0
138 804 0
139 423 0
139 480 0
139 562 0
423 292 0
140 343 0
140 416 0
140 488 0
140 648 0
416 538 0
416 458 0
141 629 0
629 314 0
629 769 0
143 177 0
143 394 0
143 795 0
143 798 0
144 742 0
742 294 0
146 327 0
327 320 0
327 857 0
327 885 0
147 419 0
419 154 0
419 386 0
419 699 0
148 505 0
505 239 0
505 248 0
150 489 0
489 156 0
489 310 0
489 752 0
152 827 0
827 514 0
827 604 0
827 244 0
155 292 0
292 441 0
292 460 0
156 646 0
596 171 0
158 188 0
158 713 0
158 779 0
158 900 0
713 841 0
713 587 0
160 495 0
495 293 0
495 544 0
495 665 0
296 881 0
163 587 0
587 577 0
587 636 0
165 312 0
312 333 0
312 406 0
312 819 0
166 681 0
681 405 0
681 609 0
170 881 0
881 232 0
881 567 0
171 504 0
171 794 0
504 522 0
504 603 0
504 810 0
173 359 0
173 373 0
173 658 0
359 374 0
359 654 0
359 879 0
359 663 0
373 209 0
373 385 0
373 811 0
178 528 0
528 258 0
528 397 0
528 710 0
180 218 0
180 253 0
182 260 0
182 270 0
182 861 0
182 539 0
260 278 0
260 638 0
260 799 0
270 255 0
270 288 0
270 628 0
183 694 0
694 208 0
694 579 0
184 792 0
792 424 0
792 621 0
792 704 0
186 363 0
363 469 0
363 516 0
187 886 0
886 247 0
886 540 0
195 264 0
195 468 0
195 815 0
195 893 0
264 367 0
264 790 0
264 812 0
196 622 0
622 374 0
622 602 0
197 866 0
866 407 0
866 770 0
551 510 0
551 620 0
199 367 0
367 853 0
607 566 0
607 647 0
202 768 0
768 229 0
768 696 0
768 374 0
204 482 0
204 562 0
204 695 0
204 700 0
482 508 0
562 471 0
562 812 0
206 344 0
344 642 0
344 782 0
211 565 0
211 645 0
211 670 0
212 790 0
790 649 0
790 650 0
215 286 0
286 510 0
286 746 0
286 763 0
217 817 0
817 303 0
817 766 0
223 807 0
807 306 0
224 709 0
709 503 0
709 227 0
226 664 0
664 513 0
664 789 0
227 352 0
227 443 0
352 280 0
352 501 0
352 784 0
443 313 0
443 403 0
443 896 0
231 599 0
599 735 0
599 634 0
599 879 0
235 508 0
508 285 0
508 430 0
238 635 0
238 662 0
238 828 0
240 783 0
783 379 0
783 566 0
783 728 0
246 843 0
843 425 0
250 786 0
786 358 0
786 671 0
786 566 0
251 372 0
372 300 0
372 708 0
252 793 0
793 559 0
793 680 0
793 686 0
254 461 0
254 557 0
254 576 0
254 748 0
254 870 0
461 334 0
256 894 0
894 719 0
257 272 0
272 480 0
272 535 0
272 849 0
258 527 0
258 538 0
527 816 0
527 839 0
527 891 0
262 818 0
818 598 0
818 733 0
818 630 0
265 434 0
434 336 0
434 640 0
434 785 0
266 756 0
756 322 0
756 856 0
274 301 0
301 309 0
301 678 0
301 748 0
275 305 0
275 451 0
275 584 0
282 722 0
722 682 0
722 314 0
722 692 0
287 854 0
854 483 0
854 523 0
854 534 0
289 523 0
289 542 0
289 571 0
289 575 0
523 841 0
290 325 0
290 663 0
290 887 0
304 583 0
583 371 0
583 561 0
583 878 0
311 634 0
311 832 0
311 885 0
634 442 0
832 860 0
406 646 0
406 803 0
406 851 0
341 413 0
341 736 0
341 865 0
334 402 0
334 459 0
334 478 0
339 464 0
464 426 0
464 499 0
342 861 0
861 705 0
861 838 0
345 826 0
826 449 0
826 560 0
347 663 0
355 700 0
355 731 0
355 863 0
355 872 0
357 457 0
357 566 0
357 834 0
357 899 0
654 608 0
654 829 0
365 458 0
458 398 0
458 850 0
366 851 0
851 581 0
851 691 0
368 803 0
803 556 0
803 737 0
376 808 0
808 558 0
380 791 0
791 388 0
382 724 0
724 582 0
724 633 0
383 689 0
689 521 0
689 880 0
390 561 0
390 665 0
390 680 0
665 626 0
393 623 0
623 630 0
623 640 0
623 876 0
395 690 0
690 448 0
690 796 0
646 621 0
414 884 0
884 668 0
884 687 0
415 525 0
525 572 0
525 637 0
525 666 0
538 620 0
417 658 0
658 643 0
658 720 0
666 641 0
420 725 0
725 624 0
421 777 0
777 555 0
777 568 0
777 695 0
428 883 0
883 493 0
442 585 0
442 781 0
442 797 0
471 625 0
456 697 0
697 462 0
697 748 0
697 699 0
697 806 0
463 477 0
477 695 0
477 732 0
477 788 0
475 626 0
626 659 0
626 701 0
695 822 0
484 853 0
853 563 0
485 627 0
627 750 0
627 855 0
496 641 0
641 601 0
641 875 0
519 619 0
619 683 0
619 847 0
841 625 0
620 539 0
620 860 0
539 845 0
547 822 0
552 762 0
762 595 0
762 874 0
573 651 0
651 621 0
651 835 0
651 867 0
580 774 0
580 859 0
580 895 0
592 661 0
592 699 0
592 764 0
592 836 0
795 879 0
