785 799 0
1 556 0
556 442 0
556 620 0
556 628 0
2 352 0
352 597 0
352 718 0
352 756 0
3 522 0
3 736 0
3 737 0
522 404 0
522 626 0
522 108 0
4 334 0
334 75 0
334 89 0
334 240 0
5 551 0
551 106 0
551 750 0
551 321 0
551 562 0
551 507 0
6 464 0
464 267 0
464 598 0
464 507 0
464 742 0
7 473 0
473 365 0
473 462 0
473 663 0
8 407 0
407 265 0
407 289 0
407 758 0
407 485 0
9 184 0
184 278 0
184 337 0
184 476 0
10 252 0
10 350 0
10 465 0
10 534 0
350 422 0
350 490 0
350 514 0
11 99 0
11 177 0
11 424 0
11 502 0
99 39 0
99 40 0
99 212 0
177 57 0
177 101 0
177 439 0
12 591 0
591 163 0
591 326 0
591 346 0
591 538 0
13 36 0
13 101 0
13 348 0
13 454 0
36 136 0
101 569 0
101 609 0
101 431 0
348 329 0
14 113 0
14 449 0
14 639 0
113 46 0
113 550 0
113 18 0
113 584 0
449 104 0
449 188 0
449 326 0
449 558 0
449 85 0
449 750 0
15 270 0
15 416 0
15 442 0
15 787 0
16 24 0
16 286 0
16 374 0
16 545 0
16 704 0
286 141 0
286 791 0
374 384 0
374 141 0
17 618 0
618 689 0
18 69 0
69 142 0
69 431 0
69 564 0
69 604 0
69 681 0
19 154 0
154 70 0
154 151 0
154 172 0
154 298 0
20 347 0
347 133 0
347 579 0
21 34 0
21 125 0
21 182 0
21 751 0
125 396 0
125 421 0
22 380 0
22 688 0
22 785 0
22 789 0
380 263 0
380 420 0
688 761 0
23 80 0
23 236 0
80 219 0
80 421 0
80 504 0
80 741 0
25 430 0
430 108 0
430 167 0
430 231 0
26 633 0
633 508 0
633 525 0
633 610 0
27 112 0
112 301 0
112 544 0
112 649 0
28 60 0
60 155 0
60 439 0
60 566 0
29 138 0
29 247 0
29 305 0
29 482 0
247 156 0
247 242 0
247 592 0
30 724 0
724 59 0
724 240 0
724 455 0
31 717 0
717 356 0
32 779 0
779 124 0
33 322 0
322 147 0
322 674 0
322 342 0
35 511 0
511 67 0
511 616 0
511 607 0
37 693 0
693 530 0
693 611 0
38 87 0
87 94 0
87 135 0
87 654 0
41 393 0
393 318 0
393 432 0
42 145 0
145 510 0
145 607 0
145 759 0
43 319 0
319 680 0
319 681 0
319 686 0
44 86 0
44 397 0
44 488 0
44 720 0
86 209 0
86 370 0
86 725 0
45 230 0
45 313 0
45 692 0
45 797 0
230 51 0
230 122 0
230 317 0
47 109 0
47 354 0
47 629 0
48 56 0
48 345 0
48 754 0
48 767 0
49 441 0
441 216 0
441 269 0
441 635 0
50 648 0
648 221 0
648 444 0
648 162 0
51 233 0
51 519 0
51 576 0
52 95 0
95 652 0
95 685 0
95 719 0
53 150 0
53 326 0
53 542 0
150 364 0
150 381 0
150 685 0
54 376 0
376 439 0
376 535 0
376 706 0
55 762 0
762 567 0
57 262 0
57 484 0
262 79 0
262 369 0
262 655 0
262 666 0
262 796 0
58 498 0
498 327 0
498 713 0
498 747 0
61 302 0
302 361 0
302 610 0
302 656 0
62 193 0
62 241 0
62 390 0
62 417 0
241 342 0
63 127 0
127 118 0
127 169 0
127 341 0
64 136 0
64 160 0
64 285 0
64 442 0
136 242 0
136 421 0
160 276 0
160 453 0
65 92 0
92 107 0
92 289 0
92 408 0
66 448 0
448 96 0
448 178 0
448 479 0
68 255 0
68 492 0
68 598 0
68 794 0
142 96 0
142 243 0
431 638 0
70 202 0
70 281 0
70 639 0
202 156 0
202 289 0
281 134 0
281 336 0
281 367 0
71 439 0
71 546 0
71 630 0
439 622 0
72 453 0
453 84 0
453 228 0
73 698 0
698 312 0
74 222 0
74 259 0
74 425 0
74 755 0
222 329 0
222 734 0
222 736 0
76 419 0
419 387 0
419 398 0
419 627 0
77 523 0
523 429 0
523 673 0
523 713 0
78 264 0
264 296 0
264 561 0
264 663 0
79 294 0
79 435 0
219 428 0
219 547 0
219 662 0
421 289 0
81 162 0
81 489 0
81 494 0
81 549 0
162 468 0
162 621 0
82 387 0
82 454 0
82 598 0
82 772 0
387 323 0
454 587 0
454 128 0
83 196 0
196 161 0
196 246 0
196 321 0
196 766 0
85 119 0
85 468 0
119 227 0
119 446 0
119 691 0
209 411 0
209 646 0
88 760 0
760 339 0
760 402 0
760 203 0
760 476 0
760 562 0
90 285 0
90 332 0
90 750 0
90 795 0
285 178 0
285 179 0
285 437 0
91 661 0
661 420 0
661 476 0
93 240 0
93 368 0
93 469 0
93 645 0
240 725 0
96 321 0
321 128 0
321 377 0
97 485 0
97 500 0
97 631 0
97 697 0
485 258 0
500 295 0
500 703 0
500 780 0
631 139 0
631 204 0
631 690 0
98 528 0
528 324 0
528 445 0
528 612 0
100 738 0
738 123 0
738 559 0
569 135 0
609 681 0
609 163 0
609 371 0
102 389 0
389 105 0
389 111 0
103 678 0
678 349 0
678 676 0
108 317 0
317 212 0
317 545 0
317 670 0
110 323 0
323 357 0
323 644 0
114 415 0
415 217 0
415 471 0
115 170 0
115 314 0
115 496 0
115 555 0
314 330 0
314 725 0
116 517 0
517 423 0
517 174 0
517 745 0
117 735 0
735 355 0
118 275 0
118 761 0
275 157 0
275 625 0
275 786 0
120 245 0
245 132 0
245 710 0
245 731 0
121 790 0
790 213 0
790 438 0
790 269 0
122 215 0
122 491 0
122 781 0
396 529 0
396 740 0
396 748 0
126 290 0
126 474 0
126 562 0
126 788 0
126 590 0
290 594 0
290 185 0
290 242 0
128 174 0
128 541 0
174 159 0
174 630 0
129 736 0
736 589 0
736 665 0
130 315 0
315 210 0
315 647 0
315 337 0
131 192 0
131 256 0
131 457 0
131 574 0
131 729 0
256 426 0
256 587 0
132 362 0
132 537 0
132 638 0
362 446 0
362 649 0
135 251 0
135 400 0
135 696 0
251 331 0
251 422 0
400 226 0
400 450 0
400 606 0
242 181 0
242 753 0
137 424 0
424 509 0
424 573 0
424 178 0
140 141 0
141 545 0
141 599 0
143 330 0
330 383 0
330 649 0
330 746 0
144 268 0
144 507 0
144 541 0
144 694 0
144 764 0
541 271 0
541 571 0
541 684 0
146 185 0
185 195 0
185 440 0
148 614 0
614 459 0
149 422 0
422 186 0
422 712 0
152 778 0
778 442 0
778 451 0
778 783 0
153 340 0
153 602 0
153 637 0
153 725 0
153 761 0
340 478 0
340 670 0
637 337 0
637 479 0
637 358 0
156 475 0
156 495 0
158 537 0
537 303 0
537 506 0
159 168 0
159 194 0
159 403 0
276 299 0
276 543 0
276 667 0
468 165 0
468 392 0
468 664 0
163 546 0
546 176 0
546 784 0
164 243 0
243 458 0
243 699 0
243 730 0
243 776 0
166 273 0
273 375 0
273 521 0
273 776 0
171 377 0
377 335 0
377 765 0
172 435 0
435 483 0
435 649 0
435 677 0
173 282 0
282 180 0
282 371 0
282 392 0
282 497 0
175 540 0
540 617 0
540 684 0
540 663 0
179 653 0
179 659 0
179 705 0
181 405 0
183 514 0
514 187 0
514 757 0
189 707 0
707 307 0
707 418 0
707 713 0
190 236 0
236 208 0
236 754 0
191 592 0
592 325 0
592 409 0
246 682 0
197 539 0
539 342 0
539 520 0
539 586 0
198 384 0
384 472 0
384 499 0
384 552 0
199 306 0
199 358 0
199 501 0
199 660 0
358 739 0
358 580 0
200 594 0
594 516 0
594 701 0
201 426 0
426 287 0
426 595 0
203 386 0
203 634 0
386 382 0
386 582 0
634 394 0
634 466 0
634 518 0
205 277 0
205 342 0
205 615 0
342 587 0
206 709 0
709 636 0
709 775 0
207 405 0
405 344 0
405 446 0
405 487 0
211 619 0
619 363 0
212 725 0
214 484 0
484 266 0
484 749 0
218 580 0
580 291 0
580 477 0
220 542 0
542 320 0
542 737 0
542 743 0
329 261 0
329 524 0
223 668 0
668 311 0
224 481 0
481 643 0
481 732 0
481 753 0
225 316 0
316 563 0
229 571 0
571 526 0
571 798 0
232 237 0
237 505 0
237 672 0
237 772 0
234 721 0
721 570 0
235 696 0
696 308 0
696 452 0
238 283 0
283 360 0
283 610 0
283 641 0
239 687 0
687 353 0
725 737 0
699 427 0
244 683 0
683 310 0
683 337 0
248 294 0
294 371 0
294 695 0
249 271 0
271 460 0
271 553 0
250 493 0
493 496 0
493 515 0
493 593 0
253 763 0
763 254 0
763 512 0
257 622 0
622 527 0
622 770 0
258 385 0
258 445 0
258 768 0
445 639 0
260 331 0
331 401 0
331 718 0
331 723 0
263 297 0
263 372 0
263 675 0
263 708 0
269 413 0
269 734 0
413 288 0
413 443 0
413 777 0
734 776 0
272 739 0
739 279 0
739 293 0
274 752 0
752 568 0
280 601 0
601 461 0
601 624 0
371 412 0
284 378 0
378 436 0
378 479 0
378 588 0
378 608 0
289 395 0
395 309 0
395 572 0
395 728 0
292 420 0
420 533 0
420 684 0
420 771 0
300 333 0
333 304 0
333 581 0
333 671 0
328 682 0
682 359 0
682 496 0
337 677 0
338 366 0
366 391 0
366 443 0
366 499 0
366 557 0
478 621 0
670 490 0
587 663 0
343 406 0
406 503 0
406 560 0
490 671 0
490 713 0
351 575 0
575 410 0
370 467 0
370 486 0
370 531 0
373 741 0
741 433 0
741 773 0
479 791 0
379 791 0
791 470 0
791 513 0
499 716 0
388 399 0
399 588 0
399 711 0
399 681 0
412 414 0
412 642 0
412 782 0
434 630 0
630 447 0
630 536 0
437 585 0
437 623 0
437 640 0
456 632 0
632 548 0
463 613 0
613 565 0
598 710 0
621 496 0
480 702 0
702 532 0
716 607 0
502 603 0
502 700 0
502 800 0
504 733 0
504 792 0
554 583 0
583 578 0
577 657 0
657 605 0
657 607 0
590 776 0
600 638 0
638 669 0
610 697 0
697 708 0
