872 899 0
1 11 0
1 93 0
1 402 0
1 497 0
1 524 0
11 78 0
11 133 0
93 98 0
93 109 0
402 621 0
402 762 0
2 620 0
620 572 0
3 280 0
280 287 0
280 588 0
280 672 0
4 333 0
4 452 0
4 513 0
4 760 0
513 142 0
513 316 0
5 623 0
623 39 0
623 578 0
6 206 0
6 217 0
6 806 0
206 369 0
206 655 0
206 718 0
7 122 0
7 534 0
7 574 0
7 696 0
8 352 0
352 354 0
352 642 0
352 836 0
9 174 0
9 501 0
9 505 0
9 649 0
501 84 0
501 128 0
10 762 0
10 835 0
10 849 0
762 83 0
762 336 0
762 408 0
762 506 0
78 185 0
78 229 0
78 708 0
12 109 0
12 126 0
109 111 0
109 171 0
109 334 0
109 358 0
109 498 0
109 579 0
13 835 0
835 248 0
835 677 0
835 690 0
14 443 0
443 644 0
443 796 0
443 880 0
443 161 0
15 546 0
546 192 0
546 376 0
16 128 0
128 482 0
128 590 0
17 97 0
17 466 0
17 504 0
17 532 0
97 107 0
97 723 0
97 777 0
97 900 0
18 851 0
851 292 0
851 327 0
851 343 0
19 418 0
418 194 0
418 350 0
418 769 0
20 208 0
208 491 0
208 489 0
208 543 0
21 542 0
542 46 0
542 48 0
542 868 0
22 176 0
22 311 0
22 543 0
22 768 0
23 150 0
150 350 0
150 526 0
150 675 0
24 143 0
143 52 0
143 53 0
143 164 0
25 84 0
84 819 0
84 858 0
26 660 0
660 190 0
660 197 0
660 548 0
27 419 0
419 237 0
419 290 0
419 611 0
28 456 0
28 511 0
28 726 0
28 802 0
456 228 0
456 774 0
456 800 0
456 863 0
511 86 0
511 440 0
29 238 0
238 281 0
238 645 0
238 637 0
238 789 0
30 425 0
425 33 0
425 34 0
425 663 0
425 791 0
31 100 0
100 112 0
100 281 0
100 560 0
100 789 0
32 272 0
272 219 0
272 357 0
272 403 0
33 444 0
35 396 0
396 138 0
396 370 0
396 843 0
36 254 0
36 394 0
36 574 0
254 307 0
254 562 0
37 895 0
895 249 0
895 463 0
895 589 0
38 531 0
531 117 0
531 602 0
40 661 0
661 429 0
661 496 0
41 79 0
41 123 0
41 477 0
41 864 0
42 89 0
42 405 0
42 525 0
89 520 0
89 541 0
89 577 0
89 702 0
89 802 0
43 861 0
861 478 0
44 162 0
162 243 0
162 377 0
162 421 0
45 617 0
617 330 0
617 411 0
617 114 0
47 267 0
267 432 0
267 641 0
49 165 0
49 207 0
49 489 0
49 564 0
49 784 0
489 804 0
50 666 0
666 368 0
666 626 0
51 120 0
120 506 0
120 829 0
120 883 0
52 130 0
52 723 0
130 303 0
130 582 0
130 627 0
53 607 0
607 630 0
607 854 0
607 211 0
607 434 0
54 326 0
326 499 0
326 847 0
55 154 0
55 308 0
55 309 0
56 896 0
896 187 0
57 551 0
551 530 0
551 752 0
551 822 0
58 129 0
58 156 0
58 517 0
58 654 0
58 827 0
129 125 0
129 553 0
59 606 0
606 459 0
60 263 0
60 640 0
263 148 0
263 346 0
263 798 0
263 894 0
61 134 0
61 147 0
134 329 0
134 434 0
134 436 0
62 140 0
140 188 0
140 563 0
140 571 0
63 360 0
360 353 0
360 700 0
64 235 0
235 279 0
235 382 0
235 852 0
65 146 0
65 173 0
65 328 0
65 657 0
173 133 0
173 195 0
66 750 0
750 252 0
750 550 0
750 889 0
67 767 0
767 273 0
767 461 0
767 284 0
68 516 0
516 81 0
516 114 0
516 565 0
69 795 0
795 259 0
70 341 0
341 589 0
341 698 0
341 749 0
71 127 0
71 764 0
71 868 0
127 72 0
127 115 0
127 833 0
73 94 0
94 283 0
94 530 0
94 679 0
74 212 0
74 324 0
74 536 0
74 840 0
75 139 0
139 244 0
139 671 0
139 809 0
76 241 0
241 557 0
241 572 0
241 605 0
77 106 0
106 188 0
106 812 0
106 884 0
80 302 0
302 533 0
302 544 0
302 685 0
82 697 0
697 236 0
85 260 0
260 277 0
260 570 0
260 711 0
260 736 0
86 413 0
86 600 0
86 705 0
413 740 0
87 213 0
213 124 0
213 271 0
213 279 0
213 477 0
88 144 0
88 278 0
88 821 0
88 864 0
520 367 0
520 579 0
520 684 0
541 178 0
541 834 0
541 356 0
577 664 0
577 678 0
90 217 0
217 323 0
217 376 0
217 757 0
91 655 0
655 202 0
655 714 0
655 837 0
92 658 0
658 519 0
95 223 0
95 404 0
95 464 0
95 618 0
223 367 0
223 674 0
223 825 0
223 374 0
96 825 0
825 310 0
825 392 0
107 224 0
107 372 0
107 728 0
723 438 0
723 166 0
723 279 0
98 468 0
98 569 0
98 574 0
98 794 0
574 742 0
574 406 0
99 205 0
99 414 0
99 581 0
99 601 0
581 444 0
581 215 0
281 518 0
101 345 0
345 179 0
345 273 0
102 518 0
518 269 0
518 823 0
518 871 0
103 394 0
103 448 0
103 476 0
394 349 0
394 521 0
394 593 0
448 114 0
448 525 0
104 329 0
329 158 0
329 659 0
105 764 0
764 502 0
764 793 0
764 900 0
764 232 0
188 284 0
188 706 0
108 240 0
108 322 0
108 409 0
111 568 0
111 612 0
111 712 0
171 133 0
171 618 0
171 670 0
334 169 0
334 191 0
334 682 0
358 447 0
358 874 0
358 590 0
498 285 0
498 296 0
498 483 0
110 203 0
203 239 0
203 356 0
203 555 0
113 898 0
898 702 0
898 839 0
114 433 0
433 247 0
433 291 0
433 650 0
115 362 0
115 380 0
115 430 0
362 342 0
362 399 0
362 481 0
380 337 0
380 782 0
380 766 0
380 873 0
116 523 0
523 131 0
523 470 0
523 753 0
523 791 0
118 450 0
450 274 0
450 378 0
450 784 0
450 834 0
119 246 0
119 312 0
119 711 0
119 797 0
312 479 0
312 584 0
506 431 0
506 447 0
506 460 0
121 152 0
121 300 0
121 637 0
121 779 0
121 807 0
125 170 0
125 172 0
125 537 0
170 356 0
170 436 0
126 161 0
126 566 0
126 601 0
126 734 0
126 871 0
161 250 0
590 202 0
132 740 0
740 364 0
740 899 0
133 166 0
133 815 0
166 405 0
434 430 0
434 603 0
135 845 0
845 417 0
845 705 0
136 656 0
656 168 0
656 243 0
656 599 0
137 486 0
137 603 0
137 772 0
137 897 0
603 480 0
244 142 0
244 674 0
141 673 0
673 266 0
142 422 0
142 589 0
142 806 0
422 405 0
422 619 0
589 366 0
145 480 0
480 347 0
480 687 0
147 423 0
147 555 0
147 766 0
555 684 0
555 828 0
766 385 0
148 149 0
148 163 0
148 367 0
149 549 0
163 374 0
163 426 0
163 635 0
350 875 0
350 713 0
151 725 0
725 339 0
725 395 0
153 622 0
622 202 0
155 492 0
492 317 0
492 641 0
492 780 0
157 670 0
670 232 0
670 862 0
159 553 0
553 580 0
553 651 0
160 183 0
183 202 0
183 386 0
183 528 0
243 265 0
243 678 0
374 201 0
405 818 0
167 608 0
167 751 0
167 844 0
167 859 0
608 445 0
618 344 0
175 351 0
351 441 0
351 515 0
177 733 0
177 787 0
177 848 0
177 889 0
178 427 0
178 624 0
178 776 0
180 739 0
739 587 0
739 838 0
739 444 0
739 438 0
739 375 0
181 567 0
567 435 0
567 643 0
567 598 0
182 301 0
182 597 0
182 668 0
182 684 0
301 412 0
301 717 0
301 886 0
597 214 0
597 439 0
597 460 0
202 799 0
184 747 0
747 594 0
747 514 0
747 629 0
186 849 0
849 721 0
849 228 0
284 384 0
189 369 0
189 609 0
189 705 0
369 215 0
369 210 0
369 817 0
190 631 0
190 718 0
631 552 0
193 514 0
193 736 0
193 802 0
193 807 0
514 384 0
195 598 0
195 758 0
195 781 0
195 869 0
598 359 0
196 730 0
730 632 0
198 828 0
828 264 0
828 692 0
199 211 0
211 388 0
211 755 0
200 881 0
881 253 0
881 258 0
201 458 0
201 648 0
201 880 0
204 530 0
204 559 0
204 582 0
204 732 0
204 738 0
530 678 0
209 539 0
539 293 0
539 403 0
539 533 0
539 652 0
210 355 0
210 370 0
355 390 0
355 398 0
215 335 0
215 442 0
335 245 0
335 596 0
335 885 0
442 307 0
442 430 0
216 436 0
436 220 0
436 638 0
436 831 0
218 522 0
522 495 0
522 591 0
219 221 0
219 701 0
219 799 0
221 474 0
221 500 0
221 832 0
220 507 0
222 716 0
716 665 0
716 232 0
716 704 0
367 387 0
674 475 0
674 540 0
674 359 0
225 406 0
406 473 0
406 855 0
226 479 0
479 633 0
479 891 0
227 713 0
713 256 0
713 306 0
228 741 0
741 509 0
741 549 0
741 720 0
230 777 0
777 454 0
777 653 0
777 387 0
231 616 0
616 275 0
232 527 0
527 784 0
527 287 0
233 710 0
710 294 0
710 375 0
234 743 0
743 321 0
743 576 0
743 536 0
279 449 0
242 621 0
621 348 0
265 315 0
265 460 0
265 600 0
678 836 0
250 313 0
250 488 0
250 806 0
251 701 0
701 437 0
701 694 0
255 662 0
662 257 0
662 370 0
662 420 0
261 361 0
261 400 0
261 765 0
261 823 0
261 893 0
262 449 0
449 331 0
449 371 0
315 325 0
315 332 0
315 789 0
315 791 0
268 874 0
874 737 0
874 820 0
270 340 0
340 318 0
340 493 0
273 549 0
273 684 0
549 811 0
684 356 0
276 636 0
636 403 0
636 545 0
287 446 0
282 669 0
669 688 0
286 471 0
471 457 0
471 735 0
446 676 0
446 746 0
446 771 0
288 609 0
609 610 0
609 737 0
609 816 0
289 647 0
647 586 0
295 304 0
295 453 0
295 554 0
297 878 0
878 319 0
298 407 0
407 314 0
407 320 0
299 344 0
344 583 0
344 830 0
344 893 0
533 375 0
533 866 0
533 888 0
305 773 0
773 428 0
773 681 0
307 508 0
314 836 0
316 561 0
316 613 0
316 763 0
338 804 0
804 790 0
343 447 0
343 805 0
343 876 0
447 818 0
805 715 0
875 370 0
356 876 0
876 363 0
876 462 0
876 786 0
876 611 0
365 668 0
668 373 0
668 535 0
366 477 0
366 512 0
366 547 0
366 693 0
387 385 0
370 529 0
529 424 0
529 585 0
529 860 0
379 381 0
381 611 0
381 744 0
383 630 0
384 727 0
384 785 0
384 853 0
385 472 0
385 705 0
385 748 0
389 393 0
389 573 0
389 801 0
391 888 0
888 401 0
888 814 0
397 854 0
854 595 0
403 681 0
410 467 0
410 487 0
410 788 0
410 815 0
415 867 0
867 808 0
416 882 0
882 592 0
430 525 0
430 544 0
525 718 0
431 465 0
431 699 0
431 731 0
444 579 0
444 640 0
444 691 0
579 809 0
640 646 0
640 681 0
640 761 0
691 490 0
445 485 0
445 900 0
445 726 0
451 600 0
600 536 0
600 810 0
455 887 0
887 556 0
469 503 0
503 510 0
503 775 0
476 484 0
476 719 0
476 754 0
494 604 0
604 538 0
507 543 0
507 689 0
507 759 0
543 857 0
718 776 0
718 789 0
784 628 0
536 841 0
841 641 0
857 690 0
558 584 0
584 783 0
584 792 0
572 856 0
856 818 0
742 753 0
742 818 0
575 813 0
813 803 0
664 688 0
596 889 0
619 757 0
619 868 0
628 639 0
634 706 0
706 879 0
706 890 0
