896 899 0
1 122 0
122 30 0
122 57 0
122 616 0
2 432 0
432 282 0
432 518 0
3 100 0
3 207 0
3 372 0
3 759 0
100 15 0
100 103 0
100 473 0
100 688 0
207 341 0
207 523 0
207 858 0
4 862 0
862 550 0
862 803 0
5 567 0
567 163 0
567 409 0
567 524 0
6 646 0
646 32 0
646 650 0
646 855 0
7 453 0
453 561 0
453 237 0
453 244 0
8 102 0
8 470 0
8 479 0
102 76 0
102 463 0
102 645 0
102 673 0
9 615 0
615 456 0
615 502 0
615 821 0
10 145 0
10 244 0
10 337 0
10 754 0
10 888 0
145 342 0
145 532 0
145 872 0
244 875 0
337 330 0
337 736 0
337 371 0
11 751 0
751 142 0
751 300 0
751 318 0
12 388 0
388 70 0
388 506 0
388 694 0
13 230 0
230 30 0
230 187 0
230 370 0
14 753 0
753 58 0
753 77 0
753 300 0
15 248 0
15 549 0
15 638 0
248 96 0
248 97 0
248 167 0
16 501 0
501 170 0
501 253 0
501 18 0
17 715 0
715 112 0
715 799 0
715 344 0
18 30 0
18 314 0
30 761 0
19 278 0
278 188 0
278 319 0
278 541 0
20 713 0
713 832 0
713 841 0
713 847 0
713 136 0
21 812 0
812 148 0
812 297 0
812 237 0
22 241 0
241 129 0
241 431 0
241 711 0
23 389 0
389 136 0
389 170 0
389 191 0
24 403 0
403 84 0
403 808 0
403 410 0
25 488 0
488 540 0
488 367 0
488 702 0
26 129 0
26 237 0
26 333 0
26 485 0
129 246 0
129 854 0
237 390 0
27 454 0
454 265 0
454 541 0
454 809 0
28 400 0
28 465 0
28 556 0
28 757 0
400 286 0
400 539 0
400 611 0
400 630 0
29 78 0
29 746 0
29 780 0
29 801 0
78 367 0
78 612 0
746 294 0
746 363 0
746 395 0
31 878 0
878 313 0
878 619 0
878 160 0
32 576 0
32 861 0
576 35 0
576 109 0
576 200 0
576 358 0
33 81 0
81 127 0
81 574 0
81 677 0
81 840 0
34 352 0
352 64 0
352 880 0
352 314 0
36 234 0
234 644 0
234 670 0
234 845 0
37 854 0
854 107 0
854 672 0
38 190 0
38 197 0
38 462 0
38 651 0
39 291 0
291 366 0
291 641 0
291 822 0
40 212 0
40 333 0
40 410 0
212 208 0
212 626 0
212 733 0
41 194 0
41 330 0
41 739 0
194 293 0
194 657 0
194 473 0
42 213 0
213 323 0
213 406 0
213 676 0
43 172 0
172 340 0
172 326 0
172 779 0
44 85 0
44 86 0
44 840 0
44 333 0
85 120 0
85 242 0
85 509 0
86 274 0
86 692 0
86 886 0
45 283 0
45 506 0
45 661 0
45 728 0
506 673 0
506 499 0
46 139 0
139 59 0
139 174 0
47 613 0
613 648 0
613 859 0
613 409 0
48 359 0
359 377 0
359 424 0
49 155 0
155 89 0
155 410 0
155 565 0
50 277 0
277 485 0
277 522 0
277 534 0
51 345 0
345 164 0
345 527 0
345 749 0
52 875 0
875 218 0
875 439 0
875 833 0
53 869 0
869 498 0
869 704 0
54 222 0
222 472 0
222 625 0
222 658 0
55 633 0
55 708 0
55 782 0
55 849 0
708 473 0
708 219 0
708 791 0
56 461 0
56 537 0
56 652 0
56 835 0
60 184 0
60 320 0
60 589 0
60 763 0
320 545 0
320 293 0
320 620 0
61 846 0
846 268 0
846 690 0
846 766 0
846 877 0
62 421 0
62 627 0
62 634 0
62 790 0
63 73 0
73 766 0
73 792 0
73 827 0
65 99 0
65 176 0
65 369 0
65 583 0
65 897 0
66 654 0
654 135 0
654 731 0
654 583 0
67 160 0
67 300 0
67 789 0
67 898 0
160 250 0
160 495 0
300 168 0
68 280 0
280 114 0
280 164 0
280 585 0
69 80 0
80 413 0
80 670 0
80 857 0
80 888 0
71 255 0
71 464 0
71 502 0
71 747 0
72 74 0
74 208 0
74 368 0
74 837 0
766 502 0
208 477 0
208 507 0
75 316 0
75 531 0
75 729 0
75 764 0
75 815 0
316 601 0
316 146 0
316 736 0
729 260 0
76 744 0
76 778 0
76 838 0
367 93 0
367 669 0
79 441 0
441 379 0
441 452 0
441 690 0
670 775 0
127 371 0
127 813 0
82 870 0
870 157 0
870 193 0
870 866 0
83 459 0
459 159 0
120 500 0
120 519 0
120 560 0
274 557 0
274 617 0
274 660 0
87 101 0
87 563 0
87 644 0
87 742 0
88 344 0
88 440 0
88 588 0
88 788 0
344 371 0
344 374 0
90 331 0
90 409 0
90 411 0
90 695 0
90 823 0
331 629 0
331 705 0
409 357 0
91 276 0
276 497 0
276 876 0
276 885 0
92 499 0
499 115 0
499 819 0
93 272 0
93 678 0
93 741 0
94 98 0
94 308 0
94 416 0
95 126 0
95 326 0
95 361 0
95 605 0
326 144 0
103 433 0
463 425 0
463 647 0
463 712 0
104 666 0
666 383 0
666 417 0
666 745 0
105 509 0
509 171 0
509 727 0
509 136 0
106 256 0
256 119 0
256 860 0
256 885 0
108 110 0
108 223 0
108 818 0
108 866 0
111 671 0
671 150 0
671 216 0
671 805 0
113 834 0
834 275 0
834 365 0
834 612 0
834 526 0
116 473 0
116 484 0
116 775 0
116 805 0
484 521 0
484 351 0
484 348 0
117 717 0
717 224 0
717 684 0
717 226 0
118 638 0
638 396 0
638 582 0
121 521 0
521 756 0
521 887 0
123 335 0
123 642 0
123 775 0
123 787 0
124 132 0
124 140 0
124 393 0
124 614 0
132 304 0
132 559 0
125 390 0
390 609 0
390 839 0
128 886 0
886 663 0
886 748 0
130 351 0
351 381 0
351 607 0
131 705 0
705 138 0
705 323 0
304 180 0
304 211 0
304 405 0
133 225 0
225 401 0
225 410 0
225 831 0
134 601 0
601 659 0
601 890 0
137 559 0
559 243 0
559 848 0
141 716 0
141 807 0
141 817 0
141 847 0
143 571 0
571 199 0
571 723 0
144 547 0
144 843 0
144 881 0
342 178 0
342 428 0
342 836 0
146 203 0
146 284 0
146 387 0
147 578 0
578 394 0
578 888 0
578 496 0
149 228 0
228 185 0
228 489 0
228 893 0
151 269 0
151 382 0
151 691 0
382 264 0
382 477 0
382 681 0
152 288 0
288 538 0
288 603 0
288 805 0
153 478 0
478 380 0
478 566 0
478 541 0
154 655 0
655 195 0
655 865 0
655 512 0
156 851 0
851 592 0
851 718 0
851 612 0
158 162 0
162 366 0
162 508 0
162 511 0
250 386 0
250 686 0
250 700 0
161 591 0
591 516 0
591 774 0
591 783 0
366 357 0
164 325 0
164 398 0
325 226 0
325 301 0
165 780 0
780 215 0
780 481 0
166 281 0
281 664 0
281 668 0
281 690 0
281 731 0
168 475 0
168 504 0
168 536 0
169 769 0
769 612 0
769 737 0
769 900 0
170 399 0
170 806 0
399 311 0
399 772 0
399 802 0
173 495 0
495 503 0
495 725 0
175 298 0
298 502 0
298 755 0
298 762 0
298 781 0
177 210 0
210 179 0
210 323 0
210 458 0
181 645 0
645 734 0
645 795 0
182 336 0
336 408 0
336 467 0
336 760 0
183 558 0
558 443 0
558 719 0
186 360 0
360 598 0
360 775 0
360 856 0
189 581 0
581 474 0
581 767 0
581 847 0
192 487 0
487 392 0
487 496 0
487 510 0
487 600 0
293 227 0
293 323 0
196 240 0
240 312 0
240 706 0
198 356 0
356 467 0
356 555 0
356 580 0
201 266 0
201 415 0
201 680 0
201 833 0
202 219 0
219 515 0
219 892 0
204 235 0
235 310 0
235 632 0
205 681 0
681 610 0
681 830 0
206 829 0
829 579 0
209 258 0
209 434 0
209 438 0
209 485 0
209 731 0
214 820 0
820 798 0
217 882 0
882 402 0
882 447 0
882 606 0
220 476 0
476 419 0
476 227 0
476 469 0
221 378 0
378 315 0
378 606 0
378 631 0
472 736 0
472 468 0
226 480 0
226 628 0
480 307 0
480 490 0
480 639 0
227 260 0
227 529 0
260 608 0
260 722 0
260 730 0
229 254 0
254 314 0
254 871 0
254 894 0
231 398 0
398 455 0
398 710 0
232 570 0
570 309 0
570 724 0
233 346 0
233 354 0
233 621 0
233 835 0
644 590 0
236 810 0
810 530 0
810 701 0
238 372 0
372 732 0
372 844 0
239 426 0
426 302 0
426 512 0
426 622 0
242 599 0
242 674 0
242 707 0
245 624 0
245 688 0
245 868 0
246 347 0
246 568 0
246 804 0
247 376 0
376 442 0
376 525 0
376 358 0
376 853 0
249 791 0
791 252 0
791 437 0
251 324 0
324 450 0
324 595 0
324 600 0
314 479 0
314 806 0
257 629 0
629 430 0
629 554 0
629 754 0
259 261 0
261 303 0
261 891 0
261 898 0
262 653 0
653 544 0
653 593 0
263 669 0
669 290 0
669 800 0
264 543 0
264 781 0
264 824 0
267 693 0
693 353 0
693 889 0
693 775 0
270 301 0
270 586 0
270 696 0
270 735 0
301 623 0
271 793 0
793 343 0
793 414 0
793 433 0
273 468 0
468 391 0
468 665 0
485 794 0
279 417 0
279 514 0
279 703 0
279 721 0
417 594 0
417 736 0
285 813 0
813 688 0
813 777 0
286 552 0
286 564 0
286 750 0
287 594 0
594 420 0
594 814 0
289 689 0
689 483 0
689 587 0
292 348 0
348 429 0
348 436 0
295 759 0
759 364 0
759 546 0
296 675 0
675 491 0
675 548 0
675 742 0
675 833 0
502 806 0
299 479 0
479 317 0
479 679 0
623 422 0
623 575 0
623 604 0
623 656 0
305 542 0
542 433 0
542 444 0
542 784 0
306 362 0
362 358 0
362 385 0
806 350 0
545 322 0
545 404 0
545 496 0
321 573 0
321 682 0
321 785 0
327 374 0
374 418 0
374 720 0
328 532 0
532 338 0
532 635 0
532 864 0
329 493 0
493 467 0
493 551 0
493 740 0
330 333 0
333 649 0
332 569 0
569 466 0
569 606 0
569 896 0
649 410 0
649 583 0
649 600 0
334 529 0
529 375 0
529 709 0
339 507 0
507 486 0
507 765 0
371 790 0
371 814 0
371 893 0
349 770 0
770 494 0
770 600 0
770 667 0
350 357 0
350 739 0
357 541 0
739 446 0
739 789 0
355 825 0
825 535 0
814 620 0
373 513 0
513 423 0
513 520 0
513 888 0
477 462 0
477 789 0
384 873 0
873 698 0
397 794 0
794 752 0
794 776 0
539 446 0
539 690 0
407 602 0
602 572 0
602 637 0
412 445 0
412 643 0
412 699 0
427 743 0
743 714 0
743 656 0
743 835 0
433 657 0
433 786 0
657 792 0
657 847 0
786 526 0
786 533 0
786 796 0
435 636 0
636 462 0
636 687 0
636 811 0
448 620 0
620 449 0
620 597 0
451 596 0
596 697 0
596 842 0
457 460 0
460 583 0
460 640 0
460 884 0
470 512 0
470 584 0
470 879 0
512 761 0
471 801 0
801 683 0
801 867 0
482 899 0
899 517 0
899 781 0
492 692 0
692 528 0
692 768 0
505 577 0
577 662 0
577 805 0
577 895 0
673 789 0
673 833 0
761 606 0
516 656 0
516 797 0
797 816 0
549 562 0
549 738 0
549 883 0
553 628 0
628 618 0
628 685 0
590 816 0
590 835 0
600 637 0
637 688 0
611 688 0
611 853 0
630 773 0
630 863 0
630 874 0
726 872 0
872 758 0
872 771 0
742 885 0
853 861 0
