755 799 0
1 283 0
283 226 0
283 549 0
2 692 0
692 348 0
692 281 0
3 280 0
3 312 0
3 315 0
3 326 0
3 767 0
280 134 0
312 437 0
312 693 0
312 793 0
4 289 0
289 9 0
289 106 0
289 62 0
289 752 0
5 111 0
111 299 0
111 506 0
111 735 0
6 24 0
6 80 0
6 109 0
6 164 0
6 595 0
6 613 0
80 39 0
109 162 0
109 434 0
164 179 0
164 391 0
164 430 0
7 232 0
7 311 0
7 456 0
7 616 0
7 727 0
232 172 0
232 35 0
232 528 0
8 362 0
8 438 0
8 547 0
8 548 0
8 625 0
438 404 0
547 412 0
9 284 0
9 436 0
9 714 0
9 749 0
284 150 0
284 167 0
284 783 0
436 88 0
436 186 0
10 644 0
644 412 0
644 689 0
644 187 0
11 81 0
11 148 0
81 161 0
81 367 0
81 421 0
81 486 0
81 698 0
12 254 0
254 118 0
13 690 0
690 87 0
690 26 0
690 267 0
14 30 0
14 124 0
14 433 0
124 187 0
124 393 0
124 437 0
15 176 0
15 245 0
15 536 0
176 160 0
176 199 0
176 558 0
245 155 0
245 502 0
245 204 0
245 649 0
16 59 0
16 153 0
16 345 0
16 411 0
59 125 0
59 261 0
59 532 0
59 695 0
59 792 0
153 58 0
153 274 0
153 241 0
153 780 0
345 236 0
345 374 0
345 499 0
17 35 0
35 75 0
35 136 0
35 192 0
35 694 0
18 442 0
442 102 0
442 557 0
19 774 0
774 134 0
20 646 0
646 719 0
21 545 0
545 98 0
22 33 0
33 158 0
33 246 0
33 448 0
23 71 0
23 380 0
23 381 0
23 469 0
25 243 0
243 168 0
243 236 0
243 370 0
243 395 0
243 449 0
243 551 0
26 473 0
26 493 0
473 43 0
473 304 0
473 307 0
493 589 0
493 392 0
493 193 0
493 397 0
27 360 0
360 170 0
360 286 0
360 760 0
28 100 0
28 224 0
28 430 0
100 31 0
100 221 0
100 627 0
224 249 0
224 689 0
29 198 0
29 325 0
29 387 0
29 798 0
32 332 0
32 381 0
32 420 0
32 507 0
381 617 0
381 200 0
158 88 0
158 425 0
34 300 0
34 392 0
34 479 0
34 505 0
34 704 0
392 464 0
392 138 0
479 38 0
136 183 0
192 441 0
36 747 0
747 79 0
747 95 0
37 406 0
37 424 0
37 799 0
406 125 0
406 688 0
406 58 0
406 278 0
38 291 0
38 653 0
38 721 0
38 770 0
39 169 0
39 271 0
39 598 0
39 611 0
169 240 0
169 369 0
271 151 0
271 356 0
40 455 0
455 47 0
455 212 0
41 63 0
41 93 0
41 490 0
41 494 0
41 654 0
93 294 0
93 533 0
42 99 0
99 340 0
99 370 0
99 773 0
43 528 0
44 122 0
44 321 0
44 346 0
44 424 0
44 584 0
122 417 0
122 605 0
122 130 0
321 418 0
321 629 0
346 440 0
346 607 0
346 765 0
346 558 0
45 287 0
287 260 0
287 642 0
287 740 0
287 356 0
46 130 0
130 86 0
130 194 0
48 251 0
251 105 0
251 146 0
251 353 0
251 633 0
49 296 0
296 447 0
296 564 0
296 770 0
50 356 0
50 524 0
50 739 0
50 742 0
50 790 0
51 744 0
744 237 0
52 305 0
52 486 0
52 583 0
52 588 0
486 294 0
53 411 0
411 273 0
411 408 0
54 123 0
54 165 0
54 229 0
54 631 0
55 750 0
750 485 0
750 541 0
56 766 0
766 97 0
766 664 0
766 695 0
57 463 0
463 201 0
463 247 0
463 770 0
125 272 0
125 391 0
125 600 0
125 691 0
261 410 0
261 105 0
261 550 0
532 215 0
60 138 0
138 319 0
138 713 0
61 334 0
61 528 0
61 575 0
61 758 0
61 799 0
334 573 0
334 775 0
334 336 0
528 427 0
575 482 0
575 248 0
62 193 0
193 152 0
193 290 0
64 151 0
64 200 0
64 347 0
64 361 0
64 611 0
64 727 0
151 726 0
200 278 0
200 344 0
347 715 0
347 728 0
347 302 0
347 800 0
361 141 0
361 308 0
361 373 0
361 460 0
65 737 0
737 677 0
66 76 0
66 421 0
66 656 0
66 691 0
421 214 0
67 211 0
67 238 0
67 553 0
67 762 0
211 137 0
211 384 0
211 579 0
238 88 0
238 426 0
68 148 0
148 260 0
148 277 0
69 487 0
487 591 0
487 662 0
487 135 0
487 372 0
487 204 0
70 383 0
70 585 0
70 638 0
70 782 0
70 785 0
585 354 0
585 219 0
638 191 0
638 293 0
638 521 0
72 309 0
72 714 0
72 494 0
309 440 0
309 659 0
73 220 0
73 320 0
73 563 0
73 615 0
74 430 0
430 506 0
430 561 0
77 648 0
648 288 0
648 681 0
78 317 0
317 558 0
317 632 0
79 762 0
79 775 0
82 306 0
306 504 0
306 717 0
83 789 0
789 139 0
84 422 0
84 426 0
84 639 0
84 640 0
84 645 0
426 450 0
639 279 0
85 204 0
85 231 0
85 359 0
85 760 0
88 365 0
88 749 0
88 799 0
365 134 0
365 412 0
365 203 0
365 260 0
749 323 0
89 140 0
89 246 0
89 511 0
89 731 0
89 772 0
246 131 0
246 369 0
246 761 0
511 262 0
90 415 0
90 427 0
90 693 0
415 119 0
415 399 0
91 661 0
661 303 0
661 457 0
92 680 0
680 670 0
294 223 0
294 589 0
94 375 0
375 132 0
375 416 0
375 391 0
96 290 0
290 264 0
290 276 0
290 468 0
290 584 0
101 614 0
614 435 0
102 621 0
102 627 0
103 262 0
262 282 0
262 412 0
262 609 0
262 652 0
262 641 0
104 687 0
687 227 0
105 474 0
107 185 0
107 230 0
107 399 0
108 270 0
270 344 0
270 573 0
270 751 0
162 310 0
162 399 0
162 768 0
162 424 0
110 608 0
608 562 0
608 603 0
608 116 0
608 119 0
608 135 0
112 459 0
459 116 0
459 342 0
113 393 0
393 389 0
393 700 0
114 285 0
114 316 0
114 336 0
114 363 0
114 552 0
285 216 0
336 297 0
115 404 0
404 266 0
404 567 0
404 310 0
404 449 0
116 191 0
116 279 0
116 738 0
191 424 0
191 494 0
191 756 0
279 209 0
117 612 0
612 126 0
612 207 0
612 534 0
119 675 0
120 343 0
120 364 0
120 560 0
120 427 0
121 743 0
743 597 0
743 268 0
605 213 0
605 405 0
605 757 0
272 522 0
272 627 0
127 209 0
127 236 0
209 182 0
209 413 0
209 615 0
128 131 0
131 542 0
131 594 0
129 788 0
788 559 0
788 658 0
133 624 0
624 431 0
624 460 0
624 676 0
134 241 0
134 390 0
241 675 0
390 401 0
135 335 0
335 441 0
335 518 0
335 635 0
142 297 0
297 414 0
297 496 0
297 432 0
143 725 0
725 619 0
144 526 0
526 378 0
145 263 0
263 205 0
263 724 0
263 768 0
147 409 0
409 314 0
260 183 0
260 432 0
149 434 0
434 188 0
152 181 0
152 625 0
152 633 0
152 727 0
152 796 0
625 352 0
154 440 0
154 453 0
440 163 0
440 168 0
156 443 0
156 655 0
156 756 0
157 174 0
174 539 0
174 581 0
174 641 0
174 675 0
159 659 0
659 394 0
659 560 0
659 416 0
179 368 0
179 489 0
179 759 0
179 539 0
166 587 0
587 574 0
240 602 0
240 667 0
240 707 0
171 705 0
705 689 0
705 779 0
172 446 0
172 497 0
172 660 0
173 699 0
699 197 0
699 494 0
539 758 0
539 175 0
175 449 0
175 466 0
175 678 0
177 295 0
295 207 0
295 259 0
295 527 0
178 313 0
313 186 0
313 253 0
313 354 0
180 352 0
352 190 0
183 302 0
183 641 0
183 782 0
184 629 0
629 590 0
629 748 0
186 210 0
210 218 0
210 396 0
210 419 0
189 425 0
425 665 0
424 604 0
195 508 0
508 344 0
196 329 0
329 350 0
329 366 0
329 570 0
278 235 0
278 369 0
278 476 0
202 239 0
239 370 0
239 611 0
239 711 0
239 771 0
203 318 0
318 501 0
318 538 0
318 795 0
318 798 0
206 249 0
249 386 0
249 790 0
207 529 0
529 366 0
529 589 0
208 464 0
464 328 0
214 248 0
248 503 0
215 341 0
215 475 0
215 580 0
216 358 0
216 366 0
216 397 0
216 722 0
397 339 0
217 500 0
500 506 0
500 620 0
219 233 0
219 372 0
219 509 0
219 530 0
372 369 0
222 225 0
222 676 0
222 746 0
222 794 0
223 550 0
223 758 0
228 626 0
626 327 0
626 540 0
229 235 0
229 550 0
235 298 0
235 546 0
235 689 0
235 754 0
550 478 0
550 797 0
234 244 0
234 355 0
234 407 0
234 754 0
298 793 0
298 369 0
546 445 0
242 445 0
250 521 0
521 301 0
521 492 0
521 268 0
252 323 0
323 412 0
323 753 0
323 778 0
255 668 0
668 481 0
256 617 0
257 423 0
423 427 0
258 453 0
453 429 0
453 682 0
453 695 0
453 755 0
453 781 0
410 416 0
264 577 0
265 734 0
734 331 0
268 324 0
324 376 0
324 482 0
269 522 0
275 607 0
281 339 0
281 437 0
339 525 0
339 697 0
437 688 0
292 738 0
738 371 0
738 544 0
293 451 0
293 495 0
293 514 0
418 439 0
418 452 0
322 569 0
569 330 0
333 621 0
621 565 0
621 669 0
621 779 0
441 510 0
441 515 0
337 403 0
403 488 0
338 708 0
708 776 0
349 762 0
762 377 0
351 693 0
693 755 0
354 770 0
357 647 0
647 402 0
379 765 0
765 484 0
765 736 0
382 577 0
577 471 0
577 643 0
577 710 0
385 480 0
385 627 0
388 510 0
398 769 0
769 718 0
400 427 0
400 685 0
688 536 0
416 515 0
515 578 0
450 483 0
506 536 0
432 793 0
793 791 0
444 714 0
714 663 0
454 610 0
610 516 0
458 519 0
519 703 0
519 716 0
461 720 0
720 470 0
462 709 0
709 555 0
770 758 0
465 474 0
474 684 0
472 498 0
498 543 0
498 786 0
476 533 0
533 584 0
533 679 0
533 787 0
477 761 0
491 630 0
630 691 0
513 627 0
536 643 0
553 599 0
553 623 0
553 763 0
560 754 0
571 637 0
571 666 0
600 740 0
606 650 0
650 686 0
634 701 0
634 777 0
