942 999 0
1 48 0
1 311 0
1 367 0
1 530 0
1 715 0
1 838 0
48 5 0
48 203 0
48 692 0
367 185 0
367 757 0
2 651 0
651 238 0
3 119 0
3 128 0
3 513 0
3 618 0
3 711 0
119 233 0
119 363 0
128 4 0
128 162 0
128 523 0
513 228 0
513 850 0
4 68 0
4 92 0
4 224 0
4 310 0
4 563 0
4 624 0
4 728 0
68 721 0
92 222 0
92 232 0
224 211 0
224 687 0
224 750 0
224 825 0
224 187 0
310 454 0
310 498 0
563 53 0
5 63 0
5 251 0
5 265 0
5 321 0
63 157 0
63 734 0
251 423 0
251 427 0
251 639 0
251 663 0
251 784 0
6 75 0
75 663 0
75 201 0
75 832 0
7 57 0
57 115 0
57 686 0
57 843 0
57 906 0
8 10 0
8 289 0
8 847 0
9 958 0
958 786 0
11 782 0
782 51 0
12 32 0
12 156 0
12 436 0
12 679 0
12 721 0
32 24 0
32 375 0
32 700 0
32 985 0
156 241 0
436 17 0
436 350 0
679 450 0
679 46 0
679 612 0
13 481 0
13 925 0
13 940 0
13 949 0
925 983 0
14 171 0
14 201 0
14 265 0
14 431 0
14 755 0
265 27 0
265 195 0
265 407 0
15 774 0
774 277 0
16 857 0
857 196 0
18 853 0
853 760 0
853 817 0
853 987 0
853 247 0
19 665 0
19 777 0
19 818 0
19 897 0
20 39 0
20 113 0
20 444 0
20 814 0
39 308 0
39 315 0
39 394 0
39 543 0
113 419 0
113 833 0
113 847 0
113 954 0
21 329 0
329 112 0
329 253 0
329 610 0
22 141 0
22 148 0
22 403 0
22 503 0
22 589 0
141 67 0
141 573 0
403 320 0
403 429 0
23 195 0
195 476 0
195 559 0
25 283 0
25 498 0
283 38 0
283 134 0
283 629 0
283 936 0
26 556 0
556 107 0
556 643 0
27 360 0
27 664 0
360 837 0
360 938 0
360 552 0
360 448 0
28 203 0
28 240 0
28 276 0
28 900 0
28 953 0
240 316 0
240 704 0
240 974 0
276 219 0
276 658 0
29 690 0
690 58 0
690 763 0
30 888 0
888 40 0
31 123 0
31 426 0
31 585 0
31 963 0
31 964 0
426 371 0
426 461 0
426 825 0
426 401 0
585 105 0
375 242 0
375 673 0
33 490 0
33 637 0
33 653 0
33 749 0
490 101 0
490 400 0
490 425 0
34 407 0
34 685 0
34 896 0
407 95 0
407 757 0
407 401 0
407 763 0
35 406 0
406 239 0
406 405 0
406 808 0
36 357 0
357 94 0
357 181 0
357 775 0
37 293 0
293 85 0
293 122 0
293 726 0
38 193 0
38 438 0
38 790 0
193 151 0
193 277 0
394 169 0
41 198 0
198 300 0
198 421 0
42 253 0
42 539 0
42 673 0
42 788 0
253 361 0
539 69 0
539 326 0
539 475 0
43 386 0
386 459 0
386 748 0
44 370 0
370 71 0
370 410 0
370 937 0
370 305 0
45 620 0
620 411 0
620 458 0
46 319 0
46 416 0
319 306 0
319 408 0
319 455 0
319 457 0
416 164 0
416 476 0
416 753 0
416 924 0
47 460 0
460 227 0
460 372 0
49 337 0
49 876 0
49 974 0
337 210 0
337 776 0
337 788 0
337 821 0
50 111 0
111 343 0
111 462 0
111 948 0
52 291 0
52 702 0
52 732 0
291 62 0
291 608 0
291 614 0
53 485 0
53 707 0
53 819 0
485 873 0
485 926 0
54 681 0
681 266 0
681 107 0
681 728 0
55 180 0
55 896 0
180 228 0
180 250 0
56 88 0
88 110 0
88 536 0
88 554 0
115 105 0
115 127 0
686 397 0
686 259 0
686 451 0
58 900 0
58 997 0
59 878 0
878 714 0
60 739 0
739 831 0
61 234 0
61 299 0
61 488 0
61 645 0
234 522 0
234 829 0
64 672 0
672 254 0
672 459 0
672 465 0
65 131 0
65 202 0
65 390 0
65 652 0
65 970 0
131 565 0
131 896 0
390 172 0
390 295 0
390 480 0
390 512 0
66 433 0
433 125 0
433 369 0
433 604 0
433 763 0
433 702 0
67 98 0
67 535 0
67 544 0
67 808 0
98 321 0
69 197 0
69 287 0
197 864 0
197 668 0
197 983 0
70 120 0
70 158 0
70 707 0
70 984 0
72 493 0
493 107 0
493 152 0
73 894 0
894 393 0
894 76 0
894 452 0
894 267 0
74 580 0
580 109 0
580 174 0
580 875 0
663 525 0
76 189 0
76 356 0
76 697 0
189 410 0
189 599 0
356 317 0
356 642 0
356 758 0
77 378 0
378 214 0
378 488 0
378 90 0
378 683 0
78 441 0
78 536 0
78 552 0
78 919 0
78 935 0
536 169 0
536 316 0
79 913 0
913 561 0
913 780 0
80 930 0
930 307 0
930 192 0
930 801 0
81 491 0
491 188 0
82 438 0
438 590 0
438 962 0
83 836 0
836 737 0
836 414 0
836 811 0
84 273 0
273 424 0
273 521 0
273 579 0
85 479 0
85 695 0
479 206 0
479 229 0
479 449 0
86 185 0
86 307 0
86 439 0
185 248 0
185 517 0
185 522 0
307 591 0
307 920 0
307 996 0
87 511 0
87 537 0
87 664 0
87 812 0
89 355 0
355 447 0
355 384 0
90 241 0
241 250 0
241 806 0
91 517 0
517 330 0
222 305 0
222 508 0
222 602 0
222 778 0
93 983 0
983 139 0
983 476 0
96 398 0
398 182 0
398 573 0
398 795 0
398 587 0
97 467 0
467 418 0
467 676 0
467 907 0
99 451 0
451 442 0
451 885 0
451 447 0
100 117 0
117 102 0
117 572 0
117 587 0
101 177 0
101 179 0
101 765 0
101 961 0
179 126 0
179 210 0
179 247 0
103 667 0
103 741 0
103 760 0
103 769 0
104 144 0
104 246 0
104 691 0
144 191 0
144 868 0
105 443 0
105 615 0
106 464 0
106 550 0
106 800 0
106 928 0
108 628 0
628 518 0
628 866 0
628 212 0
628 953 0
343 422 0
343 316 0
419 288 0
419 425 0
419 851 0
419 974 0
833 461 0
833 565 0
114 225 0
114 313 0
114 548 0
114 612 0
116 646 0
116 879 0
116 911 0
116 957 0
116 996 0
646 322 0
646 412 0
646 414 0
879 509 0
879 693 0
879 981 0
118 599 0
599 147 0
599 409 0
121 506 0
506 514 0
506 528 0
506 449 0
506 728 0
124 137 0
124 303 0
124 348 0
124 808 0
126 342 0
126 374 0
127 484 0
127 668 0
127 733 0
484 256 0
484 684 0
129 697 0
697 362 0
697 499 0
130 874 0
874 292 0
874 385 0
874 457 0
874 427 0
132 268 0
268 501 0
268 818 0
133 658 0
658 950 0
658 990 0
135 854 0
854 233 0
854 309 0
854 531 0
136 395 0
136 605 0
136 661 0
136 715 0
136 764 0
138 162 0
138 388 0
138 581 0
138 845 0
138 998 0
162 603 0
140 734 0
734 166 0
734 804 0
734 385 0
142 636 0
142 887 0
142 922 0
636 521 0
636 756 0
636 768 0
143 841 0
841 722 0
841 730 0
191 262 0
191 365 0
191 785 0
145 160 0
145 453 0
145 695 0
145 759 0
160 210 0
160 296 0
453 371 0
453 415 0
453 468 0
146 298 0
146 586 0
146 805 0
146 892 0
586 598 0
149 302 0
149 351 0
149 634 0
149 979 0
302 704 0
302 891 0
150 997 0
997 934 0
151 815 0
151 830 0
151 887 0
815 500 0
815 244 0
815 505 0
153 825 0
825 893 0
154 773 0
773 600 0
155 364 0
155 547 0
155 692 0
155 787 0
364 159 0
364 305 0
364 233 0
157 334 0
157 392 0
334 538 0
334 868 0
210 187 0
161 916 0
916 542 0
916 612 0
163 917 0
917 186 0
165 837 0
167 242 0
242 472 0
168 555 0
555 263 0
555 446 0
555 611 0
169 474 0
169 633 0
170 331 0
331 327 0
331 986 0
331 664 0
172 492 0
172 845 0
172 863 0
492 486 0
173 627 0
627 680 0
627 828 0
174 523 0
174 546 0
174 849 0
523 295 0
546 233 0
546 439 0
175 790 0
790 413 0
790 400 0
176 297 0
176 323 0
176 380 0
176 965 0
178 259 0
259 258 0
228 549 0
228 574 0
228 738 0
228 757 0
228 898 0
183 901 0
901 900 0
184 212 0
184 401 0
184 502 0
184 632 0
248 285 0
248 617 0
248 731 0
187 199 0
187 516 0
410 192 0
410 498 0
410 943 0
190 629 0
190 715 0
190 937 0
190 944 0
190 991 0
192 996 0
194 938 0
864 368 0
864 488 0
200 551 0
551 760 0
551 793 0
204 787 0
787 562 0
787 988 0
205 886 0
886 277 0
207 858 0
858 376 0
858 373 0
858 545 0
208 448 0
448 304 0
448 333 0
209 219 0
219 568 0
219 597 0
219 701 0
211 482 0
211 583 0
211 945 0
211 996 0
482 626 0
482 699 0
213 444 0
444 696 0
444 842 0
444 226 0
215 522 0
522 338 0
216 717 0
717 335 0
217 670 0
217 770 0
217 794 0
217 845 0
218 497 0
218 623 0
218 673 0
218 727 0
220 908 0
908 221 0
223 429 0
429 560 0
429 783 0
687 592 0
226 230 0
226 928 0
230 664 0
230 807 0
230 848 0
230 866 0
549 277 0
231 751 0
751 325 0
232 264 0
232 510 0
232 909 0
233 456 0
233 641 0
456 350 0
456 411 0
641 314 0
641 796 0
235 498 0
498 927 0
236 923 0
923 382 0
237 830 0
830 713 0
830 839 0
316 244 0
316 250 0
250 584 0
250 692 0
243 720 0
720 673 0
244 707 0
245 891 0
891 708 0
891 762 0
247 486 0
486 418 0
486 725 0
486 933 0
249 326 0
249 381 0
326 387 0
326 428 0
326 533 0
584 463 0
427 461 0
252 496 0
496 402 0
361 434 0
361 630 0
361 278 0
361 919 0
255 565 0
565 282 0
565 942 0
256 450 0
256 921 0
450 759 0
257 383 0
257 489 0
257 647 0
257 819 0
260 321 0
321 354 0
321 384 0
261 461 0
461 573 0
461 905 0
263 278 0
263 449 0
263 603 0
263 821 0
603 396 0
603 466 0
267 269 0
267 845 0
269 352 0
269 455 0
269 847 0
269 856 0
270 512 0
512 324 0
512 435 0
271 280 0
280 379 0
280 725 0
280 941 0
272 404 0
272 527 0
272 587 0
272 840 0
274 662 0
662 673 0
275 850 0
850 635 0
277 495 0
279 915 0
915 353 0
281 294 0
294 417 0
294 729 0
294 919 0
294 933 0
284 692 0
692 344 0
286 318 0
318 391 0
318 577 0
318 707 0
318 826 0
288 541 0
290 363 0
363 678 0
363 707 0
363 918 0
296 452 0
296 541 0
296 616 0
296 745 0
296 912 0
452 704 0
541 569 0
541 759 0
301 480 0
480 593 0
480 761 0
704 385 0
704 587 0
591 469 0
591 478 0
591 716 0
312 420 0
420 414 0
420 914 0
420 995 0
707 918 0
320 384 0
384 381 0
328 698 0
698 385 0
332 613 0
613 477 0
613 682 0
333 521 0
333 974 0
521 759 0
538 430 0
538 596 0
336 803 0
803 494 0
776 397 0
339 884 0
884 967 0
340 992 0
992 705 0
992 863 0
341 922 0
922 802 0
922 855 0
422 621 0
422 784 0
422 969 0
345 872 0
872 359 0
872 411 0
346 454 0
454 380 0
454 648 0
454 954 0
454 996 0
347 437 0
437 507 0
437 526 0
349 926 0
926 674 0
926 371 0
358 685 0
685 660 0
685 725 0
685 939 0
685 624 0
366 575 0
575 558 0
371 866 0
373 695 0
373 732 0
695 816 0
377 844 0
844 566 0
488 865 0
380 868 0
868 788 0
381 644 0
381 743 0
381 820 0
459 821 0
389 475 0
475 440 0
475 650 0
397 666 0
397 808 0
399 595 0
595 411 0
400 928 0
757 760 0
414 759 0
418 896 0
425 604 0
604 980 0
432 677 0
677 826 0
677 910 0
677 971 0
439 699 0
439 876 0
439 918 0
445 598 0
598 457 0
598 827 0
821 928 0
470 735 0
735 860 0
471 718 0
718 816 0
473 931 0
931 504 0
626 619 0
626 772 0
483 896 0
896 520 0
896 649 0
873 638 0
515 624 0
515 702 0
515 877 0
702 569 0
519 823 0
823 688 0
524 601 0
601 791 0
532 845 0
534 972 0
972 570 0
760 792 0
760 794 0
643 721 0
643 851 0
557 656 0
656 612 0
564 571 0
571 657 0
567 694 0
567 703 0
578 622 0
622 659 0
582 713 0
713 754 0
592 654 0
592 712 0
607 880 0
880 689 0
609 999 0
999 669 0
999 781 0
866 719 0
631 829 0
829 834 0
640 814 0
814 744 0
684 809 0
684 824 0
684 846 0
816 740 0
709 835 0
835 797 0
719 788 0
728 899 0
742 977 0
977 813 0
792 775 0
767 810 0
767 818 0
767 871 0
779 887 0
887 976 0
799 849 0
849 822 0
808 994 0
955 996 0
