884 899 0
1 763 0
763 51 0
763 617 0
763 60 0
2 134 0
2 362 0
2 439 0
2 605 0
2 646 0
134 45 0
134 259 0
134 519 0
362 623 0
362 749 0
439 412 0
439 501 0
439 629 0
3 69 0
69 211 0
69 429 0
69 476 0
4 224 0
224 99 0
224 284 0
224 499 0
5 150 0
5 269 0
5 287 0
5 733 0
150 112 0
150 326 0
150 409 0
269 204 0
269 807 0
269 26 0
6 273 0
273 737 0
273 791 0
273 857 0
7 106 0
7 238 0
7 479 0
106 287 0
106 459 0
106 482 0
106 600 0
8 864 0
864 596 0
864 382 0
864 765 0
9 534 0
534 734 0
534 815 0
534 841 0
10 128 0
10 219 0
10 405 0
10 421 0
10 816 0
128 203 0
128 869 0
128 215 0
219 359 0
219 568 0
219 144 0
405 716 0
405 769 0
421 233 0
421 696 0
421 767 0
421 378 0
421 875 0
11 504 0
504 57 0
504 631 0
504 284 0
12 303 0
303 230 0
303 685 0
303 733 0
13 14 0
14 383 0
14 396 0
15 893 0
893 35 0
893 338 0
893 476 0
16 61 0
16 63 0
16 104 0
16 530 0
63 30 0
63 206 0
63 635 0
17 469 0
469 423 0
469 544 0
469 660 0
469 580 0
18 58 0
58 56 0
58 339 0
58 608 0
19 299 0
19 364 0
19 697 0
299 77 0
299 527 0
299 826 0
364 74 0
364 476 0
20 638 0
638 102 0
638 199 0
638 154 0
21 266 0
21 488 0
21 633 0
21 653 0
488 798 0
488 869 0
488 161 0
488 561 0
22 112 0
112 218 0
112 723 0
23 550 0
550 139 0
550 487 0
550 787 0
24 307 0
307 70 0
307 518 0
307 654 0
307 703 0
25 606 0
606 184 0
606 203 0
606 289 0
26 41 0
26 94 0
26 249 0
26 430 0
41 323 0
41 343 0
41 597 0
41 900 0
94 491 0
94 587 0
94 852 0
27 613 0
613 262 0
613 622 0
613 625 0
28 238 0
28 401 0
238 223 0
238 248 0
238 367 0
238 478 0
238 692 0
238 892 0
238 247 0
29 635 0
635 416 0
635 894 0
30 247 0
30 293 0
30 304 0
247 109 0
31 341 0
341 194 0
341 376 0
341 672 0
341 818 0
32 360 0
32 528 0
32 531 0
32 599 0
32 740 0
528 792 0
528 479 0
531 590 0
531 263 0
33 572 0
33 580 0
33 649 0
33 675 0
580 291 0
580 834 0
580 384 0
34 428 0
428 287 0
428 549 0
428 604 0
36 98 0
36 122 0
36 313 0
36 321 0
37 374 0
37 686 0
37 836 0
374 265 0
374 475 0
374 637 0
374 866 0
38 764 0
764 198 0
39 359 0
359 433 0
359 731 0
40 144 0
40 235 0
40 300 0
40 708 0
144 487 0
235 255 0
235 627 0
323 516 0
323 615 0
323 790 0
343 65 0
343 87 0
343 297 0
343 391 0
42 199 0
42 204 0
42 215 0
42 753 0
204 680 0
204 712 0
43 254 0
43 417 0
43 620 0
43 824 0
417 363 0
417 876 0
417 773 0
44 310 0
310 564 0
310 676 0
46 163 0
163 346 0
163 395 0
163 703 0
47 849 0
849 721 0
48 140 0
48 833 0
48 844 0
48 851 0
49 186 0
49 282 0
49 352 0
49 769 0
50 717 0
717 270 0
717 510 0
52 368 0
368 67 0
368 403 0
53 161 0
161 114 0
161 252 0
161 654 0
54 355 0
54 442 0
355 151 0
355 702 0
355 735 0
355 814 0
55 250 0
55 327 0
55 408 0
55 630 0
55 748 0
55 872 0
250 608 0
250 683 0
250 857 0
327 503 0
327 515 0
408 318 0
408 626 0
408 867 0
630 111 0
630 406 0
630 839 0
59 183 0
59 272 0
59 472 0
59 659 0
183 100 0
183 264 0
183 836 0
60 351 0
60 375 0
60 665 0
351 229 0
351 602 0
351 780 0
375 118 0
375 160 0
375 446 0
62 290 0
62 683 0
62 729 0
62 871 0
290 312 0
290 349 0
290 792 0
683 206 0
683 753 0
683 116 0
64 756 0
756 166 0
756 495 0
66 175 0
66 208 0
66 353 0
66 842 0
68 738 0
738 679 0
738 422 0
738 709 0
71 189 0
189 74 0
189 131 0
189 533 0
72 129 0
129 246 0
129 624 0
129 701 0
73 177 0
73 227 0
73 548 0
73 838 0
74 612 0
75 535 0
535 203 0
535 220 0
535 521 0
76 852 0
852 722 0
852 782 0
78 789 0
789 353 0
789 514 0
79 785 0
785 316 0
785 513 0
785 610 0
80 656 0
656 305 0
656 607 0
81 197 0
197 154 0
197 319 0
197 448 0
82 108 0
82 121 0
82 321 0
82 389 0
83 404 0
83 425 0
83 628 0
83 729 0
84 263 0
263 345 0
263 895 0
85 216 0
85 400 0
85 449 0
85 899 0
86 264 0
264 130 0
264 159 0
88 232 0
88 295 0
88 361 0
88 485 0
88 567 0
232 463 0
232 861 0
295 503 0
295 344 0
295 674 0
89 874 0
874 434 0
874 316 0
874 207 0
90 181 0
181 253 0
181 594 0
181 661 0
91 382 0
91 659 0
91 712 0
91 718 0
382 557 0
382 350 0
659 490 0
659 728 0
92 234 0
92 246 0
92 447 0
92 579 0
246 329 0
93 349 0
349 308 0
349 335 0
491 279 0
491 810 0
491 654 0
587 152 0
587 153 0
587 616 0
95 231 0
231 248 0
231 347 0
231 688 0
96 240 0
240 143 0
240 430 0
240 743 0
240 732 0
97 291 0
291 126 0
291 714 0
291 726 0
100 320 0
100 627 0
101 805 0
805 239 0
805 609 0
103 500 0
500 369 0
500 248 0
500 419 0
105 276 0
276 757 0
276 241 0
287 644 0
107 569 0
569 440 0
569 720 0
109 311 0
109 422 0
109 473 0
109 498 0
109 541 0
422 334 0
422 329 0
473 444 0
110 243 0
243 328 0
243 702 0
243 830 0
113 875 0
875 190 0
875 517 0
115 196 0
196 348 0
196 658 0
196 860 0
116 156 0
116 647 0
156 132 0
156 241 0
156 732 0
156 769 0
117 505 0
505 127 0
505 377 0
119 280 0
280 171 0
280 465 0
280 813 0
120 350 0
350 138 0
350 381 0
123 255 0
123 329 0
123 560 0
255 471 0
329 348 0
124 597 0
597 474 0
125 697 0
697 414 0
697 553 0
131 503 0
131 614 0
503 162 0
503 354 0
503 529 0
133 880 0
880 420 0
880 512 0
880 475 0
135 509 0
509 333 0
509 538 0
136 850 0
850 288 0
137 436 0
436 558 0
436 625 0
436 719 0
436 882 0
141 848 0
848 398 0
848 427 0
848 487 0
142 715 0
715 566 0
715 523 0
715 754 0
145 612 0
612 393 0
612 445 0
146 767 0
767 732 0
147 409 0
409 563 0
409 618 0
148 418 0
148 430 0
148 739 0
148 888 0
430 526 0
149 801 0
801 551 0
801 734 0
154 560 0
154 571 0
560 475 0
560 769 0
155 777 0
777 225 0
777 545 0
157 565 0
565 542 0
565 236 0
565 636 0
158 762 0
762 294 0
762 370 0
164 835 0
835 702 0
165 169 0
165 705 0
165 828 0
165 831 0
167 809 0
809 298 0
168 526 0
526 464 0
526 845 0
170 185 0
170 283 0
170 372 0
170 543 0
185 426 0
185 451 0
185 793 0
283 487 0
283 493 0
372 217 0
372 758 0
372 779 0
172 173 0
172 340 0
172 384 0
172 677 0
172 816 0
384 603 0
174 444 0
444 619 0
444 820 0
176 357 0
357 399 0
357 493 0
357 511 0
357 558 0
178 577 0
577 268 0
577 784 0
577 548 0
179 561 0
561 214 0
561 342 0
180 792 0
792 207 0
792 458 0
253 206 0
253 413 0
253 725 0
182 811 0
811 710 0
187 645 0
645 277 0
645 391 0
645 799 0
188 296 0
188 337 0
188 581 0
188 769 0
188 817 0
191 306 0
306 353 0
306 690 0
306 778 0
192 193 0
193 453 0
193 608 0
193 891 0
194 773 0
195 634 0
634 547 0
634 611 0
348 669 0
348 700 0
200 803 0
803 222 0
803 522 0
201 242 0
201 301 0
201 625 0
201 775 0
242 344 0
242 457 0
301 226 0
301 585 0
202 716 0
716 415 0
716 236 0
205 455 0
455 751 0
455 752 0
207 857 0
209 603 0
603 889 0
603 899 0
210 271 0
210 489 0
210 641 0
212 467 0
467 450 0
467 733 0
467 853 0
213 470 0
470 691 0
470 786 0
215 506 0
215 646 0
506 236 0
506 831 0
506 248 0
646 321 0
646 703 0
568 315 0
568 483 0
568 668 0
221 233 0
233 432 0
233 689 0
226 392 0
226 492 0
226 847 0
228 437 0
437 524 0
437 724 0
437 899 0
236 484 0
484 325 0
484 536 0
484 539 0
237 571 0
571 559 0
571 664 0
692 836 0
692 674 0
344 284 0
344 353 0
244 309 0
309 476 0
309 682 0
309 832 0
245 324 0
324 761 0
324 851 0
324 858 0
251 267 0
251 479 0
267 321 0
267 402 0
267 797 0
256 515 0
515 548 0
515 556 0
257 274 0
257 706 0
257 718 0
257 730 0
258 480 0
480 493 0
480 699 0
480 727 0
260 314 0
314 284 0
314 671 0
314 678 0
261 700 0
700 366 0
700 407 0
807 647 0
275 861 0
861 358 0
861 461 0
757 457 0
277 744 0
277 812 0
277 876 0
744 642 0
744 713 0
744 829 0
278 413 0
413 591 0
413 896 0
281 326 0
326 632 0
326 655 0
487 750 0
285 725 0
725 385 0
725 643 0
286 644 0
644 292 0
644 859 0
312 394 0
312 819 0
302 773 0
773 856 0
353 317 0
353 378 0
476 776 0
316 479 0
316 869 0
479 331 0
479 687 0
317 548 0
317 401 0
320 431 0
320 523 0
320 698 0
523 457 0
523 747 0
322 808 0
808 821 0
330 532 0
532 471 0
532 537 0
532 582 0
332 590 0
590 570 0
590 770 0
334 452 0
334 546 0
334 543 0
336 843 0
843 497 0
843 475 0
843 540 0
378 662 0
356 747 0
747 486 0
747 584 0
493 786 0
363 726 0
363 865 0
363 897 0
365 812 0
812 438 0
812 502 0
371 836 0
836 720 0
373 872 0
872 520 0
872 583 0
379 667 0
667 424 0
667 794 0
667 733 0
380 562 0
380 578 0
557 508 0
557 795 0
557 887 0
386 686 0
686 410 0
686 695 0
686 471 0
387 442 0
442 441 0
442 507 0
442 703 0
388 669 0
669 681 0
669 788 0
390 558 0
390 674 0
558 707 0
391 662 0
662 647 0
662 670 0
662 886 0
397 435 0
397 595 0
397 673 0
401 471 0
401 481 0
411 881 0
881 657 0
881 663 0
625 593 0
443 463 0
463 621 0
463 775 0
454 601 0
454 666 0
454 868 0
454 871 0
456 585 0
585 468 0
585 800 0
457 851 0
460 494 0
494 639 0
494 774 0
462 573 0
573 466 0
573 694 0
477 648 0
648 543 0
648 813 0
648 823 0
648 825 0
750 755 0
869 614 0
490 575 0
490 693 0
490 806 0
496 576 0
496 640 0
496 718 0
496 802 0
548 665 0
525 741 0
741 552 0
741 605 0
665 680 0
665 899 0
554 890 0
890 586 0
890 851 0
555 593 0
593 588 0
593 704 0
574 652 0
574 660 0
574 684 0
574 783 0
652 834 0
660 647 0
834 618 0
834 680 0
589 728 0
728 651 0
728 766 0
592 674 0
674 885 0
598 614 0
627 796 0
627 879 0
650 884 0
884 772 0
680 876 0
707 720 0
707 745 0
707 854 0
711 804 0
804 771 0
746 822 0
822 760 0
748 768 0
768 877 0
856 876 0
818 876 0
