758 799 0
1 688 0
688 660 0
2 149 0
2 186 0
2 494 0
2 576 0
149 317 0
149 440 0
3 616 0
616 642 0
4 611 0
611 735 0
5 284 0
5 319 0
5 333 0
5 482 0
5 626 0
5 720 0
284 124 0
284 382 0
284 517 0
284 754 0
319 172 0
319 469 0
319 777 0
333 193 0
482 394 0
6 472 0
6 690 0
472 384 0
472 386 0
472 662 0
472 38 0
472 799 0
7 773 0
773 140 0
773 171 0
8 300 0
8 722 0
8 736 0
8 755 0
9 690 0
690 518 0
10 15 0
10 16 0
10 370 0
10 679 0
15 203 0
15 444 0
15 672 0
11 227 0
11 336 0
11 425 0
11 504 0
11 739 0
425 111 0
425 340 0
425 306 0
12 226 0
226 121 0
226 200 0
226 391 0
13 451 0
451 58 0
451 696 0
14 531 0
531 402 0
531 582 0
203 51 0
203 514 0
203 783 0
17 457 0
457 233 0
457 774 0
457 311 0
457 323 0
18 503 0
503 71 0
503 350 0
503 384 0
19 442 0
19 594 0
19 671 0
19 698 0
19 756 0
20 50 0
20 62 0
20 137 0
20 277 0
20 642 0
62 384 0
21 42 0
21 59 0
21 173 0
21 238 0
21 293 0
59 418 0
59 160 0
173 328 0
173 583 0
173 643 0
22 61 0
61 393 0
61 512 0
61 756 0
23 209 0
23 412 0
23 533 0
23 643 0
209 471 0
209 715 0
209 619 0
412 365 0
24 48 0
24 152 0
24 519 0
24 587 0
24 751 0
48 170 0
48 381 0
25 157 0
157 601 0
157 70 0
157 712 0
26 288 0
288 539 0
288 642 0
288 766 0
27 741 0
741 637 0
28 136 0
136 177 0
136 492 0
136 609 0
29 271 0
29 275 0
29 747 0
271 73 0
271 293 0
30 189 0
30 551 0
30 725 0
30 749 0
189 163 0
189 278 0
31 40 0
31 260 0
31 505 0
40 38 0
40 160 0
260 67 0
260 436 0
260 655 0
32 508 0
508 125 0
508 160 0
33 401 0
401 75 0
34 500 0
500 117 0
500 390 0
35 543 0
543 379 0
36 299 0
36 418 0
299 38 0
299 455 0
299 574 0
37 521 0
521 112 0
521 279 0
38 643 0
39 449 0
449 147 0
449 151 0
41 148 0
41 347 0
41 629 0
41 636 0
41 763 0
629 131 0
629 163 0
43 49 0
43 165 0
43 467 0
43 541 0
44 134 0
134 339 0
134 467 0
134 720 0
134 752 0
45 65 0
45 386 0
45 396 0
45 468 0
45 666 0
45 669 0
65 546 0
65 418 0
386 565 0
386 705 0
386 579 0
468 338 0
468 667 0
468 747 0
46 397 0
397 316 0
47 85 0
47 635 0
47 800 0
85 408 0
85 612 0
85 759 0
52 275 0
275 88 0
275 670 0
275 240 0
53 759 0
759 242 0
759 556 0
759 767 0
54 163 0
163 239 0
163 261 0
55 717 0
717 383 0
717 581 0
56 234 0
56 280 0
56 441 0
56 510 0
234 187 0
234 252 0
280 587 0
280 660 0
280 680 0
441 78 0
441 285 0
441 368 0
441 623 0
57 70 0
57 420 0
57 487 0
57 499 0
70 77 0
70 228 0
420 263 0
420 82 0
420 657 0
58 249 0
58 574 0
249 657 0
60 77 0
77 429 0
77 656 0
63 102 0
102 201 0
102 247 0
102 367 0
64 175 0
64 297 0
64 407 0
64 490 0
64 647 0
175 301 0
175 456 0
175 677 0
297 103 0
297 455 0
297 536 0
297 714 0
407 295 0
407 358 0
407 470 0
66 236 0
236 240 0
236 323 0
236 510 0
236 580 0
236 581 0
236 650 0
68 198 0
198 266 0
198 726 0
198 782 0
69 485 0
69 507 0
69 612 0
485 207 0
485 758 0
485 191 0
507 119 0
507 132 0
72 217 0
72 240 0
72 574 0
72 654 0
72 715 0
217 176 0
217 283 0
240 463 0
574 404 0
574 792 0
74 644 0
644 743 0
76 184 0
76 528 0
76 550 0
184 579 0
184 587 0
184 776 0
184 793 0
184 795 0
79 244 0
244 268 0
244 367 0
244 720 0
80 410 0
410 172 0
81 452 0
452 593 0
452 731 0
82 325 0
82 363 0
82 435 0
363 536 0
83 312 0
312 114 0
312 357 0
312 707 0
312 779 0
84 374 0
84 440 0
84 612 0
374 232 0
374 511 0
374 577 0
374 726 0
408 109 0
612 372 0
612 418 0
612 498 0
612 732 0
612 285 0
86 421 0
421 269 0
421 571 0
87 180 0
180 194 0
180 484 0
180 562 0
180 729 0
89 546 0
546 498 0
546 529 0
90 796 0
796 141 0
796 366 0
91 322 0
91 440 0
91 491 0
322 223 0
322 245 0
322 285 0
440 411 0
440 414 0
92 237 0
237 160 0
237 277 0
237 307 0
237 454 0
93 367 0
93 513 0
93 680 0
93 707 0
367 276 0
367 585 0
513 216 0
513 264 0
513 376 0
94 326 0
326 162 0
326 576 0
326 713 0
326 746 0
95 646 0
646 338 0
646 461 0
646 282 0
646 233 0
96 131 0
131 548 0
131 665 0
97 143 0
97 480 0
97 558 0
97 748 0
480 331 0
480 462 0
98 490 0
490 489 0
490 564 0
99 750 0
750 496 0
100 174 0
174 139 0
174 465 0
101 584 0
584 122 0
584 727 0
103 196 0
103 387 0
103 758 0
196 181 0
196 557 0
196 588 0
196 662 0
196 328 0
196 668 0
104 695 0
695 144 0
695 372 0
105 231 0
105 430 0
105 593 0
105 756 0
231 306 0
231 559 0
430 481 0
106 221 0
221 581 0
221 755 0
221 790 0
107 229 0
107 372 0
107 506 0
107 542 0
107 786 0
229 444 0
372 675 0
108 230 0
108 272 0
108 309 0
108 711 0
108 771 0
272 205 0
272 277 0
110 352 0
352 589 0
352 348 0
352 784 0
111 310 0
111 585 0
113 247 0
113 426 0
113 476 0
113 502 0
113 632 0
115 377 0
377 423 0
377 432 0
377 792 0
116 228 0
228 681 0
228 684 0
228 704 0
118 164 0
164 243 0
164 380 0
164 654 0
120 387 0
120 498 0
120 592 0
120 661 0
120 761 0
387 371 0
498 677 0
121 447 0
121 475 0
121 534 0
121 647 0
447 154 0
447 359 0
447 488 0
475 281 0
475 349 0
534 362 0
123 640 0
640 354 0
126 263 0
263 294 0
263 535 0
263 199 0
263 328 0
127 701 0
701 273 0
128 657 0
657 253 0
657 669 0
129 394 0
394 610 0
130 246 0
130 355 0
130 764 0
130 593 0
548 213 0
133 313 0
313 404 0
313 459 0
467 331 0
467 716 0
467 742 0
135 550 0
550 255 0
550 337 0
138 606 0
606 212 0
606 726 0
142 605 0
605 332 0
145 182 0
182 351 0
182 760 0
182 799 0
146 463 0
463 259 0
463 324 0
150 195 0
195 344 0
195 400 0
195 499 0
153 167 0
153 248 0
153 618 0
153 384 0
167 348 0
167 486 0
167 578 0
167 718 0
248 360 0
248 781 0
155 675 0
675 373 0
675 730 0
156 315 0
156 348 0
156 398 0
156 702 0
348 278 0
158 481 0
481 334 0
159 659 0
659 235 0
659 361 0
160 618 0
618 450 0
618 515 0
161 532 0
532 662 0
166 353 0
353 257 0
353 573 0
168 265 0
168 540 0
168 799 0
168 632 0
169 321 0
321 292 0
321 308 0
170 219 0
170 499 0
170 683 0
172 278 0
172 586 0
172 667 0
278 680 0
586 176 0
586 626 0
583 256 0
176 607 0
176 613 0
176 686 0
176 781 0
178 405 0
405 327 0
179 445 0
445 419 0
445 570 0
194 211 0
194 413 0
194 559 0
194 619 0
194 770 0
183 211 0
211 199 0
211 304 0
211 402 0
211 673 0
579 214 0
185 376 0
376 274 0
376 572 0
188 444 0
444 742 0
444 762 0
190 193 0
193 287 0
193 598 0
191 289 0
191 406 0
191 567 0
192 462 0
413 258 0
559 678 0
559 754 0
588 270 0
197 524 0
524 403 0
199 206 0
206 792 0
206 505 0
202 205 0
202 208 0
202 330 0
205 251 0
205 437 0
208 318 0
208 323 0
208 428 0
208 510 0
204 250 0
204 320 0
204 378 0
207 418 0
207 576 0
207 755 0
418 672 0
323 293 0
323 580 0
210 283 0
210 528 0
210 692 0
283 254 0
283 497 0
283 538 0
283 571 0
528 341 0
528 707 0
213 625 0
213 627 0
213 677 0
214 346 0
214 392 0
214 593 0
214 632 0
214 753 0
215 360 0
360 311 0
360 641 0
216 303 0
216 596 0
216 757 0
218 317 0
317 399 0
317 576 0
317 614 0
220 362 0
362 311 0
362 649 0
222 381 0
381 366 0
381 422 0
381 689 0
224 703 0
703 526 0
703 279 0
703 775 0
225 708 0
708 460 0
306 366 0
306 645 0
233 536 0
580 770 0
277 415 0
277 536 0
241 565 0
565 395 0
258 379 0
258 455 0
258 664 0
258 696 0
258 771 0
379 700 0
455 331 0
262 700 0
700 302 0
700 772 0
264 291 0
264 552 0
264 590 0
267 533 0
533 364 0
533 597 0
270 536 0
270 687 0
270 740 0
536 371 0
276 375 0
276 464 0
276 544 0
680 674 0
279 282 0
279 478 0
282 795 0
478 487 0
281 770 0
286 624 0
624 453 0
290 298 0
290 404 0
290 439 0
290 648 0
296 633 0
296 639 0
296 678 0
296 710 0
305 330 0
330 385 0
366 635 0
314 636 0
314 669 0
636 446 0
636 788 0
576 734 0
329 620 0
329 697 0
620 416 0
697 721 0
331 337 0
331 726 0
335 591 0
591 509 0
338 520 0
520 600 0
340 473 0
340 566 0
342 758 0
758 719 0
758 723 0
343 371 0
371 530 0
345 615 0
615 714 0
356 770 0
770 737 0
369 626 0
384 491 0
491 525 0
491 651 0
388 667 0
667 522 0
389 789 0
789 431 0
402 621 0
409 658 0
658 663 0
417 635 0
635 466 0
424 769 0
769 622 0
428 643 0
448 652 0
652 555 0
652 714 0
458 561 0
561 537 0
716 754 0
474 604 0
474 676 0
477 800 0
800 595 0
800 634 0
800 645 0
487 674 0
483 721 0
483 728 0
493 768 0
768 630 0
505 568 0
505 638 0
516 705 0
705 599 0
705 647 0
549 603 0
603 691 0
563 798 0
798 608 0
642 715 0
619 707 0
