573 599 0
1 327 0
1 348 0
1 441 0
1 529 0
2 547 0
547 373 0
3 125 0
3 192 0
3 198 0
3 448 0
125 226 0
125 293 0
125 484 0
192 123 0
192 457 0
192 51 0
192 533 0
4 156 0
156 92 0
156 450 0
156 523 0
5 240 0
5 520 0
240 266 0
240 284 0
240 328 0
240 194 0
6 281 0
281 191 0
7 500 0
500 346 0
500 379 0
8 260 0
8 477 0
260 212 0
260 219 0
260 355 0
9 31 0
9 194 0
9 498 0
9 574 0
194 237 0
194 94 0
10 286 0
286 146 0
286 534 0
11 95 0
11 305 0
11 332 0
11 385 0
305 382 0
305 426 0
305 561 0
305 245 0
12 477 0
477 152 0
477 510 0
477 525 0
13 203 0
13 245 0
13 355 0
13 369 0
13 467 0
13 558 0
355 114 0
355 275 0
355 33 0
14 189 0
14 297 0
14 403 0
14 456 0
14 570 0
297 17 0
297 504 0
403 490 0
403 167 0
403 77 0
15 246 0
246 16 0
246 41 0
17 151 0
17 363 0
17 567 0
151 105 0
151 166 0
151 71 0
151 534 0
363 117 0
363 170 0
363 234 0
363 418 0
18 63 0
63 46 0
63 393 0
63 508 0
19 32 0
19 76 0
19 406 0
19 572 0
76 40 0
76 213 0
76 367 0
20 42 0
20 271 0
20 364 0
42 61 0
42 219 0
42 248 0
42 340 0
21 102 0
21 437 0
21 528 0
102 452 0
102 559 0
102 564 0
102 587 0
22 169 0
22 215 0
22 421 0
22 437 0
22 575 0
169 250 0
23 304 0
304 90 0
304 425 0
304 600 0
304 120 0
304 409 0
24 417 0
417 388 0
417 434 0
25 321 0
321 143 0
321 395 0
26 187 0
26 262 0
26 443 0
187 40 0
187 446 0
27 539 0
539 45 0
539 387 0
28 53 0
28 100 0
28 177 0
28 259 0
53 58 0
53 173 0
53 419 0
100 75 0
100 134 0
29 110 0
29 252 0
29 349 0
29 410 0
29 448 0
110 150 0
110 264 0
252 65 0
349 80 0
30 72 0
72 51 0
72 273 0
72 381 0
72 593 0
33 136 0
33 339 0
33 586 0
34 410 0
410 91 0
410 108 0
35 210 0
210 119 0
210 437 0
210 340 0
36 75 0
75 106 0
75 129 0
75 236 0
75 402 0
37 58 0
58 165 0
58 224 0
38 452 0
38 511 0
38 548 0
38 569 0
452 419 0
452 171 0
452 518 0
39 372 0
39 588 0
372 344 0
372 443 0
40 120 0
40 467 0
40 529 0
40 555 0
120 174 0
120 228 0
467 159 0
41 213 0
213 142 0
213 147 0
213 323 0
61 163 0
61 268 0
219 166 0
219 209 0
219 485 0
219 599 0
248 55 0
248 165 0
248 468 0
248 228 0
248 582 0
43 317 0
317 183 0
317 480 0
44 389 0
389 285 0
46 251 0
46 276 0
251 112 0
251 147 0
251 231 0
251 51 0
47 172 0
172 335 0
172 469 0
172 475 0
48 84 0
48 278 0
48 298 0
48 493 0
84 382 0
84 506 0
84 529 0
278 211 0
49 71 0
49 242 0
49 320 0
49 485 0
71 141 0
50 232 0
232 175 0
232 370 0
232 375 0
232 513 0
52 109 0
52 171 0
52 555 0
52 581 0
54 549 0
549 56 0
549 487 0
549 563 0
57 269 0
269 148 0
269 571 0
59 243 0
243 105 0
243 345 0
243 480 0
243 521 0
60 364 0
364 158 0
364 566 0
364 101 0
364 163 0
163 520 0
62 160 0
160 314 0
160 407 0
160 545 0
64 530 0
530 325 0
66 234 0
66 235 0
66 386 0
234 241 0
234 591 0
67 97 0
97 409 0
97 453 0
97 470 0
68 505 0
505 381 0
69 127 0
69 351 0
69 412 0
69 454 0
69 479 0
69 506 0
351 241 0
351 329 0
70 197 0
70 287 0
70 432 0
70 599 0
141 311 0
141 330 0
141 367 0
141 486 0
73 161 0
161 98 0
161 103 0
74 489 0
489 149 0
106 94 0
106 153 0
77 83 0
77 200 0
77 390 0
200 324 0
200 554 0
78 178 0
78 280 0
78 316 0
78 414 0
78 423 0
78 531 0
178 167 0
178 391 0
79 433 0
433 310 0
81 427 0
427 503 0
427 182 0
82 333 0
82 463 0
82 501 0
82 521 0
82 538 0
333 114 0
382 208 0
85 585 0
585 239 0
585 359 0
86 211 0
211 396 0
211 460 0
87 150 0
150 181 0
150 546 0
88 212 0
212 430 0
212 510 0
89 394 0
394 309 0
93 134 0
93 174 0
93 241 0
134 368 0
134 392 0
134 413 0
134 556 0
94 179 0
179 262 0
179 567 0
179 276 0
96 116 0
116 204 0
116 228 0
116 336 0
116 596 0
409 185 0
99 236 0
99 291 0
99 301 0
99 515 0
301 264 0
101 167 0
101 299 0
167 166 0
299 201 0
299 423 0
299 209 0
104 502 0
502 180 0
502 471 0
502 170 0
105 504 0
105 528 0
107 173 0
107 262 0
173 164 0
173 352 0
111 199 0
199 344 0
199 462 0
199 522 0
113 404 0
404 440 0
404 516 0
114 306 0
114 334 0
115 438 0
438 540 0
438 550 0
204 227 0
118 565 0
565 478 0
565 491 0
119 448 0
119 582 0
174 122 0
174 358 0
121 198 0
198 357 0
198 371 0
124 347 0
347 254 0
226 319 0
126 135 0
126 181 0
126 338 0
126 583 0
181 132 0
128 455 0
455 331 0
130 157 0
157 230 0
157 384 0
157 408 0
157 484 0
131 220 0
220 205 0
220 314 0
220 573 0
132 218 0
132 302 0
132 350 0
133 154 0
133 289 0
133 400 0
392 159 0
137 589 0
589 162 0
138 241 0
138 262 0
138 419 0
138 458 0
241 439 0
241 487 0
262 166 0
139 153 0
153 188 0
153 312 0
140 577 0
577 361 0
577 543 0
311 155 0
311 504 0
143 405 0
143 529 0
144 326 0
326 222 0
326 279 0
145 499 0
499 190 0
499 282 0
147 294 0
147 367 0
166 323 0
155 247 0
155 360 0
155 474 0
155 538 0
155 582 0
538 446 0
538 423 0
159 272 0
159 416 0
314 426 0
165 445 0
445 261 0
445 356 0
168 524 0
524 233 0
524 415 0
175 275 0
175 483 0
275 443 0
176 464 0
464 217 0
182 344 0
344 185 0
184 342 0
185 519 0
185 536 0
186 380 0
380 254 0
380 472 0
193 397 0
193 424 0
193 465 0
193 528 0
424 303 0
465 229 0
465 256 0
237 376 0
237 449 0
237 375 0
195 447 0
447 481 0
196 288 0
288 290 0
288 308 0
202 294 0
294 399 0
294 428 0
294 475 0
206 504 0
504 216 0
207 264 0
264 378 0
264 461 0
323 475 0
214 518 0
518 492 0
518 568 0
221 482 0
482 526 0
223 227 0
227 277 0
227 365 0
227 375 0
227 471 0
225 542 0
542 249 0
591 435 0
238 354 0
238 411 0
238 514 0
238 590 0
354 276 0
354 484 0
244 528 0
528 366 0
250 270 0
250 337 0
250 527 0
255 483 0
483 353 0
483 557 0
258 319 0
319 551 0
265 271 0
271 274 0
271 318 0
271 408 0
267 324 0
324 283 0
324 307 0
324 313 0
276 437 0
308 391 0
295 495 0
495 517 0
495 598 0
296 362 0
296 487 0
300 561 0
391 336 0
391 459 0
391 476 0
315 451 0
315 497 0
315 506 0
315 521 0
480 525 0
395 446 0
322 520 0
520 444 0
336 471 0
340 582 0
343 553 0
343 560 0
484 552 0
379 458 0
383 490 0
446 572 0
405 422 0
405 509 0
405 541 0
405 580 0
408 567 0
567 471 0
567 523 0
567 554 0
419 596 0
429 537 0
537 466 0
537 494 0
442 588 0
588 532 0
448 479 0
529 578 0
