596 599 0
1 27 0
1 387 0
1 404 0
1 505 0
27 74 0
27 446 0
27 472 0
387 4 0
387 9 0
387 388 0
2 401 0
401 126 0
401 338 0
401 381 0
3 40 0
3 104 0
3 334 0
3 363 0
40 66 0
40 85 0
40 189 0
104 405 0
104 446 0
104 518 0
5 39 0
5 155 0
5 317 0
5 326 0
39 65 0
39 534 0
155 153 0
155 313 0
155 35 0
6 48 0
48 157 0
48 246 0
48 548 0
7 577 0
577 412 0
577 428 0
577 395 0
8 72 0
72 100 0
72 151 0
72 201 0
10 154 0
10 193 0
10 306 0
10 584 0
154 265 0
154 442 0
154 493 0
154 529 0
154 540 0
193 69 0
193 244 0
193 452 0
11 23 0
23 79 0
23 212 0
23 590 0
12 228 0
12 263 0
12 455 0
12 519 0
12 528 0
263 420 0
263 479 0
13 572 0
572 135 0
572 558 0
572 86 0
14 52 0
14 389 0
14 418 0
14 486 0
15 369 0
369 143 0
369 208 0
369 217 0
16 511 0
511 448 0
511 24 0
511 546 0
17 137 0
137 380 0
137 432 0
137 518 0
18 186 0
18 213 0
18 447 0
18 499 0
186 22 0
186 253 0
186 583 0
186 587 0
213 232 0
213 291 0
213 541 0
19 235 0
235 89 0
235 403 0
235 590 0
235 65 0
20 105 0
105 406 0
105 467 0
105 518 0
21 97 0
97 240 0
97 569 0
97 584 0
24 147 0
24 180 0
147 302 0
147 461 0
147 554 0
180 177 0
180 449 0
180 478 0
25 297 0
25 302 0
297 306 0
297 313 0
297 446 0
26 94 0
94 130 0
94 166 0
94 373 0
94 583 0
74 290 0
74 488 0
74 542 0
28 29 0
28 278 0
28 460 0
28 524 0
278 296 0
278 358 0
30 239 0
239 185 0
239 248 0
239 538 0
31 145 0
31 251 0
31 374 0
145 108 0
145 305 0
145 287 0
251 68 0
251 83 0
251 131 0
251 229 0
32 88 0
88 167 0
88 247 0
88 590 0
33 261 0
261 182 0
261 468 0
34 161 0
161 77 0
161 173 0
161 151 0
35 76 0
35 107 0
76 371 0
76 436 0
76 512 0
107 366 0
107 421 0
107 561 0
36 374 0
374 122 0
374 146 0
37 59 0
37 166 0
37 277 0
37 287 0
37 330 0
166 254 0
166 314 0
38 334 0
334 139 0
334 454 0
334 540 0
41 394 0
394 102 0
394 332 0
42 170 0
170 126 0
170 343 0
170 509 0
43 176 0
43 383 0
43 398 0
43 483 0
44 600 0
600 360 0
600 456 0
600 461 0
45 276 0
45 316 0
45 331 0
45 367 0
316 46 0
316 527 0
316 254 0
46 311 0
46 368 0
46 385 0
47 117 0
47 441 0
47 445 0
117 98 0
117 256 0
117 382 0
441 82 0
441 200 0
441 386 0
49 274 0
274 284 0
274 378 0
274 443 0
50 90 0
90 210 0
90 519 0
90 533 0
51 425 0
425 315 0
425 422 0
425 490 0
53 526 0
526 288 0
526 518 0
526 589 0
54 265 0
265 356 0
265 408 0
55 575 0
575 109 0
575 472 0
575 190 0
56 571 0
571 262 0
571 470 0
571 126 0
57 329 0
57 392 0
57 499 0
57 553 0
329 211 0
329 574 0
329 597 0
392 202 0
392 224 0
392 523 0
58 96 0
58 183 0
58 303 0
58 475 0
96 302 0
96 550 0
96 590 0
183 292 0
183 377 0
183 586 0
60 535 0
535 411 0
535 395 0
535 485 0
61 370 0
370 73 0
370 327 0
370 398 0
62 328 0
328 402 0
328 519 0
328 539 0
63 168 0
168 284 0
168 500 0
168 506 0
64 521 0
521 301 0
521 405 0
521 419 0
521 174 0
65 190 0
190 95 0
190 138 0
67 442 0
442 119 0
442 118 0
69 148 0
69 275 0
69 357 0
70 112 0
70 307 0
70 325 0
70 379 0
70 579 0
325 499 0
325 447 0
71 242 0
242 159 0
242 312 0
242 417 0
290 172 0
290 207 0
290 216 0
75 113 0
113 84 0
113 390 0
113 580 0
78 304 0
304 153 0
304 221 0
304 593 0
80 281 0
281 267 0
281 465 0
81 252 0
252 348 0
252 410 0
252 552 0
84 131 0
84 396 0
84 495 0
131 404 0
396 133 0
396 298 0
396 453 0
86 300 0
86 373 0
86 494 0
86 504 0
300 142 0
300 209 0
300 320 0
373 527 0
494 313 0
87 551 0
551 295 0
551 153 0
551 480 0
91 397 0
397 125 0
397 346 0
397 159 0
92 527 0
527 501 0
93 159 0
93 194 0
93 195 0
93 255 0
159 296 0
95 259 0
95 407 0
95 464 0
95 515 0
407 287 0
407 294 0
407 479 0
99 376 0
376 144 0
376 156 0
376 472 0
101 215 0
101 218 0
101 310 0
101 548 0
103 339 0
339 114 0
339 185 0
339 352 0
405 214 0
405 219 0
406 584 0
106 505 0
505 134 0
505 238 0
110 578 0
578 595 0
111 553 0
553 203 0
553 481 0
115 475 0
475 199 0
475 536 0
116 430 0
430 160 0
430 342 0
430 185 0
118 296 0
118 518 0
296 151 0
296 306 0
120 514 0
514 398 0
514 423 0
514 522 0
121 447 0
447 581 0
123 445 0
445 250 0
445 549 0
124 354 0
354 141 0
354 150 0
354 550 0
126 476 0
127 171 0
171 174 0
171 208 0
171 466 0
171 563 0
128 283 0
128 434 0
128 513 0
128 520 0
129 337 0
337 192 0
337 395 0
337 469 0
337 583 0
132 152 0
132 205 0
132 257 0
132 347 0
132 275 0
136 285 0
285 179 0
285 422 0
285 566 0
138 491 0
138 516 0
138 547 0
138 579 0
140 474 0
474 272 0
474 540 0
474 422 0
142 384 0
149 363 0
363 502 0
363 510 0
151 531 0
531 280 0
531 336 0
531 375 0
153 570 0
493 236 0
493 413 0
493 424 0
313 499 0
158 231 0
231 241 0
231 347 0
231 351 0
162 279 0
279 409 0
279 418 0
279 462 0
163 314 0
314 164 0
314 335 0
165 420 0
420 299 0
420 484 0
284 341 0
284 499 0
169 532 0
532 391 0
532 557 0
174 349 0
208 233 0
175 220 0
220 188 0
220 340 0
220 472 0
178 495 0
495 230 0
495 525 0
181 544 0
544 309 0
544 322 0
184 482 0
482 264 0
482 321 0
185 426 0
426 446 0
426 348 0
187 560 0
560 418 0
560 517 0
560 585 0
191 488 0
488 225 0
488 562 0
196 219 0
219 400 0
219 594 0
197 324 0
197 437 0
197 537 0
197 554 0
198 244 0
244 429 0
244 457 0
204 372 0
204 399 0
204 503 0
206 364 0
364 293 0
364 463 0
233 458 0
233 487 0
233 556 0
214 268 0
214 353 0
214 414 0
222 565 0
565 333 0
223 473 0
473 545 0
473 555 0
226 570 0
570 439 0
570 471 0
227 588 0
588 318 0
234 568 0
568 258 0
568 431 0
568 461 0
237 452 0
452 270 0
452 355 0
243 345 0
345 249 0
345 435 0
345 347 0
245 358 0
358 489 0
348 349 0
348 384 0
254 306 0
254 520 0
256 294 0
294 344 0
294 415 0
294 422 0
294 519 0
260 349 0
349 350 0
266 444 0
444 361 0
444 548 0
444 564 0
269 384 0
384 289 0
384 365 0
271 592 0
592 507 0
592 554 0
273 559 0
559 359 0
559 461 0
559 508 0
275 422 0
282 542 0
542 393 0
542 451 0
286 308 0
286 438 0
286 498 0
415 492 0
303 362 0
303 416 0
303 433 0
319 477 0
477 323 0
477 497 0
395 476 0
341 427 0
341 529 0
341 530 0
341 598 0
347 492 0
476 398 0
404 543 0
404 599 0
440 567 0
567 496 0
450 479 0
479 459 0
503 591 0
591 548 0
