883 899 0
1 646 0
646 92 0
646 52 0
2 60 0
60 161 0
60 412 0
60 765 0
3 95 0
95 20 0
95 26 0
95 595 0
4 408 0
4 572 0
4 633 0
4 729 0
5 178 0
5 398 0
5 474 0
5 507 0
178 501 0
178 640 0
178 836 0
398 86 0
398 655 0
398 898 0
6 412 0
6 705 0
6 710 0
6 808 0
412 217 0
412 290 0
705 68 0
705 97 0
705 115 0
7 99 0
7 118 0
7 325 0
7 786 0
8 186 0
186 68 0
186 294 0
186 695 0
9 735 0
735 401 0
735 573 0
10 144 0
10 260 0
10 344 0
10 607 0
10 615 0
10 659 0
144 273 0
144 279 0
260 135 0
260 527 0
260 392 0
344 72 0
344 31 0
344 642 0
607 265 0
607 601 0
11 55 0
11 71 0
11 530 0
11 626 0
12 369 0
369 206 0
369 785 0
369 800 0
13 686 0
13 805 0
13 841 0
13 885 0
805 585 0
14 557 0
557 187 0
557 345 0
557 666 0
15 405 0
405 117 0
405 564 0
405 660 0
16 243 0
243 305 0
243 536 0
243 679 0
17 749 0
749 228 0
749 520 0
749 539 0
18 644 0
644 340 0
644 371 0
644 425 0
19 384 0
19 547 0
19 562 0
19 884 0
384 440 0
384 585 0
20 85 0
20 146 0
20 467 0
85 87 0
85 90 0
146 568 0
146 745 0
146 854 0
21 225 0
225 195 0
225 862 0
225 336 0
22 317 0
22 559 0
22 560 0
317 256 0
317 282 0
317 709 0
559 36 0
559 64 0
559 475 0
23 325 0
23 450 0
325 512 0
325 741 0
325 466 0
24 334 0
24 404 0
24 439 0
24 819 0
334 46 0
334 252 0
334 274 0
404 250 0
404 746 0
404 304 0
25 149 0
149 31 0
149 119 0
149 850 0
27 822 0
822 691 0
28 858 0
858 567 0
29 237 0
29 316 0
29 608 0
29 620 0
29 724 0
608 192 0
608 143 0
30 463 0
463 546 0
463 593 0
463 821 0
31 121 0
31 617 0
121 227 0
121 483 0
121 817 0
32 378 0
378 527 0
378 731 0
378 375 0
378 653 0
33 143 0
143 206 0
143 209 0
143 374 0
34 397 0
397 429 0
397 535 0
397 775 0
35 407 0
407 50 0
407 275 0
407 436 0
37 601 0
601 641 0
601 394 0
38 84 0
84 66 0
84 79 0
84 266 0
84 533 0
39 103 0
39 337 0
39 492 0
39 848 0
40 726 0
726 477 0
41 177 0
177 106 0
177 693 0
177 843 0
42 123 0
42 659 0
123 386 0
123 752 0
123 804 0
43 188 0
43 799 0
43 843 0
43 872 0
44 440 0
440 889 0
440 896 0
45 458 0
458 210 0
458 476 0
47 290 0
290 582 0
290 797 0
290 857 0
48 184 0
184 230 0
184 346 0
49 79 0
49 361 0
49 500 0
49 588 0
79 129 0
79 474 0
51 280 0
280 630 0
280 870 0
280 359 0
52 205 0
52 534 0
52 710 0
205 323 0
205 486 0
205 651 0
534 569 0
534 582 0
534 776 0
53 699 0
699 139 0
699 527 0
699 528 0
699 778 0
699 318 0
699 360 0
54 165 0
54 338 0
54 444 0
54 532 0
54 658 0
444 291 0
444 360 0
444 462 0
444 131 0
56 122 0
56 438 0
56 504 0
56 677 0
57 683 0
683 151 0
58 599 0
599 109 0
599 154 0
599 548 0
59 628 0
628 68 0
628 326 0
628 410 0
161 558 0
61 489 0
489 284 0
489 571 0
62 251 0
251 183 0
251 297 0
251 425 0
251 853 0
63 733 0
733 83 0
733 540 0
733 433 0
65 180 0
65 261 0
65 364 0
65 745 0
67 81 0
81 597 0
81 704 0
81 815 0
68 654 0
69 304 0
69 335 0
69 396 0
69 784 0
304 214 0
304 235 0
304 266 0
70 844 0
844 594 0
72 460 0
72 473 0
72 737 0
460 366 0
460 390 0
460 809 0
473 414 0
473 725 0
473 897 0
473 263 0
473 505 0
73 108 0
73 336 0
73 447 0
73 669 0
336 105 0
336 441 0
336 774 0
336 183 0
74 320 0
320 137 0
320 465 0
320 622 0
320 638 0
75 315 0
315 471 0
315 642 0
315 728 0
76 208 0
208 279 0
208 140 0
208 577 0
77 152 0
152 272 0
152 350 0
152 636 0
78 207 0
78 301 0
78 331 0
78 740 0
301 357 0
301 710 0
301 558 0
80 762 0
762 579 0
597 370 0
82 217 0
217 508 0
217 667 0
87 363 0
87 522 0
87 674 0
87 830 0
363 351 0
363 560 0
363 781 0
674 430 0
674 156 0
88 211 0
88 310 0
88 748 0
88 854 0
89 286 0
286 97 0
286 453 0
286 542 0
90 349 0
90 420 0
90 449 0
90 602 0
91 185 0
185 147 0
185 511 0
185 746 0
93 834 0
834 114 0
834 276 0
94 810 0
810 238 0
810 515 0
96 112 0
96 215 0
96 236 0
96 250 0
96 504 0
97 486 0
97 550 0
97 866 0
486 552 0
550 241 0
550 631 0
98 156 0
156 492 0
156 590 0
100 757 0
757 376 0
757 126 0
757 849 0
101 690 0
690 383 0
690 610 0
690 492 0
102 133 0
102 137 0
102 521 0
102 721 0
137 474 0
104 138 0
138 115 0
138 658 0
138 825 0
105 374 0
105 392 0
107 267 0
267 333 0
267 454 0
267 865 0
110 442 0
442 157 0
442 179 0
442 563 0
442 530 0
111 176 0
176 353 0
176 392 0
176 525 0
113 245 0
245 494 0
245 575 0
245 729 0
245 281 0
115 491 0
115 650 0
491 388 0
491 543 0
491 777 0
116 170 0
170 381 0
170 612 0
170 891 0
120 783 0
783 306 0
783 523 0
386 430 0
386 488 0
386 474 0
124 426 0
426 541 0
426 666 0
426 888 0
125 402 0
125 433 0
125 517 0
125 664 0
433 552 0
433 583 0
126 140 0
126 171 0
126 303 0
126 772 0
140 498 0
171 324 0
171 509 0
171 647 0
303 223 0
303 382 0
303 639 0
127 197 0
197 295 0
197 708 0
128 134 0
128 684 0
128 790 0
128 829 0
684 665 0
684 292 0
129 505 0
129 576 0
129 652 0
129 869 0
505 194 0
130 544 0
544 200 0
544 621 0
544 662 0
131 268 0
131 277 0
131 302 0
132 203 0
203 206 0
203 220 0
203 789 0
135 196 0
135 387 0
196 281 0
196 718 0
196 868 0
136 767 0
767 150 0
767 395 0
141 623 0
623 546 0
623 596 0
623 900 0
623 643 0
142 439 0
439 446 0
439 714 0
206 281 0
273 322 0
273 497 0
273 498 0
145 249 0
249 224 0
249 339 0
568 560 0
568 441 0
568 659 0
148 754 0
754 201 0
754 270 0
754 743 0
153 890 0
890 309 0
890 526 0
890 660 0
154 271 0
154 653 0
154 732 0
271 248 0
271 701 0
271 899 0
653 819 0
732 372 0
732 389 0
732 421 0
155 352 0
352 332 0
352 394 0
352 795 0
352 454 0
492 665 0
158 167 0
167 359 0
167 443 0
167 827 0
159 431 0
431 472 0
431 719 0
431 729 0
160 255 0
160 381 0
160 753 0
160 801 0
381 656 0
381 244 0
162 882 0
882 226 0
882 289 0
882 394 0
163 291 0
291 769 0
291 806 0
164 393 0
393 662 0
393 700 0
393 863 0
166 791 0
791 632 0
791 758 0
359 194 0
359 244 0
168 676 0
676 464 0
676 524 0
676 606 0
169 499 0
499 535 0
499 613 0
499 824 0
172 587 0
587 232 0
587 239 0
587 570 0
173 828 0
828 589 0
174 747 0
747 570 0
747 661 0
747 893 0
175 424 0
175 456 0
175 712 0
175 759 0
175 770 0
712 296 0
712 778 0
712 592 0
392 592 0
392 877 0
179 498 0
179 531 0
181 737 0
737 411 0
737 716 0
182 495 0
495 314 0
495 373 0
495 602 0
189 673 0
673 553 0
190 448 0
448 233 0
448 318 0
448 778 0
448 527 0
191 859 0
859 365 0
859 425 0
859 723 0
192 262 0
192 375 0
192 482 0
192 759 0
375 899 0
193 584 0
584 838 0
584 329 0
194 328 0
194 519 0
198 814 0
814 368 0
814 662 0
814 886 0
199 451 0
199 470 0
199 514 0
199 591 0
470 602 0
470 560 0
202 507 0
507 269 0
507 625 0
204 518 0
518 445 0
518 803 0
279 549 0
279 713 0
212 497 0
497 434 0
497 622 0
497 698 0
213 265 0
265 263 0
265 807 0
265 883 0
214 348 0
214 614 0
214 823 0
216 816 0
816 561 0
816 305 0
816 578 0
218 231 0
231 478 0
231 682 0
231 694 0
231 793 0
219 867 0
867 503 0
221 687 0
687 287 0
687 399 0
687 248 0
222 592 0
592 312 0
592 622 0
229 362 0
362 481 0
362 642 0
362 796 0
234 385 0
385 275 0
385 423 0
385 513 0
235 469 0
235 542 0
235 811 0
235 876 0
542 570 0
240 549 0
549 727 0
549 813 0
242 739 0
739 530 0
739 556 0
739 871 0
305 742 0
244 253 0
244 743 0
244 808 0
253 466 0
253 513 0
246 278 0
278 275 0
278 461 0
278 580 0
247 637 0
637 299 0
637 435 0
637 642 0
248 710 0
466 266 0
466 311 0
466 321 0
254 329 0
254 343 0
254 422 0
254 766 0
329 356 0
257 697 0
697 514 0
258 755 0
755 350 0
755 648 0
755 874 0
259 751 0
751 391 0
264 292 0
292 417 0
292 847 0
807 354 0
322 678 0
322 711 0
322 788 0
275 462 0
713 632 0
283 598 0
598 419 0
598 510 0
598 820 0
598 602 0
285 832 0
832 358 0
832 603 0
832 666 0
288 351 0
351 760 0
351 861 0
293 498 0
498 490 0
296 307 0
296 437 0
296 510 0
296 539 0
510 643 0
510 819 0
298 531 0
531 355 0
531 535 0
531 798 0
300 852 0
852 504 0
357 319 0
357 761 0
357 835 0
742 752 0
742 900 0
308 781 0
781 341 0
781 502 0
313 403 0
313 459 0
313 688 0
512 493 0
512 635 0
512 794 0
741 729 0
741 535 0
741 406 0
327 877 0
877 513 0
356 600 0
356 619 0
356 730 0
330 558 0
558 409 0
558 689 0
441 464 0
441 759 0
774 400 0
774 618 0
774 833 0
342 878 0
878 707 0
878 360 0
347 468 0
347 736 0
347 826 0
350 583 0
583 752 0
394 585 0
354 611 0
354 696 0
354 864 0
367 552 0
552 380 0
552 738 0
370 514 0
370 649 0
377 450 0
450 379 0
450 464 0
430 602 0
430 662 0
430 694 0
387 418 0
387 768 0
585 668 0
406 566 0
566 537 0
566 551 0
566 632 0
413 750 0
750 506 0
415 779 0
779 416 0
779 480 0
425 488 0
488 660 0
488 865 0
427 873 0
873 457 0
873 787 0
428 586 0
586 629 0
586 717 0
432 467 0
467 681 0
467 782 0
464 831 0
452 831 0
831 604 0
831 894 0
831 900 0
454 642 0
455 720 0
720 840 0
462 570 0
462 804 0
546 710 0
474 509 0
479 484 0
484 645 0
484 685 0
485 756 0
756 627 0
756 634 0
487 516 0
487 539 0
487 605 0
487 845 0
539 764 0
660 574 0
665 668 0
496 818 0
818 671 0
529 574 0
574 643 0
574 846 0
530 764 0
530 887 0
764 632 0
538 654 0
654 565 0
654 856 0
545 663 0
663 616 0
663 759 0
663 879 0
554 895 0
895 649 0
555 819 0
819 657 0
560 724 0
581 617 0
617 609 0
617 744 0
752 772 0
668 659 0
624 650 0
650 672 0
650 837 0
632 812 0
812 703 0
656 675 0
656 734 0
656 892 0
666 772 0
680 715 0
715 851 0
854 881 0
