565 599 0
1 57 0
1 373 0
1 452 0
1 526 0
1 546 0
57 403 0
373 464 0
452 157 0
452 575 0
2 484 0
484 164 0
484 283 0
3 16 0
16 64 0
16 370 0
16 413 0
16 554 0
4 93 0
4 294 0
93 161 0
93 253 0
93 299 0
5 550 0
550 94 0
550 319 0
6 122 0
122 128 0
122 238 0
7 50 0
50 98 0
50 319 0
50 358 0
8 72 0
8 228 0
8 515 0
8 527 0
72 129 0
72 527 0
9 180 0
180 74 0
180 296 0
180 347 0
180 525 0
10 211 0
211 279 0
211 251 0
211 334 0
11 35 0
35 268 0
35 274 0
35 361 0
12 69 0
12 193 0
12 362 0
12 501 0
69 288 0
69 430 0
69 104 0
69 590 0
193 106 0
193 116 0
193 375 0
13 105 0
13 391 0
13 407 0
13 424 0
13 527 0
105 191 0
105 352 0
14 33 0
14 59 0
14 63 0
14 156 0
14 168 0
33 48 0
33 281 0
33 319 0
33 536 0
59 64 0
59 262 0
59 399 0
63 41 0
15 111 0
15 141 0
15 311 0
15 375 0
64 68 0
64 152 0
64 216 0
64 365 0
370 546 0
17 298 0
298 364 0
298 428 0
18 495 0
495 314 0
19 36 0
36 116 0
36 139 0
36 166 0
36 275 0
20 37 0
20 67 0
20 223 0
20 262 0
20 317 0
20 322 0
20 503 0
37 161 0
37 221 0
223 61 0
223 148 0
223 540 0
262 400 0
21 488 0
488 325 0
488 551 0
22 210 0
22 251 0
22 264 0
22 467 0
22 596 0
251 97 0
251 234 0
23 458 0
458 25 0
458 39 0
458 457 0
24 240 0
24 342 0
24 505 0
240 227 0
240 357 0
26 106 0
26 168 0
26 438 0
106 273 0
27 159 0
27 161 0
27 170 0
159 290 0
159 341 0
159 380 0
159 419 0
159 466 0
159 162 0
159 521 0
28 68 0
68 410 0
68 447 0
68 492 0
29 38 0
29 104 0
29 171 0
29 443 0
29 588 0
104 520 0
171 123 0
171 556 0
171 429 0
30 80 0
80 154 0
80 302 0
80 552 0
80 585 0
31 121 0
31 224 0
31 255 0
31 267 0
32 86 0
32 125 0
32 143 0
32 254 0
32 308 0
125 61 0
125 556 0
143 148 0
143 232 0
48 146 0
48 294 0
281 179 0
281 286 0
281 205 0
34 372 0
372 275 0
372 300 0
372 461 0
268 309 0
116 187 0
116 231 0
116 271 0
139 81 0
139 51 0
161 186 0
161 547 0
39 253 0
39 315 0
39 512 0
253 255 0
315 77 0
40 46 0
40 51 0
46 499 0
46 533 0
46 544 0
46 549 0
41 165 0
41 250 0
41 265 0
41 552 0
165 244 0
165 272 0
165 283 0
250 449 0
265 168 0
265 341 0
42 216 0
216 357 0
216 384 0
43 55 0
55 96 0
55 375 0
55 586 0
44 376 0
376 99 0
45 192 0
45 307 0
45 375 0
45 456 0
533 97 0
533 172 0
47 246 0
47 310 0
47 359 0
47 574 0
49 179 0
179 432 0
179 447 0
179 472 0
179 513 0
51 114 0
51 182 0
51 214 0
214 306 0
214 352 0
52 209 0
209 60 0
209 149 0
209 157 0
53 207 0
207 289 0
207 523 0
207 574 0
207 342 0
54 260 0
54 387 0
54 437 0
54 473 0
54 528 0
260 304 0
96 84 0
56 61 0
56 304 0
56 429 0
61 261 0
58 266 0
58 278 0
58 350 0
58 540 0
58 571 0
350 542 0
62 343 0
343 242 0
343 254 0
152 365 0
152 130 0
65 102 0
65 566 0
65 581 0
102 168 0
102 394 0
102 506 0
102 556 0
66 313 0
66 371 0
66 385 0
66 555 0
371 97 0
371 190 0
70 418 0
418 225 0
71 582 0
582 408 0
582 500 0
73 531 0
531 577 0
75 353 0
353 502 0
353 522 0
76 379 0
379 157 0
78 138 0
78 183 0
78 271 0
78 469 0
183 142 0
183 236 0
183 155 0
79 295 0
295 434 0
154 226 0
154 258 0
154 314 0
154 380 0
81 124 0
81 245 0
81 541 0
81 574 0
124 142 0
82 232 0
232 201 0
232 532 0
232 296 0
83 162 0
162 147 0
162 153 0
84 172 0
84 309 0
84 426 0
84 487 0
172 356 0
309 305 0
309 438 0
309 227 0
309 424 0
426 344 0
487 204 0
85 206 0
206 175 0
206 468 0
206 504 0
87 329 0
329 219 0
329 421 0
88 155 0
88 249 0
88 510 0
88 557 0
89 593 0
593 536 0
593 587 0
90 483 0
483 113 0
483 388 0
91 259 0
91 366 0
91 435 0
259 230 0
366 199 0
366 394 0
366 454 0
92 303 0
92 326 0
92 342 0
92 397 0
92 404 0
303 178 0
303 433 0
303 477 0
95 205 0
205 218 0
205 287 0
97 438 0
100 243 0
100 277 0
100 377 0
100 399 0
100 446 0
100 503 0
277 135 0
277 356 0
399 241 0
399 294 0
446 299 0
101 526 0
526 107 0
526 450 0
103 542 0
542 131 0
108 191 0
108 327 0
108 540 0
108 565 0
191 497 0
191 506 0
109 202 0
109 412 0
109 536 0
109 569 0
110 299 0
299 229 0
299 573 0
112 578 0
578 493 0
115 435 0
435 367 0
187 337 0
187 491 0
187 592 0
231 151 0
231 339 0
231 393 0
117 566 0
566 167 0
566 275 0
566 174 0
118 417 0
417 330 0
119 185 0
185 486 0
185 552 0
185 591 0
120 400 0
123 130 0
123 133 0
123 441 0
123 454 0
126 449 0
127 157 0
127 395 0
157 292 0
157 453 0
157 559 0
129 174 0
129 402 0
129 427 0
129 530 0
174 156 0
174 432 0
174 579 0
132 445 0
445 135 0
445 196 0
445 444 0
134 501 0
501 270 0
501 478 0
135 306 0
135 416 0
306 235 0
306 438 0
416 184 0
416 258 0
136 331 0
331 255 0
331 448 0
137 429 0
429 150 0
140 234 0
140 356 0
234 271 0
234 420 0
234 482 0
234 545 0
142 227 0
142 276 0
148 144 0
148 301 0
148 405 0
148 594 0
145 380 0
380 291 0
380 176 0
146 347 0
146 414 0
146 480 0
347 273 0
150 230 0
230 163 0
230 177 0
226 247 0
226 297 0
226 316 0
226 368 0
226 423 0
156 335 0
156 574 0
335 212 0
453 190 0
158 356 0
356 395 0
290 213 0
419 200 0
419 233 0
419 320 0
160 362 0
362 221 0
362 485 0
164 505 0
244 424 0
244 475 0
272 328 0
169 305 0
169 318 0
169 389 0
169 489 0
170 176 0
170 395 0
170 514 0
395 273 0
173 512 0
512 217 0
512 237 0
447 459 0
181 451 0
451 324 0
451 560 0
236 194 0
236 589 0
236 503 0
188 505 0
505 529 0
189 459 0
459 558 0
190 516 0
190 595 0
497 257 0
506 510 0
195 397 0
397 508 0
397 572 0
197 383 0
383 340 0
383 369 0
198 460 0
460 345 0
199 510 0
199 576 0
203 392 0
392 256 0
208 304 0
304 269 0
304 425 0
212 215 0
212 482 0
212 583 0
213 235 0
213 280 0
213 462 0
235 333 0
220 294 0
294 363 0
222 520 0
520 490 0
297 346 0
316 273 0
333 263 0
239 563 0
563 312 0
241 401 0
248 352 0
352 436 0
352 599 0
252 546 0
546 254 0
546 374 0
255 403 0
286 422 0
285 579 0
579 406 0
579 519 0
293 598 0
598 440 0
598 538 0
598 573 0
346 348 0
346 468 0
321 576 0
576 381 0
338 559 0
559 351 0
559 524 0
468 567 0
349 415 0
349 510 0
354 535 0
535 355 0
378 404 0
404 584 0
382 465 0
465 390 0
396 442 0
442 409 0
442 494 0
403 470 0
403 517 0
411 567 0
539 581 0
581 580 0
