867 899 0
1 328 0
328 168 0
328 559 0
328 158 0
328 604 0
2 160 0
160 201 0
160 643 0
160 778 0
3 498 0
498 172 0
498 673 0
4 36 0
4 230 0
4 377 0
5 34 0
5 240 0
34 452 0
34 469 0
34 573 0
34 580 0
34 843 0
6 873 0
873 322 0
7 443 0
443 114 0
443 506 0
443 709 0
8 40 0
8 137 0
8 761 0
8 779 0
40 106 0
40 188 0
40 336 0
9 317 0
9 387 0
9 477 0
9 584 0
9 626 0
9 644 0
387 696 0
477 528 0
477 92 0
10 240 0
240 118 0
240 469 0
11 48 0
48 29 0
48 59 0
48 597 0
48 887 0
12 352 0
12 566 0
12 632 0
12 671 0
566 250 0
13 199 0
199 279 0
199 341 0
199 814 0
14 86 0
14 364 0
14 398 0
14 430 0
86 72 0
86 461 0
86 737 0
15 164 0
164 165 0
164 333 0
164 349 0
16 426 0
426 24 0
426 280 0
426 418 0
426 33 0
426 562 0
17 54 0
17 401 0
17 771 0
17 895 0
401 530 0
401 581 0
18 473 0
473 273 0
473 809 0
473 819 0
19 92 0
19 595 0
19 846 0
19 892 0
92 278 0
92 344 0
92 374 0
20 97 0
20 136 0
20 219 0
20 389 0
97 107 0
97 273 0
97 864 0
136 42 0
136 190 0
136 755 0
136 580 0
21 323 0
323 338 0
323 345 0
323 603 0
22 812 0
812 151 0
812 481 0
23 70 0
23 278 0
70 314 0
70 617 0
24 540 0
24 677 0
25 861 0
861 411 0
861 521 0
26 613 0
613 698 0
27 650 0
650 149 0
28 720 0
28 721 0
28 804 0
28 845 0
29 340 0
29 843 0
29 883 0
340 251 0
340 565 0
340 867 0
30 278 0
278 496 0
278 791 0
278 189 0
31 816 0
816 184 0
816 221 0
32 234 0
32 490 0
32 582 0
234 405 0
234 759 0
234 772 0
234 468 0
33 312 0
33 599 0
312 274 0
312 794 0
312 378 0
452 58 0
452 569 0
452 415 0
469 399 0
469 409 0
469 439 0
573 262 0
573 366 0
35 324 0
35 370 0
35 393 0
35 618 0
35 704 0
35 782 0
370 101 0
370 560 0
393 459 0
393 488 0
37 299 0
299 117 0
299 378 0
38 780 0
780 407 0
780 435 0
780 571 0
39 262 0
39 446 0
262 183 0
262 668 0
262 688 0
106 177 0
106 431 0
106 765 0
188 785 0
188 810 0
188 898 0
41 589 0
41 697 0
41 853 0
41 864 0
42 228 0
43 45 0
43 446 0
43 554 0
43 863 0
45 197 0
45 516 0
446 255 0
446 390 0
446 719 0
44 146 0
146 166 0
146 231 0
146 363 0
146 311 0
146 821 0
46 399 0
399 567 0
399 574 0
47 395 0
395 91 0
395 394 0
395 363 0
49 277 0
277 132 0
277 511 0
277 189 0
50 135 0
50 239 0
50 287 0
50 421 0
50 500 0
50 715 0
135 205 0
135 459 0
135 72 0
135 838 0
239 213 0
239 703 0
287 253 0
421 209 0
421 378 0
51 663 0
663 77 0
663 505 0
52 611 0
611 458 0
53 476 0
476 272 0
476 704 0
476 830 0
55 655 0
55 695 0
55 792 0
655 652 0
56 637 0
637 175 0
637 636 0
637 161 0
637 699 0
57 159 0
159 264 0
159 330 0
159 468 0
159 509 0
58 176 0
58 620 0
58 773 0
60 108 0
108 96 0
108 220 0
108 336 0
108 727 0
61 744 0
744 427 0
744 450 0
62 729 0
729 435 0
729 178 0
729 877 0
63 307 0
307 356 0
307 714 0
307 821 0
64 140 0
64 447 0
64 560 0
64 664 0
140 244 0
140 474 0
140 543 0
447 134 0
447 203 0
447 533 0
65 311 0
65 373 0
65 488 0
65 887 0
311 572 0
373 293 0
373 508 0
373 634 0
373 747 0
373 785 0
66 532 0
66 579 0
66 705 0
66 711 0
66 789 0
705 99 0
705 290 0
705 379 0
705 434 0
67 350 0
67 376 0
350 338 0
350 455 0
350 707 0
350 760 0
68 213 0
213 866 0
69 192 0
69 366 0
69 519 0
192 412 0
192 460 0
192 726 0
366 325 0
366 359 0
366 367 0
366 467 0
71 414 0
71 767 0
414 249 0
414 718 0
414 288 0
414 827 0
72 132 0
72 755 0
132 490 0
132 572 0
132 632 0
73 183 0
73 422 0
73 536 0
73 730 0
73 876 0
183 99 0
183 371 0
183 438 0
422 390 0
422 828 0
74 854 0
854 229 0
854 711 0
854 87 0
854 416 0
854 142 0
75 290 0
290 122 0
290 284 0
290 587 0
76 209 0
209 342 0
209 770 0
209 786 0
78 158 0
78 527 0
78 547 0
78 834 0
158 194 0
79 326 0
326 288 0
326 392 0
326 682 0
80 207 0
80 215 0
80 309 0
80 641 0
80 689 0
309 316 0
309 368 0
81 764 0
764 259 0
764 107 0
764 339 0
764 195 0
82 362 0
362 416 0
362 510 0
83 808 0
808 757 0
808 872 0
808 85 0
808 899 0
84 193 0
84 553 0
84 591 0
84 893 0
193 403 0
193 570 0
193 577 0
193 735 0
85 253 0
85 396 0
85 690 0
85 900 0
253 120 0
253 245 0
253 610 0
396 365 0
690 119 0
690 507 0
87 133 0
87 258 0
87 692 0
133 181 0
133 361 0
133 850 0
258 308 0
258 529 0
258 701 0
88 759 0
759 198 0
89 769 0
769 127 0
769 157 0
90 295 0
295 424 0
295 788 0
295 850 0
344 187 0
344 522 0
344 810 0
93 243 0
243 138 0
243 371 0
243 420 0
243 539 0
94 520 0
520 169 0
520 464 0
520 731 0
95 743 0
743 756 0
743 169 0
107 541 0
107 582 0
98 129 0
98 155 0
98 275 0
98 306 0
98 367 0
129 409 0
155 385 0
155 586 0
155 684 0
99 592 0
99 643 0
592 445 0
592 664 0
592 255 0
100 560 0
560 173 0
560 269 0
101 130 0
101 378 0
101 674 0
101 730 0
101 746 0
378 577 0
730 887 0
102 696 0
696 331 0
696 629 0
103 623 0
623 354 0
104 456 0
456 564 0
456 727 0
456 762 0
105 451 0
451 770 0
451 874 0
541 226 0
541 612 0
109 768 0
768 702 0
768 722 0
110 369 0
369 542 0
369 672 0
369 785 0
111 415 0
415 653 0
415 214 0
112 385 0
385 432 0
385 766 0
385 889 0
113 742 0
742 622 0
114 194 0
114 531 0
194 310 0
194 338 0
115 383 0
383 643 0
383 679 0
383 829 0
116 214 0
116 441 0
116 586 0
116 678 0
441 464 0
441 479 0
441 710 0
441 840 0
441 711 0
121 856 0
856 777 0
856 162 0
856 793 0
123 569 0
569 578 0
569 691 0
569 806 0
124 154 0
124 303 0
124 408 0
124 602 0
303 286 0
303 519 0
125 488 0
488 142 0
488 870 0
126 139 0
139 187 0
139 615 0
139 734 0
128 656 0
656 347 0
656 550 0
131 379 0
379 535 0
379 676 0
490 302 0
490 800 0
205 195 0
205 397 0
205 514 0
459 588 0
459 660 0
190 518 0
190 719 0
187 487 0
141 470 0
470 735 0
470 836 0
470 865 0
470 279 0
470 325 0
142 723 0
143 701 0
701 410 0
144 390 0
390 449 0
390 598 0
145 585 0
585 413 0
363 351 0
363 519 0
147 677 0
677 276 0
677 204 0
148 568 0
568 252 0
150 457 0
457 273 0
457 425 0
457 448 0
152 454 0
454 162 0
454 619 0
153 242 0
242 433 0
242 495 0
242 875 0
586 228 0
586 608 0
156 263 0
263 670 0
263 781 0
263 824 0
264 163 0
161 546 0
161 767 0
546 180 0
546 418 0
546 471 0
162 434 0
162 616 0
162 900 0
434 404 0
616 200 0
616 329 0
163 557 0
163 639 0
163 803 0
165 404 0
167 640 0
640 492 0
169 382 0
169 577 0
382 372 0
382 713 0
382 724 0
170 438 0
438 248 0
438 260 0
171 286 0
286 304 0
286 645 0
286 662 0
174 227 0
227 247 0
227 638 0
227 820 0
175 389 0
175 741 0
175 828 0
389 418 0
389 433 0
389 838 0
178 684 0
179 654 0
654 402 0
654 273 0
182 518 0
518 710 0
185 300 0
300 651 0
300 722 0
300 748 0
186 517 0
517 334 0
189 195 0
195 737 0
191 733 0
733 416 0
733 838 0
403 237 0
403 439 0
403 524 0
403 735 0
577 755 0
196 832 0
832 659 0
832 869 0
197 298 0
197 420 0
197 549 0
197 775 0
420 219 0
420 551 0
279 704 0
202 712 0
712 478 0
712 722 0
204 436 0
204 581 0
436 525 0
436 590 0
436 813 0
581 580 0
206 878 0
878 463 0
208 404 0
404 850 0
210 772 0
772 486 0
772 807 0
211 417 0
211 607 0
417 380 0
417 837 0
417 338 0
417 896 0
212 313 0
313 435 0
313 484 0
313 516 0
216 391 0
216 483 0
216 635 0
216 678 0
217 376 0
376 294 0
218 593 0
593 256 0
593 423 0
219 648 0
219 836 0
219 886 0
648 745 0
648 406 0
836 632 0
222 530 0
530 489 0
530 647 0
223 630 0
630 254 0
224 572 0
572 282 0
225 494 0
494 798 0
494 833 0
228 405 0
228 491 0
405 319 0
405 710 0
405 727 0
491 444 0
491 529 0
232 582 0
582 740 0
582 848 0
582 339 0
233 796 0
796 281 0
235 386 0
386 270 0
386 608 0
386 801 0
236 599 0
599 503 0
599 433 0
238 531 0
531 318 0
531 821 0
531 692 0
241 544 0
544 343 0
544 790 0
246 348 0
348 475 0
348 843 0
255 341 0
255 670 0
341 501 0
341 692 0
257 828 0
828 465 0
828 367 0
308 291 0
308 320 0
308 728 0
308 474 0
529 803 0
261 346 0
346 601 0
346 638 0
346 284 0
265 818 0
818 641 0
818 823 0
266 271 0
266 512 0
266 596 0
271 704 0
271 810 0
267 534 0
534 285 0
534 336 0
268 839 0
839 442 0
283 461 0
461 339 0
461 453 0
288 368 0
368 310 0
368 576 0
368 840 0
289 400 0
289 464 0
289 621 0
289 624 0
292 551 0
296 860 0
860 360 0
297 783 0
783 327 0
301 737 0
737 305 0
737 736 0
316 485 0
316 523 0
316 776 0
310 445 0
435 900 0
315 890 0
890 687 0
319 664 0
319 607 0
321 703 0
703 384 0
703 658 0
325 867 0
332 353 0
353 428 0
353 437 0
335 537 0
335 683 0
335 706 0
335 845 0
337 741 0
741 583 0
741 885 0
501 661 0
638 664 0
351 858 0
351 880 0
351 888 0
355 628 0
628 576 0
357 487 0
487 545 0
487 738 0
358 605 0
605 749 0
605 859 0
365 444 0
365 609 0
365 719 0
365 732 0
444 600 0
367 526 0
374 466 0
374 499 0
374 844 0
375 815 0
815 548 0
381 723 0
723 633 0
723 898 0
388 644 0
388 810 0
388 850 0
388 867 0
644 797 0
439 843 0
406 482 0
406 631 0
406 825 0
409 429 0
409 675 0
419 862 0
862 805 0
440 767 0
462 852 0
852 504 0
472 652 0
474 516 0
480 725 0
725 646 0
870 664 0
497 558 0
497 681 0
502 669 0
509 540 0
540 704 0
540 869 0
540 879 0
513 642 0
642 515 0
642 575 0
519 580 0
528 608 0
528 745 0
528 802 0
538 739 0
739 614 0
704 784 0
552 563 0
563 625 0
555 600 0
600 686 0
594 894 0
894 717 0
607 678 0
607 751 0
627 841 0
841 763 0
841 897 0
649 882 0
882 667 0
882 826 0
666 817 0
817 754 0
817 868 0
722 884 0
755 787 0
755 900 0
884 887 0
