995 999 0
1 85 0
85 237 0
85 481 0
85 906 0
2 895 0
895 927 0
895 124 0
895 942 0
3 79 0
79 199 0
79 808 0
79 819 0
4 406 0
406 253 0
406 387 0
406 610 0
5 743 0
743 294 0
743 651 0
743 893 0
6 877 0
877 81 0
877 171 0
877 583 0
7 330 0
330 155 0
330 303 0
330 418 0
8 628 0
628 22 0
628 544 0
628 715 0
9 232 0
9 340 0
9 506 0
9 597 0
10 30 0
10 495 0
10 701 0
10 810 0
11 324 0
11 636 0
11 684 0
11 826 0
324 156 0
324 834 0
324 842 0
324 943 0
12 290 0
12 400 0
12 437 0
12 470 0
290 71 0
290 93 0
290 598 0
290 933 0
400 285 0
400 688 0
400 693 0
13 983 0
983 705 0
983 853 0
983 50 0
983 233 0
14 426 0
426 265 0
426 979 0
426 1000 0
15 95 0
15 203 0
15 790 0
15 949 0
16 205 0
205 508 0
205 662 0
205 850 0
17 857 0
857 45 0
857 212 0
857 854 0
18 240 0
18 275 0
18 631 0
240 236 0
240 483 0
240 606 0
240 898 0
275 100 0
275 512 0
275 586 0
19 420 0
420 494 0
420 698 0
420 791 0
20 53 0
20 113 0
20 478 0
20 842 0
53 507 0
53 706 0
53 728 0
113 111 0
113 675 0
113 841 0
21 559 0
559 76 0
559 227 0
559 250 0
559 562 0
22 266 0
22 897 0
266 235 0
266 119 0
266 531 0
23 419 0
419 510 0
419 888 0
419 966 0
24 813 0
813 543 0
813 643 0
25 996 0
996 763 0
996 884 0
26 883 0
883 466 0
883 654 0
883 294 0
883 250 0
27 67 0
27 191 0
27 261 0
27 286 0
27 548 0
27 738 0
67 125 0
67 298 0
67 364 0
191 241 0
191 307 0
191 601 0
261 754 0
286 738 0
28 861 0
861 238 0
861 408 0
29 78 0
78 536 0
78 785 0
78 926 0
31 217 0
31 353 0
31 491 0
31 958 0
32 293 0
293 112 0
293 132 0
293 237 0
33 139 0
33 415 0
33 472 0
139 209 0
139 372 0
139 673 0
139 917 0
34 48 0
34 119 0
34 391 0
34 515 0
48 284 0
48 778 0
119 166 0
119 780 0
35 87 0
35 197 0
35 635 0
35 642 0
35 669 0
36 327 0
327 469 0
327 488 0
327 649 0
37 742 0
742 105 0
742 233 0
742 751 0
742 969 0
38 153 0
38 326 0
38 369 0
38 937 0
326 92 0
326 336 0
326 354 0
39 70 0
70 404 0
70 451 0
70 868 0
40 953 0
953 189 0
953 184 0
953 359 0
41 157 0
157 75 0
157 136 0
157 486 0
42 163 0
42 209 0
42 233 0
42 604 0
209 724 0
209 739 0
43 924 0
924 180 0
924 305 0
44 73 0
73 562 0
73 797 0
73 863 0
73 911 0
46 938 0
938 682 0
47 379 0
379 116 0
379 885 0
379 974 0
49 514 0
49 709 0
49 913 0
49 972 0
709 724 0
709 843 0
709 149 0
50 160 0
50 176 0
50 987 0
160 389 0
160 490 0
160 697 0
176 461 0
176 535 0
176 980 0
51 122 0
122 254 0
122 125 0
122 916 0
52 164 0
52 255 0
52 310 0
52 609 0
164 395 0
164 564 0
54 222 0
54 467 0
54 484 0
54 625 0
222 206 0
222 237 0
222 900 0
222 391 0
467 101 0
467 616 0
467 663 0
55 134 0
55 681 0
55 903 0
55 952 0
56 411 0
411 672 0
411 889 0
411 941 0
57 707 0
707 455 0
707 722 0
707 855 0
58 795 0
795 410 0
795 227 0
795 921 0
59 283 0
59 551 0
59 649 0
59 836 0
60 736 0
736 334 0
736 699 0
736 714 0
61 456 0
61 471 0
61 498 0
61 648 0
456 211 0
456 777 0
456 833 0
62 961 0
961 493 0
961 522 0
63 739 0
739 653 0
739 764 0
739 908 0
64 90 0
64 102 0
64 991 0
90 315 0
90 339 0
90 700 0
90 900 0
102 542 0
102 771 0
102 825 0
65 77 0
77 133 0
77 206 0
77 439 0
66 794 0
794 130 0
794 615 0
125 117 0
125 792 0
68 187 0
187 276 0
187 920 0
187 933 0
69 351 0
351 423 0
351 787 0
351 862 0
404 766 0
404 535 0
72 792 0
792 740 0
792 950 0
562 321 0
797 362 0
74 387 0
74 391 0
74 424 0
74 669 0
387 320 0
387 487 0
391 489 0
75 211 0
75 812 0
75 840 0
211 672 0
211 985 0
536 86 0
536 348 0
536 828 0
199 549 0
199 554 0
199 828 0
80 710 0
710 297 0
710 371 0
82 478 0
478 436 0
478 908 0
83 251 0
251 533 0
251 747 0
251 751 0
84 587 0
587 526 0
587 782 0
587 806 0
587 908 0
237 556 0
86 123 0
86 685 0
86 835 0
88 225 0
88 729 0
88 793 0
88 958 0
89 259 0
89 376 0
89 396 0
259 116 0
259 192 0
259 517 0
376 174 0
376 516 0
376 822 0
91 487 0
487 158 0
487 381 0
92 193 0
92 588 0
92 809 0
94 321 0
321 208 0
321 579 0
96 117 0
117 198 0
117 592 0
97 840 0
840 567 0
840 832 0
98 311 0
311 159 0
311 273 0
311 645 0
311 982 0
99 396 0
396 457 0
396 923 0
100 540 0
100 671 0
100 817 0
103 442 0
442 131 0
442 446 0
104 834 0
834 383 0
834 428 0
106 210 0
210 600 0
210 622 0
210 930 0
107 964 0
964 267 0
964 373 0
964 553 0
108 987 0
987 530 0
987 541 0
109 320 0
320 678 0
320 892 0
110 265 0
110 470 0
110 605 0
110 948 0
265 520 0
265 780 0
470 714 0
114 242 0
242 257 0
242 711 0
242 761 0
115 274 0
274 159 0
274 402 0
274 932 0
116 555 0
116 721 0
118 879 0
879 377 0
166 294 0
166 583 0
166 848 0
120 640 0
120 745 0
120 902 0
120 989 0
121 852 0
852 303 0
852 737 0
852 919 0
124 496 0
124 767 0
124 975 0
496 594 0
496 823 0
496 985 0
767 147 0
767 347 0
767 589 0
126 843 0
843 655 0
843 860 0
127 786 0
786 249 0
786 553 0
786 563 0
128 633 0
633 192 0
633 270 0
633 994 0
129 415 0
415 575 0
415 768 0
415 980 0
135 777 0
777 144 0
777 914 0
137 800 0
800 392 0
800 865 0
800 192 0
138 464 0
464 250 0
464 630 0
372 499 0
140 148 0
140 597 0
140 870 0
140 940 0
597 680 0
597 780 0
141 168 0
141 298 0
141 302 0
141 349 0
298 476 0
298 765 0
142 314 0
314 453 0
314 558 0
314 947 0
143 667 0
667 730 0
667 904 0
667 929 0
145 395 0
395 291 0
395 634 0
146 683 0
146 692 0
146 751 0
146 970 0
149 190 0
149 571 0
149 670 0
150 734 0
734 363 0
734 956 0
734 701 0
151 890 0
890 306 0
152 555 0
152 717 0
152 724 0
555 234 0
555 264 0
555 399 0
154 545 0
545 279 0
545 594 0
545 626 0
156 417 0
156 440 0
159 401 0
159 779 0
161 484 0
484 474 0
484 657 0
162 656 0
656 452 0
656 582 0
656 851 0
165 248 0
165 440 0
165 472 0
165 831 0
248 221 0
248 431 0
248 504 0
440 434 0
440 593 0
440 981 0
294 976 0
167 993 0
993 500 0
993 518 0
993 235 0
169 915 0
915 341 0
915 578 0
170 827 0
827 424 0
827 479 0
827 614 0
172 219 0
172 235 0
172 329 0
172 581 0
235 776 0
173 882 0
882 196 0
882 696 0
882 206 0
175 963 0
963 880 0
963 307 0
461 358 0
177 417 0
417 510 0
417 864 0
178 776 0
776 951 0
776 967 0
179 246 0
179 427 0
179 526 0
179 886 0
181 258 0
258 525 0
258 529 0
258 989 0
182 503 0
503 561 0
503 760 0
503 823 0
183 437 0
437 662 0
437 816 0
184 489 0
184 638 0
184 978 0
489 958 0
638 325 0
638 366 0
638 668 0
185 535 0
185 649 0
185 714 0
185 761 0
535 778 0
535 842 0
649 412 0
186 624 0
624 317 0
624 637 0
624 818 0
188 550 0
550 271 0
550 716 0
550 594 0
192 438 0
438 612 0
438 789 0
438 845 0
194 483 0
483 409 0
483 568 0
195 872 0
872 807 0
872 482 0
872 903 0
549 505 0
549 867 0
549 907 0
200 812 0
812 230 0
812 621 0
201 824 0
824 356 0
824 770 0
824 958 0
202 677 0
677 462 0
677 980 0
677 988 0
204 623 0
623 531 0
623 584 0
623 783 0
206 936 0
936 539 0
936 590 0
936 990 0
207 620 0
207 641 0
207 791 0
207 871 0
213 556 0
556 239 0
556 805 0
556 494 0
214 216 0
214 534 0
214 572 0
214 823 0
215 617 0
617 422 0
617 613 0
617 891 0
218 725 0
725 772 0
725 930 0
725 973 0
220 236 0
236 747 0
236 844 0
236 935 0
223 252 0
252 398 0
252 903 0
252 905 0
224 421 0
224 773 0
224 945 0
224 977 0
226 284 0
226 854 0
226 862 0
226 945 0
284 364 0
284 517 0
284 671 0
227 666 0
666 502 0
666 577 0
666 719 0
228 801 0
801 713 0
801 510 0
801 999 0
229 625 0
625 447 0
625 580 0
625 992 0
231 333 0
333 337 0
333 352 0
333 818 0
747 669 0
243 472 0
472 573 0
244 874 0
874 300 0
874 727 0
245 642 0
245 823 0
245 875 0
245 894 0
642 991 0
247 714 0
247 731 0
247 849 0
247 866 0
714 385 0
256 499 0
499 519 0
499 631 0
499 922 0
260 548 0
548 537 0
548 846 0
262 358 0
358 679 0
358 784 0
263 292 0
292 282 0
292 368 0
292 509 0
292 701 0
268 748 0
748 741 0
748 752 0
748 422 0
269 463 0
463 281 0
463 848 0
463 997 0
272 277 0
277 453 0
277 671 0
277 708 0
277 887 0
453 689 0
278 690 0
690 301 0
690 407 0
690 582 0
280 804 0
804 473 0
804 583 0
804 873 0
364 744 0
364 779 0
517 354 0
517 880 0
287 480 0
480 454 0
480 791 0
480 799 0
288 943 0
943 388 0
943 774 0
289 910 0
910 460 0
910 723 0
295 738 0
738 365 0
738 375 0
296 465 0
296 662 0
296 733 0
296 995 0
476 445 0
476 753 0
476 912 0
299 897 0
897 596 0
897 650 0
303 720 0
303 880 0
720 547 0
720 566 0
720 759 0
304 718 0
718 312 0
718 576 0
307 611 0
611 435 0
611 531 0
611 599 0
611 934 0
308 316 0
316 313 0
316 450 0
316 669 0
309 554 0
554 342 0
554 881 0
318 978 0
978 443 0
978 585 0
319 765 0
765 523 0
765 758 0
322 796 0
796 331 0
796 374 0
323 332 0
323 403 0
323 603 0
328 954 0
954 429 0
954 839 0
954 455 0
335 766 0
766 497 0
766 661 0
336 344 0
336 459 0
336 815 0
338 998 0
998 343 0
345 976 0
976 425 0
976 475 0
346 618 0
618 532 0
618 602 0
348 501 0
348 644 0
348 957 0
350 468 0
350 582 0
350 876 0
350 900 0
354 422 0
354 701 0
422 629 0
355 378 0
378 361 0
378 414 0
357 629 0
629 735 0
629 931 0
360 829 0
829 552 0
829 660 0
362 455 0
362 509 0
362 868 0
362 985 0
455 992 0
455 944 0
509 606 0
744 553 0
367 458 0
458 384 0
458 524 0
458 553 0
370 680 0
680 627 0
680 821 0
380 412 0
412 560 0
412 878 0
382 608 0
382 798 0
382 818 0
382 959 0
385 432 0
385 647 0
385 695 0
386 712 0
712 430 0
712 933 0
712 946 0
390 520 0
520 687 0
520 757 0
393 944 0
944 405 0
944 658 0
394 639 0
639 594 0
639 838 0
639 971 0
397 962 0
962 521 0
962 531 0
962 965 0
401 413 0
401 433 0
401 939 0
416 721 0
721 511 0
721 814 0
494 606 0
424 732 0
424 755 0
424 898 0
732 775 0
732 869 0
755 477 0
755 837 0
755 992 0
441 652 0
652 448 0
652 669 0
652 968 0
444 781 0
781 632 0
781 726 0
781 526 0
449 896 0
896 557 0
482 594 0
482 842 0
485 569 0
485 619 0
485 928 0
485 848 0
492 694 0
492 704 0
492 750 0
512 528 0
512 659 0
512 665 0
513 830 0
830 646 0
830 674 0
515 724 0
515 746 0
515 828 0
724 903 0
746 791 0
526 779 0
779 930 0
527 833 0
833 546 0
833 703 0
778 664 0
778 985 0
842 751 0
538 586 0
586 811 0
586 984 0
564 607 0
564 769 0
564 803 0
565 975 0
975 574 0
975 591 0
570 955 0
955 686 0
583 918 0
918 788 0
918 909 0
595 754 0
754 756 0
754 848 0
754 986 0
606 691 0
606 762 0
664 831 0
730 828 0
676 847 0
676 858 0
676 898 0
676 930 0
689 802 0
689 820 0
689 899 0
702 717 0
717 749 0
717 980 0
780 933 0
818 991 0
991 949 0
