596 599 0
1 53 0
53 76 0
53 459 0
53 560 0
2 171 0
2 286 0
2 458 0
2 563 0
3 321 0
321 145 0
321 247 0
321 382 0
4 430 0
430 102 0
430 384 0
430 464 0
5 113 0
113 317 0
113 411 0
113 483 0
6 206 0
6 370 0
6 393 0
6 456 0
7 221 0
7 269 0
7 541 0
7 548 0
8 105 0
8 126 0
8 422 0
8 529 0
126 47 0
126 106 0
126 227 0
9 469 0
469 237 0
469 246 0
469 425 0
10 294 0
294 80 0
294 125 0
294 173 0
11 88 0
11 251 0
11 312 0
11 506 0
251 63 0
251 70 0
251 282 0
251 325 0
251 542 0
251 595 0
12 267 0
267 354 0
267 487 0
267 562 0
13 381 0
381 73 0
381 39 0
381 505 0
14 341 0
341 30 0
341 305 0
341 461 0
15 496 0
496 457 0
496 540 0
496 518 0
16 92 0
16 215 0
16 272 0
16 335 0
16 571 0
215 361 0
215 511 0
272 70 0
272 100 0
272 276 0
17 575 0
575 220 0
575 349 0
575 537 0
18 129 0
18 173 0
18 180 0
18 512 0
173 86 0
173 416 0
19 589 0
589 40 0
589 409 0
589 425 0
20 25 0
20 61 0
20 86 0
20 374 0
25 356 0
61 46 0
61 308 0
21 143 0
143 148 0
143 327 0
143 117 0
22 360 0
22 511 0
22 574 0
22 579 0
360 166 0
511 284 0
511 390 0
23 114 0
114 280 0
114 314 0
24 74 0
24 223 0
24 428 0
24 580 0
74 313 0
74 498 0
74 600 0
26 291 0
291 167 0
291 170 0
291 226 0
27 76 0
27 91 0
27 239 0
27 491 0
27 546 0
76 175 0
76 199 0
28 287 0
287 302 0
287 334 0
287 484 0
29 510 0
510 283 0
510 390 0
510 460 0
30 319 0
30 479 0
319 59 0
319 177 0
319 485 0
31 519 0
519 261 0
519 331 0
519 515 0
32 234 0
234 222 0
234 382 0
234 439 0
234 475 0
33 153 0
33 174 0
33 368 0
33 432 0
153 35 0
153 70 0
153 142 0
34 117 0
117 134 0
35 43 0
35 214 0
35 366 0
36 599 0
599 353 0
599 386 0
599 220 0
37 154 0
154 369 0
154 487 0
154 533 0
38 46 0
38 93 0
38 230 0
38 254 0
38 398 0
46 186 0
46 365 0
230 263 0
39 148 0
39 342 0
39 448 0
148 166 0
148 518 0
342 98 0
342 452 0
342 577 0
41 44 0
41 170 0
41 172 0
41 470 0
170 509 0
42 57 0
42 69 0
42 200 0
45 423 0
423 149 0
423 299 0
423 364 0
47 279 0
47 436 0
47 514 0
48 111 0
111 205 0
111 352 0
111 477 0
49 186 0
186 64 0
186 94 0
186 517 0
50 544 0
544 268 0
544 140 0
544 383 0
51 399 0
399 298 0
399 339 0
399 539 0
52 594 0
594 99 0
594 116 0
594 518 0
54 442 0
442 71 0
442 103 0
442 264 0
55 101 0
101 337 0
101 408 0
101 556 0
56 275 0
275 112 0
275 245 0
275 292 0
58 468 0
468 78 0
468 71 0
468 202 0
60 122 0
122 162 0
122 391 0
122 593 0
62 310 0
310 363 0
310 557 0
310 578 0
63 501 0
65 600 0
600 380 0
600 403 0
66 260 0
260 212 0
260 337 0
260 429 0
67 72 0
67 141 0
67 178 0
67 284 0
68 591 0
591 97 0
591 421 0
70 356 0
71 151 0
151 155 0
151 203 0
151 301 0
151 491 0
151 542 0
313 96 0
313 425 0
313 166 0
75 248 0
248 231 0
248 344 0
77 501 0
501 135 0
501 302 0
79 573 0
573 85 0
573 438 0
573 487 0
81 326 0
326 160 0
326 253 0
326 331 0
82 139 0
139 309 0
139 316 0
139 411 0
83 306 0
83 418 0
83 419 0
83 565 0
84 243 0
243 198 0
243 547 0
243 588 0
86 220 0
86 487 0
220 304 0
87 489 0
489 128 0
489 480 0
489 96 0
489 542 0
89 107 0
107 320 0
107 482 0
107 538 0
90 339 0
90 441 0
90 552 0
90 568 0
339 169 0
339 273 0
95 336 0
336 140 0
336 372 0
336 444 0
96 343 0
343 201 0
343 478 0
343 585 0
100 209 0
100 210 0
100 252 0
100 351 0
337 574 0
337 351 0
337 497 0
104 168 0
168 164 0
168 351 0
168 425 0
106 150 0
106 363 0
106 500 0
150 175 0
150 273 0
363 208 0
108 595 0
595 133 0
595 371 0
109 208 0
208 147 0
208 474 0
110 120 0
120 232 0
120 288 0
120 394 0
115 276 0
276 473 0
276 551 0
276 590 0
118 440 0
440 392 0
440 516 0
440 394 0
119 263 0
263 235 0
263 245 0
263 492 0
121 289 0
121 456 0
121 467 0
121 520 0
123 136 0
123 224 0
123 570 0
123 588 0
124 304 0
304 191 0
304 240 0
127 169 0
169 347 0
169 410 0
130 365 0
365 266 0
365 587 0
131 427 0
427 415 0
427 439 0
427 500 0
427 282 0
427 508 0
132 335 0
132 377 0
132 464 0
132 597 0
335 509 0
377 407 0
377 576 0
137 476 0
476 376 0
476 500 0
476 555 0
138 503 0
503 218 0
503 285 0
503 284 0
140 225 0
225 333 0
225 451 0
225 564 0
142 434 0
142 567 0
142 572 0
434 487 0
434 407 0
144 526 0
526 158 0
146 238 0
238 350 0
238 388 0
175 411 0
175 548 0
175 562 0
301 277 0
301 303 0
152 479 0
479 257 0
479 558 0
156 262 0
156 413 0
156 513 0
156 581 0
157 199 0
199 324 0
199 504 0
159 307 0
159 490 0
159 493 0
159 500 0
161 244 0
161 300 0
161 308 0
161 401 0
163 346 0
346 184 0
346 419 0
346 481 0
165 303 0
303 302 0
303 328 0
166 535 0
535 382 0
535 464 0
535 517 0
509 356 0
509 394 0
509 482 0
509 562 0
411 536 0
176 536 0
536 385 0
536 491 0
179 431 0
431 241 0
431 364 0
431 582 0
181 296 0
296 250 0
296 495 0
182 497 0
497 211 0
497 550 0
183 586 0
586 265 0
185 278 0
278 228 0
278 236 0
278 271 0
187 311 0
187 397 0
187 486 0
187 563 0
188 194 0
194 352 0
194 404 0
194 439 0
189 426 0
426 192 0
426 284 0
426 437 0
190 325 0
325 290 0
325 405 0
193 576 0
576 281 0
576 472 0
576 271 0
352 407 0
195 245 0
195 256 0
195 494 0
195 559 0
196 274 0
274 271 0
274 435 0
274 443 0
197 249 0
197 394 0
197 473 0
197 525 0
204 498 0
498 259 0
498 402 0
207 379 0
379 217 0
379 308 0
379 524 0
213 407 0
407 400 0
407 424 0
361 355 0
361 387 0
361 450 0
361 588 0
216 553 0
553 293 0
553 420 0
553 308 0
219 523 0
523 446 0
523 517 0
227 445 0
227 455 0
227 528 0
229 522 0
522 412 0
233 448 0
448 242 0
448 329 0
382 552 0
382 543 0
255 340 0
340 295 0
340 378 0
258 332 0
332 364 0
332 502 0
332 507 0
270 471 0
471 322 0
471 462 0
271 374 0
374 581 0
374 588 0
273 331 0
273 593 0
331 465 0
277 338 0
277 362 0
277 482 0
277 499 0
302 592 0
297 521 0
521 449 0
315 463 0
463 348 0
463 454 0
463 518 0
318 466 0
466 414 0
466 464 0
466 554 0
323 465 0
465 389 0
465 530 0
330 531 0
531 375 0
364 579 0
345 390 0
345 569 0
345 583 0
356 592 0
356 598 0
592 419 0
592 433 0
357 396 0
396 417 0
396 453 0
396 419 0
358 584 0
584 433 0
584 447 0
584 549 0
359 543 0
543 367 0
543 488 0
373 416 0
416 561 0
416 566 0
395 527 0
527 406 0
517 560 0
