692 699 0
1 433 0
433 388 0
433 310 0
433 458 0
2 67 0
2 206 0
2 233 0
2 326 0
206 20 0
206 118 0
206 616 0
3 620 0
620 319 0
4 123 0
4 144 0
4 173 0
4 185 0
4 500 0
123 34 0
123 410 0
144 130 0
144 359 0
5 64 0
64 220 0
64 391 0
64 457 0
6 73 0
73 301 0
73 546 0
73 596 0
7 132 0
7 334 0
7 385 0
7 675 0
8 309 0
309 74 0
309 125 0
309 521 0
9 63 0
9 220 0
9 286 0
9 341 0
220 72 0
10 370 0
370 25 0
370 191 0
370 160 0
370 520 0
11 193 0
11 194 0
11 394 0
11 622 0
193 91 0
193 618 0
12 621 0
621 455 0
13 55 0
13 169 0
13 413 0
13 490 0
14 121 0
14 316 0
14 614 0
14 686 0
121 290 0
121 418 0
121 594 0
316 202 0
316 227 0
316 495 0
15 670 0
670 49 0
670 290 0
670 403 0
16 593 0
593 198 0
593 448 0
593 21 0
17 53 0
17 300 0
17 442 0
17 489 0
300 127 0
300 135 0
300 419 0
300 564 0
18 54 0
18 452 0
18 560 0
18 694 0
54 444 0
54 515 0
54 581 0
452 129 0
452 242 0
452 244 0
19 653 0
653 573 0
20 131 0
20 446 0
20 555 0
21 46 0
21 133 0
21 153 0
46 155 0
46 191 0
46 253 0
133 183 0
133 279 0
133 336 0
22 443 0
443 65 0
443 307 0
443 628 0
443 99 0
23 591 0
591 48 0
591 345 0
591 114 0
24 89 0
89 306 0
89 339 0
89 671 0
26 308 0
308 239 0
308 329 0
308 496 0
27 371 0
371 387 0
371 465 0
371 607 0
28 91 0
91 219 0
91 625 0
29 104 0
29 187 0
29 409 0
29 665 0
187 71 0
187 501 0
30 302 0
30 531 0
30 672 0
302 127 0
302 278 0
31 146 0
31 331 0
31 390 0
31 535 0
32 105 0
32 252 0
32 413 0
32 481 0
33 95 0
33 98 0
33 292 0
33 373 0
33 494 0
95 167 0
95 353 0
95 650 0
98 190 0
34 92 0
34 477 0
34 669 0
34 700 0
669 543 0
669 103 0
35 630 0
630 90 0
630 142 0
630 401 0
36 353 0
353 184 0
353 451 0
37 524 0
524 82 0
524 238 0
524 234 0
38 118 0
118 341 0
118 377 0
118 651 0
39 135 0
135 346 0
135 526 0
40 410 0
410 431 0
410 664 0
41 635 0
635 249 0
635 567 0
42 317 0
42 349 0
42 352 0
42 587 0
42 679 0
317 468 0
317 480 0
317 256 0
43 248 0
43 464 0
43 531 0
43 543 0
248 99 0
464 260 0
464 570 0
44 470 0
470 76 0
470 120 0
470 255 0
470 482 0
45 71 0
45 256 0
45 672 0
45 560 0
71 396 0
71 455 0
256 76 0
256 114 0
155 571 0
155 418 0
191 62 0
191 378 0
47 574 0
574 66 0
574 327 0
574 50 0
50 284 0
50 379 0
50 471 0
284 190 0
284 381 0
284 531 0
379 299 0
379 333 0
379 624 0
51 359 0
51 616 0
51 647 0
51 679 0
359 265 0
359 288 0
616 553 0
616 134 0
616 310 0
52 255 0
52 413 0
52 441 0
52 556 0
413 681 0
413 276 0
56 161 0
56 354 0
56 396 0
56 696 0
57 395 0
395 253 0
395 466 0
395 699 0
58 200 0
58 301 0
58 324 0
58 582 0
301 109 0
301 217 0
59 338 0
338 418 0
338 436 0
338 525 0
60 694 0
694 399 0
694 538 0
61 570 0
61 609 0
61 614 0
570 414 0
570 243 0
570 321 0
62 79 0
62 116 0
62 311 0
68 322 0
322 142 0
322 276 0
322 425 0
322 542 0
69 134 0
69 211 0
69 283 0
69 407 0
134 421 0
70 564 0
564 111 0
564 449 0
72 214 0
72 247 0
72 400 0
74 562 0
74 598 0
562 75 0
562 266 0
562 323 0
76 533 0
76 595 0
77 99 0
77 392 0
77 658 0
77 663 0
99 325 0
78 178 0
178 234 0
178 628 0
178 642 0
178 693 0
80 328 0
328 404 0
328 234 0
328 605 0
81 488 0
488 263 0
488 606 0
488 657 0
83 602 0
602 432 0
84 423 0
84 612 0
84 623 0
612 160 0
612 474 0
85 103 0
103 267 0
103 487 0
86 539 0
539 102 0
539 356 0
539 646 0
87 682 0
682 456 0
682 507 0
88 226 0
226 136 0
226 254 0
226 381 0
93 305 0
305 158 0
305 261 0
305 390 0
94 156 0
156 216 0
156 339 0
156 361 0
156 512 0
167 128 0
167 188 0
167 272 0
96 579 0
579 114 0
579 168 0
579 478 0
579 197 0
97 119 0
97 137 0
97 205 0
97 668 0
100 113 0
113 471 0
113 548 0
113 619 0
101 153 0
153 264 0
153 296 0
106 163 0
163 298 0
163 641 0
163 647 0
107 372 0
372 363 0
372 192 0
372 549 0
108 162 0
162 160 0
162 190 0
162 277 0
162 572 0
109 235 0
109 594 0
109 647 0
235 412 0
235 509 0
235 513 0
110 654 0
654 115 0
654 469 0
654 527 0
654 441 0
112 406 0
406 230 0
406 260 0
406 389 0
406 408 0
471 175 0
471 516 0
114 223 0
223 522 0
223 577 0
223 589 0
117 197 0
117 221 0
117 510 0
117 558 0
197 186 0
341 127 0
290 210 0
290 479 0
122 479 0
479 454 0
479 230 0
124 141 0
124 350 0
124 429 0
124 660 0
126 631 0
631 195 0
127 329 0
127 385 0
329 674 0
329 416 0
130 424 0
130 569 0
130 685 0
421 360 0
421 679 0
421 688 0
138 595 0
595 375 0
595 476 0
139 246 0
139 381 0
139 554 0
139 563 0
381 277 0
381 502 0
140 207 0
207 356 0
207 411 0
207 459 0
142 561 0
561 342 0
561 441 0
561 462 0
561 277 0
143 416 0
416 145 0
416 164 0
147 415 0
415 396 0
415 439 0
415 557 0
148 357 0
148 453 0
148 455 0
148 627 0
149 151 0
151 174 0
151 215 0
151 260 0
150 378 0
378 170 0
378 437 0
152 177 0
152 358 0
152 668 0
152 677 0
154 474 0
474 344 0
474 405 0
216 532 0
216 576 0
339 508 0
157 303 0
157 310 0
157 529 0
157 550 0
310 240 0
159 576 0
576 418 0
576 604 0
190 228 0
190 536 0
165 493 0
493 263 0
493 282 0
493 386 0
166 192 0
166 280 0
166 289 0
166 440 0
192 369 0
192 680 0
171 390 0
171 417 0
171 523 0
171 662 0
390 369 0
172 678 0
678 285 0
175 212 0
175 355 0
175 547 0
176 639 0
639 430 0
639 260 0
639 472 0
234 278 0
628 568 0
179 199 0
179 253 0
179 304 0
179 337 0
180 686 0
686 293 0
686 340 0
181 532 0
532 186 0
532 565 0
532 668 0
182 325 0
325 335 0
325 644 0
186 531 0
186 674 0
531 369 0
189 203 0
189 204 0
189 540 0
189 588 0
228 511 0
228 530 0
228 584 0
196 213 0
196 330 0
196 558 0
196 652 0
201 598 0
598 250 0
598 428 0
356 278 0
208 210 0
210 426 0
210 613 0
209 680 0
680 393 0
680 276 0
217 225 0
217 537 0
217 632 0
218 578 0
578 313 0
578 431 0
578 697 0
222 480 0
480 364 0
480 460 0
224 551 0
551 503 0
551 585 0
229 271 0
229 332 0
229 461 0
229 544 0
231 294 0
294 385 0
294 398 0
294 483 0
232 412 0
412 270 0
412 295 0
278 419 0
278 431 0
236 590 0
590 275 0
590 544 0
590 667 0
237 692 0
692 241 0
692 287 0
692 527 0
240 281 0
240 492 0
240 534 0
243 435 0
243 485 0
243 691 0
245 351 0
351 463 0
351 588 0
351 673 0
251 609 0
609 418 0
609 420 0
257 468 0
468 348 0
468 615 0
258 545 0
545 315 0
545 649 0
545 396 0
259 516 0
516 291 0
516 695 0
262 314 0
262 320 0
262 431 0
262 617 0
263 274 0
263 543 0
263 547 0
274 368 0
274 422 0
274 603 0
268 438 0
438 544 0
438 611 0
438 690 0
269 674 0
674 365 0
674 566 0
273 502 0
502 486 0
502 661 0
419 414 0
385 541 0
297 321 0
321 498 0
321 559 0
312 614 0
614 397 0
614 676 0
318 367 0
367 343 0
367 640 0
333 473 0
333 601 0
333 698 0
508 427 0
508 517 0
508 600 0
347 528 0
528 499 0
528 592 0
362 447 0
447 434 0
447 484 0
366 683 0
683 382 0
374 597 0
597 504 0
376 533 0
533 580 0
533 586 0
380 541 0
541 514 0
541 643 0
383 568 0
568 558 0
568 608 0
384 618 0
618 518 0
618 519 0
402 505 0
505 552 0
505 575 0
681 594 0
681 637 0
414 475 0
414 633 0
544 543 0
445 509 0
509 497 0
509 599 0
450 501 0
501 656 0
501 666 0
467 536 0
536 634 0
536 689 0
491 571 0
571 527 0
571 638 0
506 513 0
513 655 0
513 684 0
527 560 0
560 660 0
553 636 0
636 607 0
594 672 0
650 668 0
