954 999 0
1 224 0
224 545 0
224 740 0
224 898 0
2 211 0
2 247 0
2 496 0
2 777 0
247 572 0
247 241 0
3 715 0
715 107 0
715 464 0
715 695 0
4 80 0
80 300 0
80 504 0
80 881 0
5 115 0
5 262 0
5 742 0
5 753 0
262 240 0
262 376 0
262 543 0
262 579 0
262 669 0
6 274 0
274 204 0
274 289 0
274 667 0
274 456 0
7 483 0
7 560 0
7 804 0
483 453 0
483 851 0
8 272 0
8 565 0
8 707 0
8 859 0
8 989 0
272 481 0
272 722 0
565 480 0
565 545 0
565 940 0
9 218 0
218 268 0
218 311 0
218 374 0
218 534 0
10 112 0
10 202 0
10 259 0
10 529 0
10 899 0
112 66 0
112 85 0
259 328 0
11 51 0
11 605 0
11 661 0
11 891 0
605 191 0
12 55 0
12 558 0
12 588 0
55 201 0
55 998 0
55 287 0
13 110 0
13 135 0
13 287 0
13 806 0
14 41 0
14 56 0
14 996 0
41 341 0
41 532 0
41 634 0
41 718 0
15 155 0
15 319 0
15 515 0
15 629 0
155 217 0
155 568 0
155 830 0
155 977 0
319 276 0
319 323 0
319 451 0
515 593 0
16 219 0
16 242 0
16 454 0
16 524 0
16 871 0
219 307 0
219 522 0
219 711 0
219 23 0
219 859 0
454 804 0
17 29 0
17 215 0
17 296 0
17 302 0
17 525 0
29 140 0
29 156 0
29 162 0
29 523 0
215 585 0
18 137 0
18 258 0
18 517 0
18 619 0
18 935 0
19 133 0
133 476 0
133 877 0
133 887 0
20 327 0
327 418 0
327 633 0
327 804 0
21 876 0
876 494 0
876 741 0
876 584 0
22 74 0
74 405 0
74 686 0
74 733 0
23 191 0
191 230 0
191 774 0
191 865 0
24 35 0
24 334 0
24 374 0
24 453 0
24 996 0
35 463 0
35 750 0
35 805 0
334 752 0
334 771 0
374 171 0
374 442 0
25 92 0
92 64 0
92 107 0
92 475 0
26 45 0
45 132 0
45 768 0
27 505 0
27 745 0
505 770 0
505 812 0
505 301 0
28 572 0
572 329 0
572 526 0
572 911 0
140 96 0
140 451 0
140 712 0
156 174 0
156 808 0
162 94 0
162 103 0
162 278 0
162 893 0
30 394 0
394 65 0
394 476 0
394 755 0
31 253 0
31 387 0
253 123 0
253 134 0
253 424 0
253 728 0
32 558 0
558 375 0
558 838 0
558 986 0
33 659 0
659 68 0
34 703 0
703 108 0
703 431 0
703 644 0
463 423 0
463 769 0
463 832 0
36 127 0
36 294 0
36 435 0
36 634 0
127 469 0
37 67 0
67 101 0
67 369 0
67 716 0
38 389 0
389 62 0
389 93 0
389 641 0
39 744 0
744 584 0
744 937 0
40 368 0
368 457 0
368 1000 0
368 752 0
532 50 0
532 356 0
42 766 0
766 858 0
766 978 0
43 69 0
43 199 0
43 363 0
43 561 0
43 574 0
69 241 0
69 750 0
69 848 0
199 388 0
199 499 0
363 192 0
44 415 0
415 574 0
415 488 0
132 373 0
132 407 0
46 442 0
442 108 0
442 335 0
442 354 0
47 192 0
47 841 0
192 678 0
192 849 0
192 1000 0
48 618 0
618 206 0
618 702 0
49 615 0
49 750 0
49 912 0
615 311 0
615 691 0
615 182 0
615 557 0
750 410 0
50 286 0
50 672 0
50 677 0
50 734 0
286 434 0
672 487 0
52 918 0
918 164 0
918 344 0
918 528 0
918 367 0
53 308 0
308 406 0
308 474 0
308 544 0
54 136 0
54 197 0
54 683 0
54 712 0
54 948 0
136 119 0
136 154 0
201 283 0
201 331 0
201 602 0
201 999 0
56 93 0
56 182 0
56 365 0
56 867 0
93 595 0
182 301 0
182 466 0
182 782 0
365 57 0
365 116 0
57 61 0
57 186 0
57 623 0
57 636 0
57 969 0
61 145 0
61 503 0
61 998 0
623 232 0
58 273 0
273 71 0
273 223 0
273 236 0
59 873 0
873 671 0
60 809 0
809 480 0
145 481 0
145 727 0
145 973 0
63 104 0
63 270 0
63 399 0
63 647 0
63 931 0
399 85 0
399 536 0
399 625 0
399 878 0
66 379 0
66 428 0
66 752 0
66 964 0
241 111 0
70 122 0
122 81 0
122 245 0
122 423 0
71 275 0
71 328 0
71 907 0
71 938 0
275 120 0
275 250 0
275 731 0
328 128 0
328 179 0
328 307 0
72 704 0
704 521 0
704 626 0
704 712 0
704 381 0
73 787 0
787 167 0
787 366 0
787 722 0
787 141 0
787 686 0
75 841 0
841 320 0
841 452 0
841 940 0
76 304 0
304 220 0
304 384 0
304 314 0
304 480 0
77 445 0
77 670 0
77 717 0
77 971 0
78 831 0
831 322 0
831 474 0
831 501 0
831 417 0
79 470 0
470 530 0
470 793 0
82 700 0
700 478 0
83 465 0
465 97 0
465 651 0
465 679 0
465 762 0
465 165 0
465 587 0
84 963 0
963 673 0
85 557 0
85 733 0
557 407 0
557 614 0
86 669 0
669 648 0
669 713 0
87 458 0
458 414 0
458 111 0
458 600 0
88 119 0
119 130 0
119 631 0
89 265 0
89 552 0
89 587 0
89 646 0
89 684 0
89 698 0
89 758 0
552 154 0
552 209 0
552 345 0
587 402 0
90 826 0
826 150 0
826 612 0
826 487 0
826 788 0
91 171 0
171 106 0
171 609 0
171 635 0
171 790 0
595 284 0
95 204 0
95 511 0
95 616 0
95 733 0
204 311 0
204 857 0
96 244 0
96 531 0
244 131 0
244 578 0
244 772 0
98 209 0
98 297 0
98 397 0
209 599 0
209 889 0
99 853 0
853 563 0
853 574 0
853 584 0
100 447 0
447 267 0
447 446 0
447 679 0
102 306 0
102 513 0
102 679 0
102 811 0
105 338 0
338 176 0
338 234 0
338 431 0
106 536 0
106 803 0
106 616 0
536 847 0
536 927 0
536 968 0
107 687 0
107 910 0
687 203 0
687 467 0
687 520 0
108 884 0
108 758 0
109 340 0
340 165 0
340 364 0
340 367 0
340 579 0
111 210 0
111 403 0
111 755 0
210 160 0
210 228 0
210 592 0
210 716 0
403 147 0
403 159 0
403 485 0
113 362 0
362 601 0
362 817 0
362 897 0
362 934 0
114 208 0
208 151 0
208 355 0
208 640 0
116 141 0
116 844 0
116 866 0
141 681 0
117 143 0
117 185 0
117 325 0
118 944 0
944 177 0
130 541 0
130 583 0
130 859 0
121 480 0
121 596 0
121 762 0
121 880 0
480 654 0
124 346 0
346 200 0
346 654 0
346 793 0
346 813 0
125 860 0
860 170 0
860 287 0
126 845 0
845 539 0
129 312 0
129 417 0
129 855 0
129 956 0
417 771 0
541 169 0
541 527 0
373 278 0
373 299 0
373 575 0
373 833 0
476 376 0
138 401 0
138 486 0
138 630 0
138 842 0
138 864 0
486 387 0
486 397 0
139 516 0
516 326 0
516 423 0
516 882 0
681 412 0
681 585 0
142 929 0
929 222 0
144 342 0
342 225 0
342 282 0
342 440 0
342 728 0
481 588 0
146 688 0
688 566 0
148 410 0
148 431 0
148 456 0
148 862 0
410 154 0
431 260 0
431 903 0
149 388 0
388 554 0
388 613 0
152 266 0
152 381 0
152 449 0
381 733 0
153 650 0
650 548 0
650 778 0
154 498 0
154 507 0
154 999 0
498 679 0
498 903 0
507 232 0
507 902 0
507 803 0
157 628 0
628 642 0
158 434 0
434 184 0
434 549 0
161 546 0
546 330 0
546 166 0
546 796 0
163 856 0
856 504 0
164 930 0
164 940 0
166 407 0
166 469 0
166 493 0
407 728 0
469 638 0
469 843 0
469 888 0
493 837 0
493 857 0
493 994 0
168 883 0
883 231 0
883 357 0
883 737 0
172 735 0
735 724 0
735 260 0
735 406 0
173 726 0
726 359 0
174 436 0
174 440 0
174 453 0
174 784 0
440 686 0
440 765 0
175 378 0
175 620 0
175 733 0
175 865 0
175 879 0
733 501 0
733 964 0
733 307 0
178 922 0
922 309 0
922 510 0
922 276 0
180 992 0
992 371 0
992 682 0
181 567 0
567 518 0
567 450 0
567 719 0
301 355 0
301 679 0
466 543 0
466 888 0
183 429 0
429 461 0
429 597 0
429 804 0
187 721 0
721 472 0
188 588 0
588 336 0
189 560 0
560 537 0
560 582 0
560 769 0
190 264 0
264 229 0
264 413 0
264 728 0
193 398 0
398 468 0
398 501 0
194 402 0
402 547 0
402 981 0
195 430 0
430 437 0
430 545 0
430 932 0
196 443 0
443 404 0
443 767 0
443 722 0
198 497 0
497 406 0
497 655 0
497 695 0
497 725 0
205 310 0
205 490 0
205 624 0
205 981 0
207 361 0
207 571 0
207 793 0
207 949 0
355 749 0
212 263 0
263 382 0
263 492 0
213 760 0
760 865 0
214 840 0
840 385 0
840 625 0
216 720 0
720 474 0
720 603 0
720 318 0
720 835 0
311 616 0
522 878 0
522 397 0
711 239 0
711 863 0
221 632 0
221 722 0
221 743 0
722 768 0
223 488 0
223 765 0
488 769 0
765 925 0
226 627 0
627 462 0
227 288 0
288 396 0
288 619 0
288 769 0
288 829 0
232 606 0
232 888 0
232 958 0
233 943 0
943 810 0
235 332 0
332 321 0
332 761 0
332 832 0
237 500 0
500 315 0
500 561 0
500 755 0
500 314 0
238 803 0
803 997 0
240 279 0
243 400 0
400 287 0
400 754 0
400 995 0
246 965 0
965 278 0
248 824 0
824 709 0
824 962 0
824 996 0
249 629 0
629 370 0
629 503 0
251 252 0
251 295 0
251 367 0
251 441 0
367 818 0
254 509 0
254 561 0
254 675 0
254 947 0
561 785 0
561 555 0
255 892 0
892 608 0
256 345 0
345 807 0
345 984 0
257 372 0
372 573 0
372 581 0
372 894 0
260 935 0
261 387 0
387 660 0
376 691 0
543 736 0
579 590 0
269 590 0
590 456 0
590 710 0
590 799 0
271 985 0
985 423 0
985 822 0
276 297 0
276 586 0
297 314 0
297 538 0
297 697 0
297 854 0
277 960 0
960 391 0
279 564 0
279 916 0
280 397 0
280 805 0
397 957 0
281 459 0
459 285 0
459 477 0
459 737 0
459 829 0
287 805 0
805 978 0
290 696 0
696 318 0
291 901 0
901 456 0
292 502 0
502 607 0
502 872 0
502 966 0
293 993 0
993 349 0
298 920 0
920 421 0
303 913 0
913 662 0
305 570 0
570 652 0
570 666 0
406 848 0
313 583 0
583 348 0
316 783 0
783 514 0
317 531 0
531 542 0
531 764 0
318 614 0
614 729 0
323 593 0
323 870 0
593 797 0
870 380 0
324 749 0
749 432 0
749 814 0
333 495 0
333 526 0
333 649 0
333 988 0
337 594 0
337 653 0
337 729 0
337 890 0
339 954 0
954 512 0
343 433 0
343 607 0
343 839 0
343 850 0
347 794 0
794 473 0
350 555 0
555 484 0
555 747 0
351 902 0
902 519 0
902 637 0
902 768 0
352 499 0
499 551 0
499 621 0
353 656 0
656 409 0
656 917 0
356 360 0
356 645 0
356 935 0
356 950 0
358 771 0
771 455 0
817 425 0
818 793 0
818 926 0
818 938 0
573 663 0
573 782 0
377 836 0
836 427 0
383 705 0
705 556 0
705 987 0
386 450 0
386 451 0
386 680 0
386 888 0
386 988 0
450 533 0
451 989 0
680 706 0
390 781 0
781 508 0
392 491 0
392 763 0
392 852 0
393 617 0
617 815 0
617 884 0
395 825 0
825 685 0
408 559 0
408 723 0
408 955 0
411 878 0
878 773 0
878 798 0
412 471 0
412 795 0
412 952 0
574 487 0
416 875 0
875 439 0
419 823 0
823 758 0
420 474 0
420 639 0
422 928 0
928 503 0
928 504 0
423 808 0
425 540 0
425 729 0
425 861 0
426 611 0
611 576 0
438 448 0
438 701 0
438 776 0
444 915 0
915 589 0
533 506 0
533 938 0
533 982 0
460 668 0
668 759 0
479 523 0
479 612 0
479 800 0
479 933 0
523 976 0
482 663 0
663 550 0
489 820 0
820 657 0
503 868 0
504 782 0
504 961 0
782 934 0
770 610 0
812 674 0
535 745 0
745 816 0
745 940 0
745 980 0
553 801 0
801 708 0
801 834 0
562 639 0
639 676 0
639 769 0
639 802 0
569 699 0
569 869 0
569 885 0
569 909 0
577 886 0
886 677 0
580 846 0
846 622 0
846 779 0
585 634 0
585 804 0
634 748 0
634 976 0
586 665 0
586 792 0
586 906 0
598 739 0
598 827 0
604 903 0
903 714 0
691 907 0
884 996 0
976 830 0
664 998 0
998 756 0
706 730 0
907 971 0
692 930 0
930 789 0
930 862 0
695 931 0
716 791 0
791 732 0
768 983 0
737 910 0
779 862 0
848 986 0
857 888 0
