744 799 0
1 38 0
1 491 0
1 505 0
1 618 0
1 659 0
1 717 0
38 179 0
38 590 0
38 602 0
38 779 0
505 346 0
618 734 0
2 522 0
522 324 0
522 184 0
522 523 0
3 248 0
3 331 0
248 28 0
248 147 0
248 180 0
248 295 0
4 77 0
4 187 0
4 251 0
4 293 0
4 366 0
4 388 0
4 657 0
187 307 0
187 347 0
187 395 0
251 66 0
251 751 0
293 220 0
293 517 0
5 106 0
106 29 0
106 46 0
106 380 0
106 561 0
6 287 0
6 403 0
6 484 0
6 757 0
287 511 0
287 701 0
7 699 0
699 783 0
8 55 0
8 371 0
8 461 0
8 597 0
55 40 0
55 239 0
55 520 0
55 593 0
9 502 0
502 168 0
10 282 0
10 543 0
282 108 0
282 395 0
282 404 0
282 72 0
282 768 0
11 273 0
11 436 0
273 59 0
273 424 0
273 431 0
273 450 0
273 574 0
273 597 0
12 137 0
137 443 0
137 506 0
137 654 0
137 242 0
13 75 0
13 211 0
13 520 0
13 542 0
211 395 0
211 539 0
14 392 0
14 629 0
14 675 0
14 712 0
15 399 0
15 608 0
15 698 0
15 767 0
399 142 0
399 160 0
399 599 0
399 161 0
16 57 0
57 60 0
57 515 0
57 585 0
17 215 0
215 120 0
215 130 0
215 184 0
18 258 0
258 29 0
258 43 0
258 122 0
19 39 0
39 54 0
39 252 0
39 419 0
20 62 0
20 495 0
20 577 0
20 592 0
62 404 0
21 320 0
21 328 0
21 467 0
21 630 0
22 56 0
56 418 0
56 442 0
56 614 0
23 289 0
289 147 0
289 446 0
289 527 0
24 201 0
24 261 0
201 85 0
201 138 0
201 218 0
201 681 0
25 746 0
746 319 0
26 167 0
26 661 0
26 680 0
26 703 0
26 739 0
167 152 0
167 402 0
167 800 0
167 487 0
661 490 0
680 733 0
27 307 0
27 354 0
27 478 0
307 259 0
307 425 0
29 243 0
29 411 0
29 427 0
243 253 0
243 292 0
243 423 0
411 261 0
411 102 0
30 42 0
30 233 0
30 447 0
30 584 0
42 142 0
42 179 0
233 269 0
233 314 0
233 598 0
447 299 0
447 425 0
31 246 0
246 153 0
246 357 0
246 704 0
32 651 0
651 529 0
33 158 0
33 691 0
33 700 0
33 756 0
691 415 0
34 290 0
290 609 0
290 685 0
35 552 0
552 467 0
36 590 0
590 47 0
590 117 0
590 671 0
37 84 0
37 478 0
37 487 0
37 694 0
84 304 0
84 393 0
84 488 0
84 798 0
478 174 0
478 578 0
478 90 0
179 689 0
179 704 0
40 82 0
40 316 0
41 123 0
123 185 0
123 445 0
123 679 0
123 716 0
123 740 0
44 782 0
782 322 0
45 424 0
45 749 0
45 781 0
424 220 0
424 427 0
424 668 0
424 317 0
48 539 0
539 439 0
539 600 0
539 89 0
49 100 0
49 479 0
49 515 0
49 519 0
50 207 0
207 79 0
207 177 0
207 544 0
207 743 0
51 408 0
408 58 0
408 226 0
408 316 0
408 321 0
408 520 0
52 119 0
52 421 0
52 614 0
52 641 0
53 605 0
605 86 0
239 97 0
239 456 0
239 652 0
239 785 0
61 69 0
61 230 0
61 313 0
61 591 0
61 719 0
61 784 0
69 475 0
230 101 0
230 178 0
230 361 0
313 267 0
63 471 0
471 80 0
471 670 0
471 125 0
64 346 0
346 188 0
346 374 0
346 149 0
65 190 0
65 336 0
65 363 0
65 383 0
65 674 0
363 182 0
363 739 0
66 145 0
66 379 0
66 676 0
66 744 0
67 660 0
660 195 0
660 486 0
660 129 0
68 422 0
68 524 0
68 566 0
68 687 0
68 779 0
422 373 0
422 438 0
422 177 0
524 607 0
566 252 0
687 181 0
687 225 0
687 576 0
70 161 0
70 191 0
70 226 0
70 242 0
70 344 0
70 612 0
226 249 0
226 406 0
226 85 0
226 769 0
242 220 0
71 125 0
71 241 0
71 448 0
71 702 0
241 367 0
241 493 0
241 99 0
72 204 0
72 276 0
72 615 0
73 159 0
73 356 0
73 548 0
73 624 0
356 90 0
356 464 0
356 556 0
74 355 0
355 192 0
355 238 0
76 621 0
76 637 0
621 202 0
621 388 0
621 441 0
621 485 0
78 646 0
646 254 0
81 274 0
274 186 0
274 372 0
274 684 0
274 732 0
83 462 0
83 535 0
83 712 0
83 624 0
304 91 0
304 780 0
393 285 0
393 244 0
393 584 0
85 710 0
86 614 0
86 798 0
87 288 0
288 401 0
288 414 0
288 641 0
288 644 0
88 556 0
556 154 0
556 690 0
556 318 0
89 129 0
89 139 0
89 682 0
129 710 0
139 223 0
139 499 0
139 557 0
139 558 0
139 711 0
90 441 0
441 546 0
441 193 0
91 589 0
91 712 0
91 726 0
712 436 0
92 649 0
649 134 0
93 114 0
93 126 0
93 338 0
93 370 0
126 135 0
126 178 0
94 500 0
500 348 0
500 449 0
95 715 0
715 279 0
715 301 0
715 477 0
96 758 0
758 550 0
97 317 0
97 555 0
98 216 0
98 277 0
98 416 0
98 537 0
277 384 0
277 503 0
99 102 0
99 109 0
99 149 0
99 298 0
149 717 0
101 173 0
101 487 0
101 728 0
103 244 0
103 400 0
103 531 0
244 385 0
400 453 0
104 361 0
361 131 0
361 669 0
105 247 0
247 469 0
247 753 0
107 342 0
342 124 0
342 155 0
342 633 0
108 376 0
108 710 0
110 547 0
547 616 0
111 162 0
162 278 0
162 326 0
162 474 0
162 481 0
162 597 0
162 622 0
112 166 0
166 437 0
166 466 0
166 484 0
166 536 0
166 667 0
113 353 0
113 496 0
113 628 0
113 643 0
496 151 0
115 375 0
375 171 0
375 194 0
375 294 0
116 303 0
303 205 0
303 412 0
303 623 0
303 456 0
118 331 0
331 688 0
331 742 0
331 747 0
121 752 0
752 140 0
445 570 0
124 438 0
124 707 0
438 521 0
135 284 0
135 413 0
135 658 0
127 407 0
407 209 0
407 536 0
128 165 0
165 464 0
165 518 0
165 557 0
165 742 0
132 189 0
132 224 0
189 365 0
189 554 0
189 718 0
189 786 0
133 373 0
373 296 0
373 297 0
136 799 0
799 222 0
443 212 0
557 480 0
141 570 0
570 595 0
142 163 0
142 672 0
672 198 0
143 376 0
376 206 0
144 764 0
764 725 0
146 260 0
260 352 0
260 648 0
260 558 0
147 334 0
147 343 0
148 256 0
256 234 0
256 286 0
256 537 0
150 404 0
150 546 0
150 703 0
404 534 0
151 157 0
151 474 0
151 694 0
151 704 0
157 382 0
157 384 0
474 170 0
474 713 0
156 212 0
212 283 0
212 739 0
212 750 0
160 332 0
160 488 0
160 742 0
332 210 0
332 312 0
332 517 0
332 561 0
326 343 0
164 343 0
343 720 0
464 611 0
466 178 0
484 749 0
169 250 0
169 291 0
169 325 0
250 412 0
250 434 0
250 748 0
170 309 0
170 693 0
170 729 0
171 611 0
172 475 0
475 175 0
475 184 0
475 240 0
174 565 0
174 593 0
174 703 0
174 751 0
565 348 0
565 614 0
593 582 0
176 261 0
261 333 0
261 676 0
689 235 0
182 348 0
182 673 0
182 797 0
348 325 0
183 468 0
183 607 0
468 203 0
468 792 0
184 436 0
436 694 0
436 732 0
347 305 0
347 572 0
347 352 0
347 776 0
365 334 0
193 358 0
193 517 0
358 217 0
358 446 0
196 713 0
197 531 0
531 255 0
531 551 0
198 335 0
198 377 0
198 676 0
199 291 0
199 582 0
199 427 0
291 385 0
291 452 0
291 581 0
200 504 0
504 368 0
208 701 0
701 549 0
701 663 0
210 349 0
210 435 0
210 525 0
210 594 0
210 622 0
210 638 0
395 694 0
213 775 0
775 738 0
214 390 0
390 405 0
218 318 0
318 433 0
219 587 0
587 279 0
587 245 0
587 497 0
220 232 0
220 603 0
221 511 0
224 330 0
224 602 0
224 780 0
249 470 0
249 620 0
249 755 0
406 359 0
227 398 0
398 507 0
228 639 0
639 263 0
229 267 0
229 385 0
229 528 0
267 271 0
267 596 0
267 732 0
267 793 0
385 378 0
385 600 0
231 532 0
532 469 0
532 692 0
236 779 0
779 264 0
779 310 0
237 768 0
768 717 0
238 334 0
238 480 0
238 611 0
334 488 0
456 671 0
367 426 0
493 279 0
245 520 0
245 544 0
252 345 0
252 381 0
252 641 0
345 568 0
345 588 0
345 709 0
381 281 0
381 410 0
257 530 0
530 396 0
530 537 0
530 564 0
262 384 0
384 401 0
384 463 0
384 683 0
265 599 0
599 583 0
266 350 0
350 359 0
268 480 0
480 275 0
270 579 0
579 473 0
272 771 0
771 482 0
279 541 0
541 488 0
280 323 0
323 454 0
323 544 0
323 617 0
285 544 0
285 671 0
544 759 0
609 707 0
300 559 0
559 302 0
559 315 0
306 513 0
306 645 0
306 740 0
306 684 0
645 427 0
308 791 0
791 533 0
311 761 0
761 327 0
312 440 0
312 655 0
312 731 0
312 741 0
316 536 0
433 389 0
433 396 0
325 359 0
325 695 0
359 354 0
329 351 0
351 666 0
337 546 0
339 467 0
339 597 0
467 415 0
340 619 0
619 714 0
619 723 0
341 611 0
611 731 0
354 364 0
354 516 0
354 796 0
360 383 0
360 432 0
360 512 0
383 584 0
362 543 0
543 795 0
369 686 0
686 386 0
382 540 0
382 640 0
382 681 0
584 545 0
584 558 0
388 762 0
394 428 0
428 558 0
409 517 0
517 636 0
415 770 0
416 430 0
416 515 0
416 756 0
515 425 0
417 476 0
476 538 0
427 578 0
668 458 0
429 486 0
429 561 0
444 601 0
601 503 0
451 483 0
483 664 0
455 489 0
455 555 0
455 682 0
489 492 0
555 760 0
555 763 0
682 509 0
465 528 0
528 582 0
473 574 0
485 734 0
734 777 0
494 569 0
569 708 0
498 781 0
781 613 0
781 647 0
503 762 0
508 607 0
607 614 0
514 749 0
749 727 0
537 624 0
537 745 0
759 625 0
545 650 0
650 665 0
575 695 0
695 653 0
695 710 0
707 798 0
634 729 0
729 684 0
