950 999 0
1 605 0
605 174 0
605 426 0
605 461 0
2 68 0
68 120 0
68 412 0
68 493 0
3 64 0
3 91 0
3 205 0
3 397 0
64 459 0
64 614 0
64 876 0
4 572 0
572 406 0
572 539 0
5 637 0
637 95 0
637 371 0
637 742 0
6 599 0
599 42 0
7 49 0
7 473 0
7 769 0
7 855 0
7 930 0
49 20 0
473 189 0
473 14 0
473 390 0
8 218 0
8 284 0
8 717 0
218 58 0
218 811 0
218 863 0
9 284 0
9 497 0
9 535 0
9 687 0
9 986 0
284 533 0
284 875 0
10 292 0
10 639 0
10 670 0
10 701 0
10 729 0
11 268 0
268 318 0
268 129 0
268 424 0
12 335 0
12 621 0
12 646 0
12 906 0
621 526 0
13 157 0
13 511 0
13 941 0
13 982 0
157 121 0
157 149 0
157 150 0
157 717 0
157 837 0
511 343 0
14 75 0
14 217 0
75 310 0
75 338 0
75 702 0
75 774 0
75 865 0
217 147 0
217 257 0
217 460 0
217 692 0
217 828 0
15 441 0
441 408 0
441 471 0
441 568 0
16 315 0
315 754 0
315 954 0
315 30 0
17 839 0
839 67 0
839 868 0
18 266 0
18 356 0
18 609 0
18 756 0
266 110 0
356 309 0
356 595 0
19 196 0
19 447 0
19 756 0
196 243 0
196 531 0
196 598 0
196 803 0
196 901 0
20 671 0
20 892 0
20 991 0
671 447 0
671 253 0
671 526 0
892 699 0
892 432 0
892 472 0
21 631 0
631 104 0
631 657 0
631 221 0
631 337 0
22 279 0
22 309 0
22 709 0
279 126 0
279 427 0
279 953 0
309 280 0
309 818 0
309 619 0
23 665 0
665 190 0
665 540 0
665 717 0
665 799 0
24 229 0
229 316 0
229 396 0
229 529 0
229 579 0
25 154 0
154 316 0
154 550 0
154 752 0
154 598 0
26 379 0
26 644 0
26 807 0
26 940 0
26 950 0
379 267 0
807 409 0
807 852 0
807 116 0
807 343 0
27 40 0
40 186 0
40 236 0
40 380 0
28 270 0
270 132 0
270 193 0
270 634 0
29 345 0
29 382 0
29 397 0
29 596 0
29 720 0
345 332 0
345 403 0
345 751 0
345 220 0
345 396 0
382 282 0
382 449 0
382 774 0
397 305 0
596 263 0
30 289 0
30 290 0
30 374 0
289 36 0
289 468 0
289 881 0
290 301 0
31 155 0
31 802 0
31 915 0
31 927 0
32 624 0
624 144 0
624 153 0
624 151 0
624 933 0
33 47 0
47 208 0
47 394 0
47 565 0
34 48 0
34 252 0
34 390 0
34 555 0
34 677 0
34 774 0
390 152 0
35 54 0
35 525 0
35 619 0
35 758 0
525 430 0
36 172 0
36 930 0
36 954 0
172 70 0
172 342 0
172 346 0
172 395 0
37 359 0
359 219 0
359 321 0
359 668 0
359 977 0
38 492 0
492 440 0
39 178 0
178 53 0
178 199 0
178 655 0
41 500 0
500 230 0
500 261 0
43 234 0
234 184 0
234 625 0
234 701 0
44 622 0
622 285 0
45 736 0
736 735 0
46 369 0
369 65 0
369 165 0
369 206 0
50 102 0
102 342 0
102 612 0
102 775 0
102 851 0
102 996 0
51 129 0
51 132 0
51 813 0
51 836 0
129 134 0
132 247 0
132 401 0
52 496 0
496 532 0
496 591 0
53 381 0
53 391 0
53 432 0
381 161 0
381 213 0
381 241 0
55 233 0
55 261 0
55 457 0
55 831 0
261 767 0
56 881 0
881 99 0
881 830 0
881 219 0
57 418 0
57 591 0
57 783 0
57 820 0
57 842 0
591 720 0
58 138 0
58 325 0
138 203 0
138 337 0
138 352 0
138 539 0
59 259 0
259 352 0
259 446 0
259 583 0
60 386 0
386 231 0
386 582 0
386 672 0
61 489 0
489 210 0
62 375 0
375 316 0
375 675 0
375 777 0
375 947 0
63 302 0
302 127 0
302 724 0
302 352 0
459 304 0
459 654 0
459 156 0
65 248 0
65 404 0
65 452 0
248 92 0
248 587 0
248 930 0
66 942 0
942 348 0
942 770 0
942 380 0
942 148 0
69 177 0
69 347 0
69 770 0
69 771 0
69 959 0
177 98 0
177 686 0
770 147 0
770 327 0
70 83 0
70 674 0
70 718 0
70 937 0
71 171 0
71 442 0
71 640 0
71 778 0
442 409 0
442 513 0
72 188 0
188 431 0
188 673 0
188 762 0
73 946 0
946 256 0
74 876 0
876 264 0
876 405 0
310 635 0
702 513 0
76 250 0
76 731 0
76 763 0
731 101 0
77 97 0
77 160 0
77 448 0
77 929 0
78 556 0
556 273 0
556 625 0
79 626 0
626 618 0
80 182 0
80 411 0
80 539 0
80 871 0
81 88 0
81 136 0
81 641 0
81 852 0
82 705 0
705 604 0
705 826 0
705 873 0
84 191 0
191 421 0
191 463 0
191 503 0
191 820 0
85 239 0
85 474 0
85 635 0
85 987 0
86 113 0
86 245 0
86 420 0
86 553 0
86 620 0
420 751 0
87 275 0
275 524 0
275 745 0
89 105 0
89 325 0
105 162 0
105 542 0
105 643 0
105 666 0
105 676 0
90 277 0
90 467 0
90 668 0
90 850 0
90 994 0
467 167 0
668 432 0
668 820 0
668 963 0
668 168 0
92 344 0
92 594 0
92 607 0
344 812 0
344 838 0
93 325 0
93 526 0
93 691 0
325 879 0
325 948 0
325 972 0
325 222 0
94 630 0
630 559 0
96 476 0
476 351 0
476 434 0
476 551 0
98 153 0
98 215 0
98 684 0
98 956 0
153 322 0
153 667 0
100 479 0
479 133 0
479 576 0
101 470 0
101 648 0
101 992 0
470 700 0
470 703 0
470 798 0
648 610 0
648 886 0
648 997 0
648 428 0
342 424 0
612 580 0
612 336 0
775 487 0
775 681 0
103 330 0
330 534 0
330 580 0
330 710 0
330 938 0
104 651 0
104 699 0
651 357 0
651 853 0
162 131 0
162 316 0
106 430 0
430 806 0
430 358 0
430 882 0
107 722 0
722 889 0
108 112 0
108 519 0
108 598 0
108 967 0
519 822 0
109 608 0
608 299 0
608 363 0
608 549 0
110 691 0
110 709 0
110 979 0
691 341 0
691 393 0
691 415 0
709 265 0
709 327 0
709 490 0
111 941 0
941 676 0
941 764 0
941 921 0
941 976 0
114 148 0
114 235 0
114 533 0
148 316 0
148 551 0
235 258 0
235 296 0
235 305 0
235 768 0
235 740 0
115 995 0
995 512 0
995 866 0
116 323 0
116 566 0
116 785 0
566 254 0
566 815 0
117 328 0
328 122 0
328 620 0
328 746 0
118 894 0
894 990 0
119 346 0
346 166 0
346 296 0
123 216 0
123 278 0
123 301 0
123 697 0
301 701 0
124 135 0
124 202 0
124 860 0
124 887 0
135 398 0
135 465 0
135 726 0
202 142 0
202 425 0
202 439 0
125 920 0
920 493 0
920 573 0
920 923 0
128 602 0
128 832 0
128 914 0
128 921 0
602 421 0
602 461 0
832 614 0
134 163 0
134 563 0
134 858 0
130 225 0
130 508 0
130 627 0
130 759 0
131 458 0
131 522 0
131 704 0
522 636 0
522 653 0
522 417 0
247 287 0
247 776 0
247 883 0
137 939 0
939 272 0
203 222 0
203 322 0
203 740 0
337 364 0
139 679 0
679 514 0
679 831 0
679 299 0
679 254 0
140 281 0
140 443 0
140 759 0
140 955 0
141 173 0
173 428 0
173 434 0
173 623 0
173 642 0
143 170 0
143 384 0
143 523 0
143 819 0
143 964 0
145 530 0
145 543 0
145 925 0
530 507 0
146 502 0
146 635 0
146 647 0
146 859 0
146 985 0
635 445 0
147 968 0
316 699 0
150 374 0
150 628 0
150 885 0
374 209 0
374 893 0
151 413 0
413 434 0
413 762 0
413 915 0
152 416 0
152 462 0
152 544 0
322 719 0
322 798 0
322 819 0
156 223 0
223 641 0
223 658 0
223 659 0
717 211 0
158 372 0
372 240 0
372 283 0
159 844 0
844 799 0
164 616 0
164 771 0
164 957 0
164 1000 0
771 611 0
771 919 0
771 428 0
167 393 0
167 584 0
167 739 0
167 747 0
393 253 0
393 609 0
168 417 0
168 478 0
168 565 0
417 200 0
417 849 0
169 633 0
633 571 0
434 295 0
175 982 0
982 732 0
982 943 0
982 192 0
176 308 0
308 276 0
308 565 0
308 789 0
179 617 0
617 370 0
180 410 0
180 742 0
180 908 0
180 911 0
742 472 0
181 354 0
181 377 0
181 748 0
181 848 0
181 961 0
354 339 0
354 932 0
354 614 0
748 452 0
183 401 0
401 365 0
401 437 0
185 680 0
680 298 0
187 513 0
513 934 0
189 306 0
189 364 0
189 636 0
189 968 0
306 400 0
306 451 0
364 254 0
364 589 0
421 681 0
463 454 0
463 472 0
192 915 0
192 921 0
194 667 0
667 214 0
667 527 0
195 358 0
195 862 0
195 898 0
195 901 0
197 609 0
609 221 0
609 311 0
609 888 0
198 833 0
833 606 0
833 619 0
833 960 0
201 360 0
360 204 0
360 427 0
360 766 0
222 454 0
207 475 0
475 450 0
475 834 0
211 220 0
211 355 0
211 662 0
212 317 0
212 592 0
212 808 0
212 873 0
257 681 0
219 399 0
219 753 0
399 493 0
399 594 0
641 611 0
641 666 0
224 445 0
224 799 0
224 870 0
445 367 0
445 729 0
445 753 0
226 452 0
452 383 0
227 391 0
391 334 0
391 998 0
228 796 0
796 350 0
796 448 0
396 822 0
232 732 0
232 786 0
232 795 0
232 945 0
232 940 0
732 432 0
732 246 0
258 407 0
258 423 0
258 585 0
258 893 0
296 804 0
305 429 0
305 603 0
305 821 0
237 343 0
343 333 0
343 716 0
238 260 0
238 367 0
238 436 0
238 509 0
367 756 0
367 533 0
242 404 0
404 368 0
404 574 0
404 577 0
244 966 0
966 455 0
246 415 0
246 979 0
415 601 0
415 968 0
249 890 0
890 515 0
890 790 0
251 918 0
918 528 0
918 541 0
253 448 0
254 628 0
628 373 0
628 694 0
628 847 0
255 910 0
910 538 0
352 841 0
262 780 0
780 590 0
780 636 0
263 520 0
263 595 0
263 895 0
520 319 0
520 409 0
595 582 0
267 271 0
267 825 0
267 984 0
825 899 0
825 751 0
269 782 0
782 575 0
782 690 0
274 501 0
501 461 0
533 307 0
286 916 0
916 453 0
288 454 0
454 688 0
454 970 0
468 419 0
291 992 0
992 488 0
992 558 0
293 797 0
797 313 0
294 388 0
388 380 0
388 661 0
388 924 0
295 481 0
295 588 0
295 712 0
295 815 0
297 395 0
395 331 0
395 926 0
299 424 0
300 613 0
613 376 0
613 435 0
701 681 0
303 336 0
336 521 0
336 686 0
312 854 0
854 689 0
854 711 0
314 601 0
601 517 0
601 547 0
319 329 0
319 660 0
319 707 0
320 632 0
632 471 0
632 713 0
324 913 0
913 499 0
913 551 0
326 822 0
822 743 0
534 447 0
339 557 0
339 859 0
339 891 0
339 973 0
340 951 0
951 560 0
751 706 0
349 787 0
787 353 0
787 875 0
841 486 0
841 823 0
361 378 0
378 569 0
378 799 0
378 666 0
362 980 0
980 539 0
366 768 0
768 491 0
768 814 0
380 755 0
755 886 0
755 991 0
385 721 0
721 600 0
721 805 0
387 564 0
387 620 0
387 695 0
387 696 0
387 846 0
620 526 0
620 728 0
389 480 0
389 516 0
389 698 0
392 936 0
936 779 0
402 801 0
801 484 0
409 855 0
414 949 0
949 444 0
419 831 0
419 852 0
831 526 0
681 827 0
681 974 0
422 867 0
867 678 0
433 963 0
438 741 0
741 792 0
447 590 0
447 875 0
456 723 0
723 464 0
461 690 0
690 469 0
466 870 0
469 552 0
469 693 0
798 969 0
471 885 0
885 930 0
472 582 0
582 791 0
477 587 0
587 656 0
587 845 0
482 969 0
969 781 0
487 686 0
493 638 0
493 740 0
638 652 0
740 868 0
498 958 0
958 759 0
958 810 0
958 940 0
504 773 0
773 578 0
505 649 0
649 873 0
507 537 0
510 518 0
518 809 0
653 813 0
536 594 0
594 760 0
594 767 0
545 645 0
545 935 0
546 902 0
902 761 0
554 711 0
711 903 0
711 932 0
625 965 0
561 791 0
562 570 0
562 749 0
562 772 0
565 887 0
887 855 0
887 971 0
887 986 0
567 932 0
932 975 0
581 623 0
581 629 0
720 753 0
720 799 0
720 827 0
614 753 0
753 928 0
615 884 0
884 669 0
965 855 0
650 979 0
813 928 0
664 756 0
682 899 0
683 804 0
683 817 0
804 983 0
699 759 0
706 900 0
805 765 0
733 765 0
765 734 0
738 800 0
738 952 0
744 835 0
744 896 0
757 968 0
968 869 0
919 793 0
784 983 0
983 981 0
819 840 0
