965 999 0
1 126 0
126 49 0
126 132 0
126 161 0
126 429 0
126 637 0
2 79 0
2 139 0
2 179 0
2 607 0
2 715 0
3 840 0
840 882 0
4 337 0
337 262 0
337 733 0
5 197 0
197 239 0
197 776 0
197 868 0
6 771 0
771 487 0
7 464 0
464 53 0
464 186 0
8 156 0
156 66 0
156 93 0
156 645 0
9 525 0
525 138 0
525 12 0
525 193 0
10 686 0
686 900 0
11 666 0
666 23 0
666 211 0
666 940 0
12 37 0
12 406 0
37 146 0
37 587 0
37 588 0
406 91 0
406 96 0
406 802 0
406 818 0
13 125 0
13 381 0
13 600 0
13 871 0
125 60 0
125 809 0
125 824 0
125 872 0
14 615 0
615 551 0
615 269 0
615 935 0
15 670 0
670 457 0
670 517 0
670 244 0
16 303 0
303 255 0
303 353 0
303 495 0
303 957 0
17 174 0
174 269 0
174 508 0
174 870 0
174 898 0
18 558 0
558 44 0
558 596 0
558 453 0
19 54 0
19 763 0
19 857 0
54 51 0
54 153 0
54 961 0
20 104 0
20 311 0
20 443 0
20 762 0
20 838 0
311 82 0
311 143 0
443 603 0
443 920 0
443 49 0
443 794 0
21 829 0
829 313 0
22 449 0
449 376 0
449 573 0
449 717 0
24 726 0
726 826 0
25 672 0
672 292 0
672 559 0
672 86 0
26 180 0
180 38 0
180 313 0
180 728 0
27 181 0
27 257 0
27 393 0
27 563 0
181 383 0
181 837 0
181 577 0
28 121 0
28 318 0
28 431 0
28 605 0
121 172 0
121 214 0
121 501 0
121 531 0
318 73 0
318 630 0
318 823 0
29 220 0
29 328 0
29 696 0
29 921 0
220 34 0
220 568 0
220 881 0
328 145 0
328 327 0
328 663 0
30 374 0
374 737 0
374 335 0
31 160 0
31 699 0
31 727 0
160 761 0
160 797 0
160 933 0
32 199 0
199 148 0
199 341 0
199 455 0
33 315 0
33 565 0
33 831 0
315 75 0
315 178 0
315 776 0
315 877 0
35 223 0
35 375 0
35 814 0
223 294 0
223 545 0
223 628 0
223 746 0
375 67 0
375 589 0
375 760 0
375 913 0
36 427 0
36 597 0
36 830 0
36 887 0
39 991 0
991 72 0
991 170 0
991 624 0
40 85 0
40 407 0
40 518 0
41 215 0
215 80 0
215 389 0
215 456 0
42 668 0
668 154 0
668 454 0
668 897 0
43 377 0
43 698 0
377 225 0
377 482 0
377 111 0
377 752 0
45 349 0
45 358 0
45 399 0
45 496 0
349 187 0
349 434 0
349 644 0
358 271 0
358 520 0
358 805 0
46 491 0
491 370 0
491 790 0
491 950 0
47 118 0
47 265 0
47 403 0
47 724 0
118 129 0
118 421 0
118 909 0
265 90 0
265 289 0
48 354 0
48 526 0
48 644 0
354 674 0
354 869 0
354 931 0
49 212 0
49 529 0
212 140 0
212 283 0
212 440 0
50 61 0
50 392 0
50 833 0
50 995 0
51 577 0
51 614 0
577 931 0
577 159 0
52 247 0
247 70 0
247 127 0
53 74 0
53 320 0
53 550 0
74 857 0
74 931 0
74 940 0
320 57 0
320 307 0
320 789 0
55 176 0
55 184 0
55 428 0
55 926 0
184 552 0
184 564 0
56 191 0
191 84 0
191 766 0
191 636 0
58 716 0
716 471 0
716 554 0
59 621 0
621 365 0
621 620 0
60 205 0
60 522 0
60 682 0
62 285 0
285 308 0
285 540 0
285 867 0
63 382 0
63 918 0
63 922 0
63 923 0
64 187 0
64 222 0
64 736 0
64 885 0
187 862 0
65 916 0
916 152 0
916 345 0
916 592 0
916 379 0
66 404 0
66 657 0
404 283 0
404 618 0
404 869 0
68 714 0
714 252 0
69 519 0
519 372 0
519 832 0
71 720 0
720 355 0
720 564 0
720 583 0
857 734 0
857 430 0
857 613 0
76 129 0
129 230 0
129 731 0
77 812 0
812 183 0
812 263 0
812 938 0
78 110 0
78 313 0
78 624 0
78 931 0
110 83 0
110 335 0
110 437 0
110 576 0
110 651 0
624 227 0
624 465 0
80 304 0
80 664 0
80 565 0
304 256 0
304 376 0
304 508 0
81 405 0
405 198 0
405 397 0
405 625 0
82 241 0
82 636 0
82 810 0
636 956 0
636 147 0
83 326 0
83 541 0
83 878 0
86 166 0
86 167 0
86 357 0
166 244 0
166 609 0
166 891 0
167 232 0
167 678 0
167 680 0
87 277 0
277 417 0
277 595 0
277 876 0
88 221 0
88 273 0
88 344 0
88 555 0
273 238 0
273 338 0
89 610 0
610 540 0
610 656 0
610 963 0
90 280 0
90 526 0
92 948 0
948 874 0
948 949 0
94 216 0
94 398 0
94 618 0
94 739 0
618 301 0
95 290 0
95 356 0
95 503 0
95 700 0
290 137 0
356 560 0
356 891 0
503 291 0
503 308 0
503 768 0
503 779 0
97 350 0
350 497 0
350 598 0
350 839 0
98 335 0
98 802 0
98 837 0
335 598 0
99 824 0
824 245 0
824 505 0
824 643 0
100 155 0
155 460 0
155 782 0
155 897 0
155 949 0
101 325 0
325 202 0
325 523 0
325 752 0
325 757 0
102 875 0
875 348 0
103 284 0
103 307 0
103 643 0
284 469 0
284 539 0
284 798 0
284 976 0
284 989 0
307 376 0
105 415 0
415 676 0
415 757 0
415 974 0
106 317 0
106 629 0
106 959 0
107 235 0
235 276 0
235 340 0
108 845 0
845 706 0
109 396 0
109 438 0
109 585 0
109 957 0
437 192 0
437 347 0
437 402 0
437 671 0
437 752 0
111 147 0
111 261 0
111 654 0
147 229 0
261 414 0
261 648 0
261 694 0
261 893 0
261 766 0
112 941 0
941 367 0
941 609 0
941 701 0
113 921 0
921 264 0
921 640 0
114 442 0
114 836 0
114 883 0
114 995 0
115 238 0
115 644 0
115 815 0
115 872 0
115 994 0
238 553 0
238 959 0
644 772 0
644 229 0
815 598 0
116 502 0
116 730 0
116 954 0
116 960 0
117 537 0
537 561 0
537 723 0
119 532 0
532 159 0
532 165 0
532 809 0
532 289 0
120 473 0
473 750 0
473 979 0
473 982 0
473 508 0
122 171 0
171 628 0
171 715 0
171 922 0
123 190 0
123 336 0
123 649 0
123 817 0
124 195 0
195 592 0
195 708 0
195 796 0
132 493 0
132 514 0
161 302 0
161 463 0
128 614 0
614 258 0
130 848 0
848 461 0
848 148 0
848 850 0
131 231 0
131 801 0
131 904 0
131 979 0
133 1000 0
1000 468 0
1000 538 0
134 314 0
314 240 0
314 297 0
314 490 0
135 432 0
135 510 0
135 540 0
135 557 0
135 820 0
135 923 0
510 514 0
540 580 0
540 308 0
136 206 0
136 229 0
136 599 0
136 894 0
206 552 0
229 564 0
599 855 0
599 902 0
599 974 0
599 494 0
137 182 0
137 244 0
137 305 0
244 188 0
141 233 0
233 498 0
233 740 0
233 777 0
142 287 0
142 299 0
142 453 0
142 864 0
143 226 0
143 485 0
143 607 0
143 953 0
607 594 0
607 925 0
144 351 0
144 387 0
144 446 0
144 594 0
144 634 0
351 734 0
387 501 0
387 611 0
387 783 0
446 582 0
446 769 0
446 911 0
446 628 0
148 822 0
148 841 0
148 909 0
841 718 0
841 741 0
841 341 0
841 379 0
149 745 0
745 681 0
150 421 0
421 691 0
421 756 0
151 855 0
157 613 0
613 250 0
613 478 0
613 499 0
158 363 0
158 390 0
158 767 0
158 846 0
159 458 0
159 472 0
159 699 0
458 218 0
458 312 0
458 578 0
472 169 0
472 767 0
761 727 0
761 802 0
302 400 0
302 436 0
302 571 0
162 282 0
162 553 0
162 641 0
162 777 0
553 849 0
553 296 0
163 334 0
334 949 0
334 962 0
334 964 0
164 280 0
280 309 0
280 426 0
168 331 0
168 419 0
168 499 0
168 513 0
331 279 0
331 727 0
169 201 0
169 713 0
173 209 0
209 217 0
209 288 0
209 790 0
175 494 0
494 278 0
494 340 0
494 433 0
177 395 0
395 423 0
395 504 0
395 606 0
395 980 0
383 638 0
383 651 0
383 690 0
383 914 0
552 266 0
552 401 0
552 919 0
185 748 0
748 293 0
748 384 0
748 609 0
188 242 0
188 476 0
188 512 0
476 308 0
476 909 0
189 879 0
879 394 0
192 444 0
192 493 0
194 794 0
794 213 0
794 533 0
592 521 0
592 990 0
196 430 0
430 329 0
430 507 0
200 973 0
973 289 0
973 298 0
973 310 0
203 692 0
203 722 0
203 788 0
204 729 0
729 609 0
729 743 0
207 357 0
357 529 0
357 799 0
208 920 0
920 985 0
920 439 0
210 699 0
699 858 0
699 651 0
219 664 0
664 707 0
664 892 0
224 865 0
865 705 0
227 703 0
227 765 0
227 923 0
227 977 0
228 943 0
943 424 0
234 903 0
903 683 0
236 431 0
431 627 0
431 786 0
237 688 0
688 833 0
688 889 0
688 376 0
688 984 0
243 417 0
243 547 0
243 640 0
243 693 0
243 873 0
246 499 0
246 710 0
246 856 0
246 899 0
246 940 0
248 655 0
655 275 0
655 719 0
655 291 0
249 385 0
249 434 0
249 486 0
249 997 0
434 763 0
251 712 0
712 623 0
712 866 0
253 814 0
814 966 0
814 760 0
254 506 0
506 297 0
506 536 0
506 910 0
255 612 0
256 526 0
256 580 0
256 605 0
256 777 0
526 642 0
526 891 0
580 776 0
259 570 0
570 853 0
570 897 0
570 971 0
260 422 0
260 466 0
260 659 0
260 738 0
648 634 0
267 364 0
364 330 0
364 511 0
364 702 0
268 849 0
270 793 0
793 981 0
793 272 0
793 297 0
272 321 0
272 979 0
321 386 0
321 543 0
321 709 0
321 767 0
321 715 0
274 410 0
410 355 0
410 544 0
410 616 0
410 772 0
410 776 0
279 590 0
279 617 0
279 942 0
590 940 0
590 830 0
281 412 0
281 542 0
281 744 0
281 830 0
283 306 0
283 479 0
306 669 0
306 834 0
306 886 0
479 647 0
479 650 0
479 890 0
286 399 0
399 420 0
399 425 0
289 642 0
642 594 0
642 758 0
291 928 0
295 591 0
295 646 0
295 658 0
296 360 0
296 388 0
296 930 0
297 603 0
603 625 0
300 862 0
862 795 0
301 574 0
301 747 0
301 944 0
376 514 0
316 934 0
934 426 0
934 448 0
934 946 0
319 851 0
851 483 0
322 492 0
492 808 0
492 924 0
492 980 0
323 912 0
912 821 0
324 362 0
362 790 0
362 819 0
362 828 0
330 515 0
330 586 0
330 605 0
330 770 0
515 368 0
586 451 0
586 566 0
586 827 0
605 767 0
332 411 0
332 560 0
332 593 0
332 643 0
332 811 0
560 452 0
333 565 0
565 572 0
338 633 0
338 711 0
338 732 0
339 945 0
945 373 0
340 763 0
341 780 0
780 416 0
780 569 0
780 579 0
342 927 0
927 784 0
343 734 0
734 775 0
346 463 0
463 371 0
463 993 0
352 527 0
352 549 0
352 626 0
352 940 0
674 727 0
529 763 0
359 496 0
496 509 0
496 622 0
361 999 0
999 602 0
999 978 0
790 872 0
366 958 0
958 546 0
368 462 0
368 477 0
369 884 0
884 534 0
884 905 0
514 409 0
514 863 0
378 452 0
452 524 0
452 932 0
379 535 0
379 596 0
535 742 0
535 888 0
380 639 0
380 704 0
380 773 0
380 894 0
501 700 0
391 929 0
929 564 0
408 951 0
951 528 0
413 465 0
465 484 0
465 774 0
418 447 0
447 481 0
447 598 0
447 802 0
426 895 0
426 990 0
895 604 0
763 475 0
763 725 0
763 901 0
435 480 0
480 687 0
480 830 0
480 854 0
439 792 0
792 453 0
792 800 0
792 835 0
441 576 0
576 675 0
576 907 0
444 459 0
444 562 0
444 791 0
445 917 0
917 606 0
598 749 0
450 956 0
453 906 0
906 738 0
906 869 0
467 489 0
489 679 0
489 685 0
470 749 0
749 787 0
979 813 0
474 825 0
825 575 0
488 493 0
493 500 0
493 625 0
493 695 0
516 550 0
550 530 0
550 852 0
521 635 0
521 781 0
521 988 0
891 696 0
548 700 0
700 764 0
700 965 0
556 634 0
634 584 0
634 653 0
634 751 0
634 969 0
567 925 0
581 660 0
660 631 0
594 975 0
902 816 0
601 807 0
807 632 0
767 689 0
606 766 0
608 657 0
657 662 0
657 939 0
612 684 0
612 759 0
612 778 0
612 935 0
619 698 0
698 954 0
698 983 0
652 721 0
721 791 0
654 770 0
727 760 0
727 897 0
833 957 0
696 830 0
696 976 0
738 986 0
757 872 0
758 898 0
758 935 0
758 964 0
781 938 0
938 990 0
813 817 0
831 909 0
831 928 0
928 842 0
928 967 0
837 955 0
869 990 0
