760 799 0
1 191 0
191 24 0
191 570 0
191 780 0
2 726 0
726 86 0
726 125 0
726 531 0
3 30 0
3 159 0
3 475 0
3 509 0
3 557 0
30 136 0
30 427 0
30 654 0
4 449 0
449 48 0
449 505 0
449 779 0
5 148 0
5 213 0
5 278 0
5 444 0
5 533 0
148 46 0
148 673 0
148 748 0
213 257 0
213 799 0
6 197 0
6 477 0
6 672 0
6 761 0
197 281 0
197 466 0
7 540 0
540 154 0
540 126 0
540 617 0
8 290 0
290 289 0
290 331 0
290 157 0
290 337 0
9 255 0
9 556 0
9 800 0
255 323 0
255 447 0
10 476 0
476 268 0
476 371 0
11 546 0
546 362 0
546 566 0
546 346 0
546 76 0
12 28 0
12 54 0
12 212 0
12 342 0
12 365 0
28 45 0
28 80 0
28 118 0
28 192 0
28 564 0
54 59 0
54 183 0
54 308 0
212 236 0
212 656 0
13 145 0
145 318 0
145 330 0
145 565 0
145 592 0
14 369 0
14 556 0
14 562 0
14 679 0
369 132 0
369 383 0
369 611 0
556 238 0
556 328 0
556 558 0
556 249 0
15 66 0
15 320 0
15 380 0
15 603 0
320 70 0
320 279 0
320 414 0
16 226 0
226 271 0
226 346 0
226 659 0
226 487 0
17 401 0
17 526 0
17 656 0
401 354 0
401 589 0
18 599 0
18 635 0
18 738 0
18 752 0
599 82 0
599 297 0
599 446 0
635 763 0
19 71 0
19 78 0
19 80 0
19 656 0
71 220 0
71 615 0
71 725 0
78 89 0
78 228 0
78 473 0
20 162 0
20 177 0
20 398 0
20 436 0
20 453 0
20 491 0
20 527 0
162 141 0
162 411 0
398 445 0
436 357 0
436 479 0
436 372 0
21 120 0
120 387 0
120 585 0
22 184 0
184 409 0
184 470 0
184 632 0
184 559 0
23 136 0
136 51 0
136 464 0
24 166 0
24 194 0
166 94 0
166 382 0
166 209 0
25 287 0
25 583 0
25 595 0
25 630 0
583 79 0
583 284 0
26 315 0
315 92 0
315 211 0
315 420 0
27 634 0
634 221 0
634 253 0
634 672 0
45 69 0
45 301 0
80 175 0
118 37 0
29 336 0
29 356 0
29 375 0
427 390 0
31 311 0
31 313 0
31 490 0
31 619 0
311 179 0
311 192 0
311 390 0
311 448 0
313 251 0
313 470 0
313 538 0
313 160 0
313 685 0
490 341 0
32 440 0
440 245 0
33 334 0
334 181 0
334 355 0
34 638 0
638 138 0
638 218 0
35 84 0
35 282 0
35 572 0
35 598 0
84 520 0
84 736 0
84 526 0
36 113 0
113 57 0
113 220 0
113 353 0
113 753 0
37 42 0
37 160 0
37 442 0
42 94 0
42 269 0
160 97 0
160 673 0
38 156 0
156 126 0
156 235 0
156 389 0
156 570 0
39 763 0
763 500 0
763 786 0
763 171 0
40 115 0
115 209 0
115 240 0
115 495 0
115 684 0
41 793 0
793 511 0
793 765 0
94 679 0
43 225 0
43 642 0
43 675 0
225 200 0
44 394 0
394 274 0
394 57 0
394 439 0
46 164 0
46 381 0
47 428 0
47 620 0
47 663 0
47 714 0
47 776 0
428 517 0
428 520 0
428 524 0
663 155 0
49 403 0
403 487 0
403 512 0
403 739 0
403 760 0
403 235 0
50 488 0
488 447 0
52 322 0
322 351 0
322 592 0
53 234 0
53 397 0
53 441 0
53 529 0
397 97 0
397 645 0
397 235 0
55 291 0
291 625 0
291 240 0
291 729 0
56 778 0
778 612 0
778 667 0
778 759 0
58 743 0
743 413 0
743 613 0
743 677 0
60 96 0
60 266 0
60 342 0
60 385 0
60 467 0
266 227 0
266 462 0
266 507 0
342 385 0
61 265 0
61 270 0
61 497 0
61 668 0
62 628 0
628 128 0
63 161 0
63 254 0
63 360 0
63 439 0
161 532 0
64 474 0
474 366 0
474 472 0
65 601 0
601 527 0
601 580 0
601 169 0
601 332 0
67 504 0
504 284 0
504 346 0
504 539 0
68 552 0
552 486 0
552 497 0
69 332 0
69 424 0
69 754 0
332 189 0
332 466 0
70 237 0
70 520 0
237 352 0
237 386 0
237 408 0
220 286 0
72 222 0
72 289 0
72 559 0
72 687 0
289 83 0
289 758 0
73 462 0
74 640 0
640 534 0
75 240 0
75 535 0
75 661 0
75 773 0
240 357 0
76 400 0
76 487 0
400 241 0
400 531 0
400 593 0
77 411 0
411 406 0
411 542 0
411 716 0
411 779 0
79 269 0
79 447 0
79 531 0
79 575 0
79 672 0
269 189 0
269 520 0
269 537 0
531 300 0
531 375 0
81 232 0
232 301 0
232 433 0
232 649 0
232 722 0
82 236 0
82 420 0
82 592 0
236 357 0
236 442 0
420 532 0
420 740 0
420 485 0
83 272 0
83 273 0
85 524 0
524 204 0
524 374 0
524 208 0
87 466 0
466 390 0
466 147 0
466 209 0
88 788 0
788 137 0
90 608 0
608 280 0
608 301 0
608 799 0
91 296 0
296 299 0
296 433 0
296 666 0
93 736 0
736 522 0
736 769 0
95 196 0
196 242 0
196 493 0
196 707 0
97 284 0
97 413 0
97 421 0
284 388 0
284 485 0
284 639 0
98 338 0
338 223 0
338 227 0
99 309 0
309 126 0
309 557 0
309 762 0
100 740 0
740 432 0
740 568 0
101 562 0
562 111 0
562 576 0
102 141 0
102 170 0
102 451 0
102 557 0
102 629 0
102 699 0
141 359 0
103 123 0
103 452 0
103 459 0
103 468 0
103 652 0
459 536 0
104 545 0
545 402 0
105 737 0
737 368 0
106 446 0
446 314 0
446 326 0
107 244 0
244 439 0
244 708 0
244 791 0
108 519 0
519 215 0
109 515 0
515 392 0
110 131 0
110 416 0
110 707 0
110 795 0
112 705 0
705 250 0
705 138 0
705 434 0
114 155 0
155 672 0
155 772 0
116 321 0
321 129 0
321 604 0
321 629 0
117 152 0
117 364 0
117 554 0
117 799 0
119 257 0
257 340 0
257 723 0
387 340 0
121 300 0
300 584 0
300 623 0
122 425 0
425 133 0
425 181 0
425 259 0
124 144 0
124 553 0
124 621 0
124 775 0
144 471 0
144 489 0
126 654 0
127 551 0
127 555 0
127 596 0
555 325 0
130 203 0
130 233 0
130 443 0
130 724 0
233 654 0
233 205 0
134 302 0
302 198 0
302 292 0
302 418 0
135 514 0
514 288 0
138 503 0
503 442 0
139 507 0
507 169 0
507 176 0
507 523 0
140 365 0
365 171 0
365 249 0
365 343 0
359 506 0
359 581 0
359 594 0
142 294 0
294 412 0
294 418 0
294 657 0
143 219 0
219 239 0
219 756 0
219 759 0
471 199 0
471 549 0
318 748 0
330 456 0
330 537 0
146 582 0
582 303 0
582 578 0
147 202 0
202 312 0
202 379 0
202 472 0
202 487 0
202 597 0
149 697 0
697 217 0
697 304 0
150 517 0
517 298 0
151 712 0
712 172 0
153 205 0
205 190 0
205 727 0
157 279 0
279 165 0
279 610 0
279 744 0
158 658 0
658 301 0
658 345 0
658 298 0
658 525 0
163 281 0
281 469 0
281 563 0
281 569 0
382 376 0
382 586 0
167 671 0
671 248 0
168 307 0
307 214 0
307 243 0
169 723 0
171 396 0
173 550 0
550 656 0
550 781 0
174 230 0
230 285 0
230 513 0
230 508 0
175 206 0
175 316 0
175 363 0
175 656 0
178 231 0
231 404 0
231 496 0
180 700 0
700 361 0
181 527 0
182 644 0
644 510 0
470 339 0
185 735 0
735 421 0
186 800 0
800 305 0
800 408 0
187 207 0
187 293 0
187 508 0
187 664 0
188 372 0
372 344 0
372 370 0
189 521 0
189 525 0
193 261 0
261 528 0
261 541 0
261 639 0
261 779 0
194 587 0
194 633 0
194 678 0
633 442 0
195 264 0
195 399 0
195 456 0
195 521 0
200 216 0
200 516 0
200 749 0
200 782 0
216 286 0
216 395 0
516 594 0
516 251 0
516 765 0
201 415 0
415 251 0
415 421 0
415 715 0
472 478 0
208 429 0
429 276 0
429 421 0
210 717 0
717 457 0
286 686 0
224 645 0
346 770 0
229 784 0
784 750 0
784 765 0
433 489 0
654 686 0
439 536 0
246 676 0
676 367 0
247 733 0
733 423 0
249 662 0
251 770 0
252 796 0
796 391 0
253 408 0
253 765 0
408 414 0
256 641 0
641 384 0
340 445 0
340 596 0
258 277 0
277 421 0
277 606 0
277 682 0
260 719 0
719 508 0
719 670 0
719 704 0
262 526 0
526 407 0
526 709 0
263 283 0
263 335 0
263 629 0
283 275 0
283 685 0
283 760 0
267 646 0
646 327 0
646 602 0
646 745 0
276 378 0
276 616 0
276 711 0
378 765 0
569 396 0
388 437 0
388 480 0
295 455 0
455 317 0
455 616 0
297 348 0
297 461 0
297 734 0
461 479 0
298 672 0
306 798 0
798 350 0
798 393 0
798 579 0
310 479 0
479 405 0
479 768 0
319 494 0
319 497 0
319 694 0
319 701 0
497 770 0
324 574 0
574 627 0
329 442 0
329 723 0
442 622 0
456 586 0
333 592 0
333 618 0
333 698 0
592 505 0
335 484 0
335 650 0
335 653 0
339 438 0
339 492 0
339 631 0
445 706 0
445 491 0
596 547 0
596 571 0
596 669 0
347 747 0
747 483 0
747 512 0
349 454 0
454 377 0
357 491 0
357 779 0
358 624 0
624 742 0
624 588 0
581 679 0
373 588 0
374 703 0
375 595 0
595 489 0
595 662 0
376 543 0
376 605 0
376 607 0
385 395 0
385 720 0
395 590 0
395 691 0
720 460 0
720 626 0
392 789 0
789 616 0
396 544 0
396 600 0
406 672 0
406 586 0
414 508 0
410 665 0
665 537 0
417 693 0
693 481 0
418 758 0
758 745 0
419 728 0
728 742 0
422 619 0
619 689 0
619 797 0
426 586 0
586 435 0
586 723 0
586 792 0
430 703 0
703 614 0
703 648 0
431 502 0
502 745 0
536 622 0
616 559 0
458 690 0
690 637 0
465 783 0
783 560 0
483 570 0
483 755 0
501 718 0
501 766 0
745 751 0
530 741 0
741 731 0
579 679 0
655 748 0
748 710 0
748 721 0
765 790 0
