963 999 0
1 32 0
1 53 0
1 485 0
1 643 0
32 264 0
2 667 0
667 256 0
667 318 0
667 910 0
3 58 0
3 641 0
3 870 0
3 959 0
58 544 0
58 792 0
58 899 0
641 922 0
641 75 0
641 832 0
4 419 0
419 493 0
419 689 0
419 755 0
5 117 0
117 125 0
117 200 0
117 564 0
117 695 0
6 232 0
232 133 0
232 777 0
232 930 0
7 379 0
379 31 0
379 585 0
379 918 0
8 436 0
436 270 0
436 897 0
436 564 0
9 783 0
783 566 0
10 700 0
10 760 0
10 763 0
10 891 0
10 919 0
760 130 0
11 218 0
218 306 0
218 601 0
12 51 0
51 57 0
51 601 0
51 797 0
51 901 0
13 169 0
13 192 0
13 723 0
13 788 0
169 153 0
169 402 0
169 777 0
192 447 0
192 618 0
14 575 0
575 164 0
575 661 0
575 670 0
575 881 0
15 750 0
750 486 0
16 664 0
664 270 0
664 304 0
664 563 0
17 26 0
26 581 0
26 674 0
26 684 0
18 160 0
18 351 0
18 574 0
18 701 0
18 762 0
160 212 0
160 262 0
160 470 0
351 33 0
351 619 0
574 138 0
574 203 0
574 463 0
574 850 0
19 743 0
743 380 0
20 350 0
20 452 0
20 590 0
20 936 0
350 365 0
350 469 0
350 726 0
350 965 0
452 22 0
452 83 0
452 265 0
21 617 0
617 685 0
617 778 0
22 602 0
23 899 0
899 235 0
899 257 0
24 435 0
435 592 0
435 846 0
25 813 0
813 850 0
813 941 0
27 129 0
27 300 0
27 314 0
27 490 0
27 960 0
314 470 0
314 488 0
314 829 0
28 524 0
524 82 0
524 476 0
524 997 0
524 384 0
29 186 0
186 69 0
186 81 0
186 612 0
30 555 0
555 341 0
555 684 0
555 828 0
31 116 0
31 147 0
31 441 0
31 742 0
116 827 0
147 43 0
147 317 0
147 399 0
33 92 0
33 108 0
33 823 0
92 388 0
92 855 0
34 324 0
324 46 0
324 624 0
324 709 0
35 623 0
623 277 0
623 304 0
623 699 0
36 127 0
36 421 0
36 444 0
36 647 0
36 924 0
444 97 0
444 903 0
37 75 0
75 174 0
75 904 0
38 489 0
489 77 0
489 193 0
489 557 0
39 832 0
832 325 0
832 364 0
832 237 0
40 683 0
683 371 0
683 73 0
683 453 0
41 196 0
196 245 0
196 268 0
196 756 0
42 132 0
42 185 0
42 207 0
42 246 0
42 737 0
185 119 0
185 378 0
44 469 0
469 880 0
469 935 0
45 372 0
45 405 0
45 540 0
45 698 0
372 52 0
372 582 0
46 64 0
46 144 0
46 755 0
64 55 0
64 375 0
64 577 0
64 966 0
144 201 0
144 249 0
144 814 0
47 336 0
336 107 0
336 716 0
336 886 0
48 120 0
48 197 0
48 392 0
120 433 0
120 546 0
197 85 0
197 546 0
49 179 0
179 101 0
179 312 0
179 776 0
50 543 0
543 311 0
543 799 0
57 146 0
57 511 0
601 392 0
52 301 0
52 312 0
52 632 0
52 729 0
312 922 0
312 542 0
54 59 0
54 150 0
54 240 0
54 503 0
54 635 0
503 226 0
503 801 0
56 571 0
571 152 0
571 189 0
571 876 0
146 628 0
146 140 0
146 687 0
544 430 0
544 457 0
544 610 0
792 214 0
792 466 0
60 267 0
267 652 0
267 716 0
267 320 0
267 744 0
61 843 0
843 299 0
62 488 0
488 338 0
488 851 0
63 562 0
562 390 0
562 523 0
562 611 0
562 208 0
65 231 0
231 215 0
231 228 0
231 707 0
66 862 0
862 424 0
862 465 0
862 286 0
67 191 0
67 237 0
67 242 0
67 611 0
67 844 0
191 428 0
237 926 0
242 645 0
68 565 0
565 382 0
565 175 0
565 596 0
70 176 0
70 383 0
70 715 0
70 789 0
383 550 0
383 626 0
71 343 0
71 411 0
71 471 0
71 498 0
72 732 0
732 373 0
732 494 0
732 77 0
73 398 0
73 681 0
398 85 0
681 224 0
74 800 0
800 290 0
800 945 0
800 414 0
76 801 0
801 795 0
801 320 0
77 103 0
77 513 0
103 369 0
103 647 0
103 903 0
78 89 0
78 407 0
78 676 0
78 961 0
79 809 0
79 842 0
79 850 0
79 900 0
79 999 0
850 831 0
850 459 0
80 282 0
80 471 0
80 586 0
80 759 0
471 511 0
471 168 0
81 113 0
81 130 0
81 310 0
81 368 0
81 467 0
113 542 0
113 579 0
113 613 0
113 310 0
113 871 0
130 546 0
130 597 0
368 903 0
83 449 0
83 668 0
83 677 0
84 526 0
526 276 0
526 830 0
526 890 0
85 572 0
85 626 0
86 671 0
671 374 0
87 168 0
168 278 0
168 634 0
88 810 0
810 163 0
810 497 0
90 818 0
818 370 0
818 710 0
91 433 0
433 221 0
433 334 0
433 460 0
433 988 0
388 757 0
388 937 0
93 794 0
794 230 0
794 578 0
794 434 0
94 346 0
346 259 0
346 274 0
346 852 0
95 143 0
143 492 0
143 551 0
143 936 0
96 558 0
558 98 0
558 217 0
558 604 0
97 291 0
97 534 0
97 648 0
291 155 0
291 184 0
291 602 0
99 539 0
539 114 0
539 521 0
100 181 0
181 357 0
181 746 0
181 973 0
101 277 0
101 408 0
102 134 0
102 158 0
102 925 0
134 228 0
134 546 0
134 845 0
134 930 0
369 214 0
369 479 0
104 184 0
184 122 0
184 748 0
105 791 0
105 824 0
105 831 0
105 840 0
791 532 0
791 536 0
106 236 0
106 599 0
106 936 0
236 165 0
236 577 0
236 868 0
236 946 0
109 912 0
912 415 0
912 861 0
110 600 0
600 569 0
600 661 0
600 724 0
111 335 0
335 451 0
335 776 0
335 803 0
335 920 0
112 647 0
112 649 0
112 682 0
112 915 0
647 942 0
647 974 0
647 726 0
542 349 0
115 957 0
957 243 0
957 825 0
118 837 0
837 693 0
119 140 0
119 651 0
119 725 0
119 802 0
140 260 0
121 466 0
466 199 0
466 495 0
466 821 0
123 974 0
974 432 0
124 264 0
264 268 0
264 367 0
126 638 0
638 429 0
128 206 0
128 394 0
128 606 0
128 720 0
394 406 0
394 765 0
546 889 0
131 408 0
408 443 0
408 455 0
408 948 0
228 827 0
228 856 0
228 995 0
135 395 0
135 552 0
135 906 0
135 971 0
552 468 0
552 155 0
136 798 0
798 142 0
798 660 0
137 362 0
362 656 0
362 712 0
362 814 0
362 890 0
139 478 0
478 412 0
478 697 0
478 981 0
141 787 0
787 473 0
145 303 0
303 178 0
303 274 0
303 332 0
148 183 0
148 219 0
148 505 0
148 753 0
219 753 0
219 765 0
149 414 0
149 577 0
149 821 0
577 266 0
577 540 0
151 531 0
531 227 0
531 348 0
531 460 0
531 997 0
152 582 0
152 911 0
582 580 0
582 903 0
153 440 0
153 609 0
153 845 0
153 931 0
609 955 0
609 511 0
154 841 0
841 172 0
841 355 0
841 962 0
155 217 0
155 221 0
155 590 0
217 773 0
221 680 0
156 954 0
954 887 0
157 730 0
730 475 0
730 561 0
730 695 0
158 297 0
158 298 0
158 320 0
298 266 0
298 692 0
298 838 0
159 354 0
159 458 0
159 958 0
159 891 0
354 511 0
354 556 0
354 616 0
212 580 0
262 345 0
262 347 0
262 434 0
262 944 0
161 198 0
198 423 0
198 510 0
198 689 0
162 422 0
422 518 0
422 545 0
422 871 0
422 997 0
166 949 0
949 342 0
949 655 0
167 629 0
629 177 0
629 216 0
629 951 0
170 645 0
645 397 0
645 870 0
645 316 0
171 479 0
479 253 0
479 734 0
173 349 0
173 462 0
173 956 0
173 599 0
349 541 0
349 605 0
349 745 0
462 529 0
462 739 0
175 426 0
175 459 0
426 779 0
426 816 0
426 953 0
459 277 0
459 757 0
180 550 0
550 425 0
550 501 0
550 740 0
357 378 0
357 927 0
357 402 0
182 365 0
365 487 0
365 593 0
365 983 0
187 989 0
989 929 0
989 963 0
188 404 0
404 650 0
404 686 0
404 782 0
190 410 0
410 246 0
410 691 0
410 937 0
447 611 0
447 959 0
447 776 0
194 877 0
877 294 0
195 968 0
968 727 0
968 878 0
268 381 0
202 536 0
536 669 0
536 1000 0
204 456 0
456 359 0
456 978 0
456 936 0
205 796 0
796 665 0
208 209 0
208 402 0
209 296 0
209 420 0
209 564 0
209 858 0
296 266 0
296 384 0
296 696 0
210 696 0
696 446 0
696 967 0
211 442 0
442 222 0
442 516 0
213 392 0
213 742 0
213 829 0
392 586 0
392 590 0
392 959 0
742 733 0
214 595 0
214 822 0
216 807 0
216 889 0
216 902 0
807 326 0
807 504 0
807 281 0
889 689 0
773 289 0
773 376 0
773 708 0
220 761 0
761 361 0
761 461 0
222 762 0
222 937 0
223 508 0
508 339 0
508 434 0
508 882 0
225 950 0
950 244 0
226 483 0
226 640 0
226 652 0
226 917 0
827 738 0
827 762 0
827 812 0
229 670 0
229 722 0
229 936 0
229 939 0
670 611 0
233 293 0
293 337 0
293 580 0
293 892 0
234 627 0
627 258 0
238 413 0
238 506 0
238 686 0
238 786 0
239 616 0
616 688 0
616 834 0
241 642 0
642 726 0
246 988 0
247 955 0
955 261 0
248 993 0
993 705 0
993 916 0
250 441 0
441 281 0
441 741 0
441 805 0
251 280 0
280 607 0
280 711 0
280 870 0
252 854 0
854 277 0
854 482 0
854 502 0
254 774 0
774 295 0
774 733 0
774 285 0
774 913 0
255 428 0
428 286 0
428 553 0
428 633 0
260 313 0
260 401 0
260 481 0
260 695 0
263 704 0
704 615 0
265 614 0
265 893 0
265 972 0
266 757 0
266 988 0
716 418 0
269 625 0
269 646 0
269 702 0
269 890 0
270 875 0
271 381 0
381 358 0
381 987 0
272 319 0
272 391 0
272 611 0
272 811 0
273 366 0
366 630 0
366 776 0
366 943 0
274 340 0
340 315 0
340 603 0
340 622 0
275 838 0
838 403 0
838 500 0
277 316 0
316 821 0
279 864 0
864 588 0
607 281 0
281 286 0
286 406 0
286 848 0
283 655 0
283 751 0
283 753 0
283 959 0
751 884 0
284 911 0
911 907 0
911 991 0
285 429 0
429 532 0
429 853 0
406 637 0
406 904 0
287 318 0
287 507 0
287 793 0
287 905 0
318 329 0
288 965 0
965 333 0
965 554 0
292 808 0
808 474 0
384 329 0
302 984 0
984 520 0
305 363 0
363 355 0
363 654 0
363 766 0
307 480 0
307 762 0
307 806 0
307 930 0
307 975 0
308 784 0
784 548 0
309 573 0
573 355 0
573 587 0
573 977 0
922 591 0
922 484 0
470 517 0
470 772 0
329 360 0
329 540 0
329 658 0
321 848 0
848 804 0
848 979 0
322 853 0
853 331 0
853 512 0
853 549 0
323 995 0
995 344 0
995 464 0
327 902 0
902 416 0
902 567 0
328 448 0
448 352 0
448 685 0
448 980 0
330 454 0
454 598 0
454 964 0
454 686 0
353 836 0
836 871 0
511 590 0
356 445 0
356 537 0
356 589 0
356 849 0
378 589 0
378 678 0
377 389 0
377 519 0
377 870 0
377 923 0
589 701 0
678 866 0
678 875 0
385 927 0
927 867 0
386 468 0
468 620 0
468 713 0
387 771 0
771 533 0
757 637 0
393 599 0
599 728 0
396 914 0
914 718 0
400 780 0
780 847 0
780 443 0
780 990 0
402 584 0
402 785 0
402 885 0
443 593 0
443 662 0
409 514 0
409 559 0
409 576 0
417 933 0
933 570 0
418 549 0
418 583 0
418 952 0
549 689 0
425 619 0
427 940 0
940 608 0
940 663 0
532 890 0
431 437 0
431 597 0
431 721 0
431 747 0
597 619 0
597 680 0
434 875 0
875 891 0
875 961 0
438 467 0
467 857 0
467 986 0
439 618 0
618 835 0
618 865 0
662 522 0
450 860 0
860 560 0
472 692 0
692 694 0
692 934 0
476 903 0
477 513 0
513 496 0
513 777 0
513 872 0
484 619 0
619 873 0
619 998 0
491 602 0
602 499 0
602 817 0
602 898 0
509 768 0
768 764 0
515 869 0
869 635 0
525 680 0
527 985 0
985 819 0
528 703 0
703 535 0
530 884 0
538 781 0
781 790 0
547 883 0
883 753 0
883 814 0
883 896 0
556 568 0
556 673 0
556 803 0
556 831 0
572 685 0
572 686 0
572 695 0
661 626 0
701 639 0
701 976 0
594 833 0
833 621 0
626 697 0
634 830 0
634 903 0
635 997 0
636 679 0
679 731 0
684 956 0
956 821 0
706 754 0
706 797 0
706 970 0
797 946 0
714 863 0
863 752 0
749 926 0
753 755 0
765 770 0
765 894 0
765 895 0
925 946 0
925 997 0
