941 999 0
1 177 0
177 37 0
177 150 0
177 286 0
177 529 0
177 585 0
2 102 0
2 267 0
2 863 0
2 882 0
102 260 0
3 474 0
3 560 0
474 58 0
474 553 0
4 895 0
895 103 0
895 540 0
895 904 0
895 155 0
895 711 0
5 345 0
5 642 0
5 702 0
5 790 0
5 842 0
345 32 0
345 335 0
345 960 0
345 369 0
642 721 0
642 270 0
642 883 0
702 406 0
702 439 0
6 797 0
797 11 0
797 359 0
7 87 0
87 572 0
87 647 0
87 879 0
8 504 0
504 33 0
504 44 0
504 665 0
9 238 0
9 419 0
9 544 0
9 827 0
10 95 0
10 162 0
10 293 0
10 452 0
10 493 0
10 567 0
10 840 0
95 600 0
162 107 0
162 260 0
493 45 0
493 195 0
12 187 0
187 394 0
187 765 0
187 878 0
13 107 0
13 250 0
13 706 0
13 757 0
13 817 0
13 889 0
107 649 0
107 982 0
250 48 0
250 363 0
250 500 0
706 101 0
706 429 0
706 144 0
757 230 0
757 622 0
14 221 0
221 84 0
221 273 0
221 393 0
221 616 0
221 938 0
15 215 0
15 409 0
15 431 0
15 742 0
16 25 0
25 245 0
25 608 0
25 724 0
25 912 0
17 448 0
17 464 0
17 562 0
17 775 0
17 985 0
448 747 0
18 69 0
18 261 0
18 307 0
18 707 0
18 957 0
261 59 0
261 89 0
261 185 0
19 444 0
444 59 0
444 556 0
444 938 0
444 435 0
20 68 0
20 120 0
20 180 0
20 689 0
20 766 0
68 29 0
68 315 0
68 378 0
120 244 0
120 280 0
120 925 0
180 329 0
689 123 0
689 391 0
689 216 0
689 875 0
21 76 0
21 574 0
21 728 0
21 952 0
76 141 0
76 382 0
76 723 0
76 946 0
574 436 0
574 461 0
574 783 0
574 804 0
22 278 0
22 492 0
22 530 0
22 740 0
22 778 0
492 256 0
23 516 0
516 105 0
516 557 0
24 563 0
563 650 0
245 34 0
245 252 0
245 375 0
26 810 0
810 209 0
810 624 0
810 670 0
810 765 0
810 354 0
27 659 0
659 154 0
659 236 0
28 853 0
28 968 0
28 990 0
853 567 0
853 38 0
29 167 0
29 754 0
30 949 0
949 312 0
949 200 0
949 976 0
31 88 0
31 336 0
31 416 0
31 478 0
31 904 0
336 623 0
34 149 0
34 315 0
34 351 0
34 509 0
315 207 0
35 192 0
35 282 0
35 720 0
35 963 0
282 134 0
282 890 0
36 420 0
420 79 0
420 736 0
420 852 0
38 249 0
38 573 0
38 674 0
38 886 0
249 347 0
249 397 0
249 986 0
573 274 0
573 301 0
674 104 0
39 428 0
428 280 0
428 632 0
428 695 0
40 781 0
781 378 0
781 784 0
781 362 0
41 148 0
148 433 0
148 535 0
148 777 0
148 944 0
42 139 0
42 169 0
42 458 0
42 635 0
42 772 0
139 124 0
139 539 0
169 533 0
169 828 0
169 888 0
458 111 0
458 285 0
43 64 0
43 66 0
43 484 0
43 762 0
43 791 0
45 93 0
45 191 0
46 497 0
497 657 0
497 393 0
47 348 0
348 207 0
348 240 0
348 839 0
49 667 0
49 824 0
49 929 0
667 623 0
667 181 0
50 790 0
790 195 0
51 327 0
327 126 0
327 194 0
327 402 0
52 287 0
287 92 0
287 96 0
287 210 0
53 321 0
321 80 0
321 643 0
321 958 0
54 805 0
805 705 0
55 795 0
795 519 0
56 339 0
56 567 0
56 725 0
56 981 0
567 151 0
567 828 0
57 119 0
119 142 0
119 146 0
59 134 0
59 610 0
59 652 0
59 751 0
134 623 0
610 226 0
610 368 0
60 86 0
60 719 0
86 130 0
86 179 0
86 258 0
86 309 0
86 440 0
61 260 0
260 91 0
260 318 0
260 528 0
62 65 0
62 219 0
62 333 0
65 543 0
65 824 0
65 967 0
219 89 0
219 110 0
219 606 0
63 197 0
197 203 0
197 372 0
197 373 0
197 385 0
543 84 0
543 255 0
543 670 0
67 248 0
248 742 0
248 173 0
248 954 0
70 466 0
466 237 0
71 507 0
71 621 0
71 816 0
71 943 0
507 229 0
507 276 0
72 890 0
890 109 0
890 311 0
73 222 0
73 243 0
73 385 0
73 523 0
222 284 0
385 652 0
385 772 0
385 898 0
74 279 0
74 395 0
74 854 0
74 930 0
279 538 0
279 313 0
395 289 0
395 690 0
854 161 0
854 328 0
75 334 0
334 184 0
334 804 0
334 1000 0
382 640 0
77 304 0
304 615 0
304 670 0
304 678 0
78 283 0
283 521 0
283 599 0
283 437 0
79 190 0
79 435 0
79 505 0
79 551 0
190 171 0
190 697 0
190 754 0
190 817 0
435 291 0
80 225 0
80 756 0
80 995 0
225 145 0
225 633 0
225 714 0
81 930 0
930 306 0
930 645 0
82 483 0
483 196 0
83 403 0
403 465 0
403 807 0
84 313 0
84 677 0
84 770 0
313 254 0
85 110 0
110 408 0
110 969 0
130 362 0
130 611 0
130 623 0
130 728 0
179 383 0
258 213 0
258 216 0
258 711 0
258 715 0
572 365 0
572 467 0
89 700 0
89 941 0
89 993 0
90 310 0
310 270 0
310 663 0
310 905 0
94 176 0
94 450 0
94 662 0
94 672 0
450 758 0
450 117 0
450 877 0
96 178 0
96 538 0
96 886 0
178 517 0
178 622 0
178 870 0
538 443 0
97 683 0
683 127 0
683 488 0
98 284 0
98 308 0
98 673 0
98 846 0
284 263 0
284 597 0
284 780 0
99 393 0
99 473 0
99 858 0
99 876 0
99 882 0
99 910 0
100 231 0
231 754 0
231 868 0
231 945 0
105 332 0
105 618 0
105 901 0
105 971 0
332 467 0
332 750 0
618 697 0
106 451 0
106 779 0
106 801 0
106 991 0
451 143 0
451 380 0
451 418 0
779 167 0
779 829 0
779 165 0
779 193 0
108 580 0
580 224 0
580 331 0
112 751 0
751 744 0
751 915 0
751 253 0
113 410 0
410 508 0
410 726 0
410 807 0
410 814 0
114 524 0
114 661 0
114 719 0
114 766 0
524 269 0
524 364 0
524 396 0
524 405 0
661 417 0
661 687 0
115 973 0
973 676 0
116 185 0
116 266 0
116 575 0
116 675 0
185 679 0
266 471 0
266 750 0
266 977 0
117 338 0
117 437 0
117 769 0
338 404 0
338 765 0
338 612 0
338 940 0
118 165 0
165 343 0
165 357 0
165 794 0
244 690 0
244 738 0
280 174 0
280 407 0
280 913 0
280 967 0
121 770 0
770 158 0
770 233 0
122 836 0
836 257 0
125 971 0
971 324 0
971 627 0
128 276 0
276 253 0
276 408 0
276 835 0
129 947 0
947 760 0
362 157 0
611 638 0
611 655 0
611 660 0
131 990 0
990 494 0
132 548 0
548 453 0
133 961 0
961 137 0
961 411 0
961 707 0
135 415 0
415 358 0
415 911 0
415 670 0
136 229 0
136 597 0
136 644 0
136 929 0
136 977 0
229 487 0
229 946 0
229 622 0
644 153 0
138 761 0
761 214 0
761 872 0
761 289 0
140 227 0
227 270 0
227 565 0
227 614 0
143 354 0
143 482 0
143 774 0
354 208 0
354 365 0
144 413 0
144 508 0
413 204 0
413 491 0
413 771 0
146 372 0
146 378 0
372 247 0
372 901 0
147 909 0
909 218 0
909 798 0
909 849 0
433 758 0
433 459 0
150 775 0
150 756 0
151 194 0
151 665 0
151 937 0
194 340 0
152 549 0
549 255 0
549 300 0
549 983 0
153 422 0
153 571 0
155 167 0
155 913 0
167 175 0
167 506 0
167 920 0
156 404 0
404 272 0
404 585 0
404 767 0
157 388 0
157 590 0
157 845 0
590 259 0
159 512 0
512 374 0
512 434 0
512 447 0
160 265 0
160 271 0
160 625 0
265 292 0
265 481 0
265 748 0
271 232 0
271 696 0
271 931 0
163 877 0
877 822 0
877 182 0
164 924 0
924 188 0
924 378 0
357 766 0
166 818 0
818 299 0
168 469 0
168 690 0
168 755 0
168 842 0
168 992 0
170 329 0
170 442 0
329 434 0
171 174 0
171 570 0
171 617 0
171 940 0
174 453 0
174 625 0
570 421 0
570 423 0
172 554 0
554 501 0
173 201 0
201 200 0
201 456 0
201 808 0
201 932 0
181 337 0
181 528 0
181 878 0
337 841 0
337 843 0
528 426 0
182 378 0
182 957 0
183 251 0
251 289 0
251 381 0
251 498 0
251 550 0
186 453 0
186 728 0
453 828 0
189 475 0
475 544 0
697 824 0
193 365 0
193 568 0
365 445 0
365 812 0
365 948 0
365 925 0
340 718 0
340 732 0
340 764 0
195 380 0
195 967 0
380 594 0
380 860 0
198 891 0
891 399 0
199 998 0
998 802 0
200 462 0
200 995 0
462 819 0
202 205 0
205 275 0
205 988 0
205 333 0
204 463 0
204 583 0
204 848 0
206 561 0
561 211 0
208 401 0
212 247 0
247 814 0
247 859 0
213 551 0
213 807 0
216 841 0
217 881 0
881 477 0
220 933 0
933 408 0
933 775 0
223 679 0
679 654 0
679 662 0
679 676 0
679 786 0
679 478 0
228 921 0
921 322 0
921 455 0
487 499 0
487 581 0
487 648 0
230 252 0
230 369 0
230 886 0
230 824 0
252 651 0
369 326 0
754 848 0
234 851 0
851 341 0
235 424 0
424 729 0
424 904 0
424 939 0
236 936 0
236 942 0
236 962 0
936 430 0
962 585 0
239 263 0
263 377 0
263 800 0
240 268 0
240 586 0
240 656 0
240 701 0
268 701 0
268 801 0
586 495 0
701 536 0
701 613 0
701 640 0
241 984 0
984 728 0
242 980 0
980 601 0
246 901 0
901 716 0
901 811 0
814 747 0
289 711 0
253 848 0
255 291 0
291 457 0
291 502 0
256 264 0
256 834 0
256 989 0
259 537 0
259 544 0
259 707 0
259 937 0
259 1000 0
544 383 0
262 709 0
709 379 0
471 652 0
277 547 0
547 412 0
407 344 0
407 693 0
407 900 0
407 938 0
281 750 0
750 896 0
288 919 0
919 848 0
919 880 0
919 934 0
290 918 0
918 866 0
294 940 0
940 620 0
940 833 0
295 799 0
799 741 0
296 460 0
460 355 0
297 470 0
470 429 0
470 598 0
470 650 0
470 743 0
298 829 0
829 873 0
302 546 0
546 389 0
546 434 0
303 893 0
893 349 0
305 551 0
551 906 0
309 612 0
309 722 0
309 815 0
612 652 0
314 584 0
314 596 0
314 666 0
316 427 0
427 589 0
427 731 0
427 782 0
427 855 0
317 756 0
756 638 0
756 828 0
319 843 0
843 342 0
843 916 0
320 841 0
841 361 0
841 392 0
323 595 0
323 925 0
323 950 0
323 965 0
595 442 0
325 641 0
641 496 0
641 762 0
326 333 0
326 785 0
326 857 0
333 733 0
330 626 0
626 490 0
733 398 0
341 844 0
341 977 0
844 386 0
346 898 0
898 384 0
898 503 0
350 459 0
459 356 0
459 531 0
352 383 0
352 1000 0
352 719 0
383 449 0
383 864 0
353 440 0
440 390 0
440 978 0
360 710 0
710 749 0
364 576 0
366 560 0
560 518 0
560 665 0
367 442 0
442 370 0
368 923 0
370 670 0
371 505 0
505 508 0
505 513 0
505 787 0
375 438 0
375 525 0
375 578 0
376 426 0
426 727 0
426 737 0
772 522 0
772 721 0
387 617 0
617 485 0
617 555 0
617 635 0
617 724 0
617 964 0
400 752 0
752 569 0
401 511 0
401 640 0
401 694 0
401 728 0
807 975 0
491 587 0
491 688 0
414 780 0
780 489 0
780 577 0
780 628 0
780 782 0
418 425 0
418 496 0
418 541 0
418 861 0
432 970 0
970 604 0
441 478 0
441 479 0
441 668 0
441 671 0
441 680 0
441 902 0
446 607 0
607 480 0
454 520 0
454 600 0
454 605 0
520 472 0
600 903 0
467 699 0
467 739 0
467 914 0
468 499 0
499 677 0
476 831 0
831 498 0
831 510 0
486 913 0
913 609 0
648 806 0
514 527 0
514 630 0
514 803 0
803 568 0
803 837 0
515 747 0
747 566 0
526 558 0
526 634 0
532 605 0
605 813 0
605 838 0
605 997 0
534 552 0
534 639 0
639 975 0
545 894 0
894 591 0
559 996 0
996 823 0
996 966 0
996 991 0
568 817 0
568 922 0
804 576 0
576 708 0
576 874 0
576 885 0
603 771 0
771 908 0
771 953 0
606 792 0
606 907 0
606 955 0
619 712 0
619 887 0
622 987 0
987 721 0
625 763 0
625 793 0
631 719 0
719 735 0
975 685 0
762 977 0
658 968 0
968 832 0
968 974 0
662 676 0
662 777 0
824 1000 0
728 926 0
759 869 0
759 892 0
759 959 0
766 902 0
766 937 0
902 820 0
937 929 0
775 776 0
776 801 0
801 929 0
883 923 0
923 884 0
923 928 0
