691 699 0
1 286 0
1 297 0
1 510 0
1 684 0
286 390 0
286 456 0
286 8 0
297 30 0
297 495 0
297 137 0
2 30 0
2 611 0
2 672 0
30 437 0
30 562 0
3 263 0
263 82 0
263 254 0
263 420 0
4 278 0
278 250 0
278 643 0
278 210 0
5 63 0
5 202 0
5 410 0
5 572 0
202 70 0
202 305 0
202 369 0
6 121 0
6 193 0
6 552 0
6 664 0
7 140 0
7 222 0
7 243 0
7 366 0
140 349 0
140 547 0
140 616 0
222 200 0
222 339 0
222 494 0
8 34 0
8 184 0
8 189 0
8 486 0
34 295 0
34 667 0
9 464 0
464 42 0
464 405 0
464 391 0
10 223 0
223 41 0
223 440 0
223 554 0
223 564 0
11 427 0
427 308 0
427 513 0
427 64 0
12 311 0
12 326 0
12 478 0
12 520 0
13 356 0
356 382 0
356 538 0
356 687 0
356 296 0
14 186 0
186 391 0
186 473 0
186 587 0
15 156 0
15 267 0
15 461 0
15 570 0
156 89 0
156 137 0
156 260 0
16 195 0
16 249 0
16 432 0
16 463 0
17 43 0
17 105 0
17 439 0
17 517 0
18 151 0
18 449 0
18 489 0
18 593 0
151 129 0
151 294 0
19 174 0
174 282 0
174 304 0
174 655 0
20 70 0
20 93 0
20 262 0
70 437 0
70 505 0
93 131 0
93 430 0
93 678 0
21 60 0
60 370 0
60 532 0
60 568 0
22 158 0
158 64 0
158 476 0
158 565 0
23 345 0
345 241 0
345 292 0
345 324 0
24 210 0
24 318 0
24 420 0
24 533 0
210 54 0
210 245 0
318 173 0
318 346 0
318 296 0
318 537 0
25 214 0
214 145 0
214 492 0
214 552 0
26 385 0
385 161 0
385 514 0
27 406 0
406 342 0
406 387 0
406 642 0
28 485 0
485 36 0
485 499 0
485 432 0
29 245 0
245 160 0
245 586 0
31 112 0
112 86 0
112 408 0
112 429 0
32 237 0
32 302 0
32 445 0
33 456 0
456 310 0
456 412 0
35 118 0
35 219 0
35 300 0
35 382 0
35 684 0
37 162 0
162 317 0
162 354 0
162 127 0
162 522 0
38 80 0
38 127 0
38 426 0
38 508 0
127 149 0
127 474 0
39 283 0
39 505 0
39 637 0
39 695 0
505 106 0
505 417 0
40 212 0
40 235 0
40 351 0
40 491 0
235 137 0
235 227 0
44 58 0
44 64 0
44 381 0
44 645 0
64 238 0
45 319 0
45 415 0
45 469 0
45 506 0
415 171 0
415 487 0
46 238 0
46 306 0
46 487 0
46 496 0
46 562 0
238 290 0
306 532 0
306 542 0
306 681 0
306 349 0
487 380 0
487 580 0
487 662 0
47 71 0
47 262 0
47 316 0
47 417 0
71 138 0
71 168 0
71 467 0
71 236 0
262 136 0
262 207 0
48 111 0
48 299 0
48 380 0
48 392 0
49 589 0
589 432 0
589 618 0
589 621 0
50 182 0
50 233 0
50 257 0
50 555 0
51 205 0
51 217 0
51 420 0
51 536 0
52 154 0
154 104 0
154 303 0
154 591 0
53 636 0
636 74 0
636 141 0
636 416 0
54 119 0
54 213 0
54 563 0
55 359 0
55 400 0
55 580 0
55 669 0
56 537 0
537 94 0
537 117 0
57 673 0
673 419 0
673 574 0
673 535 0
59 95 0
59 179 0
59 208 0
59 281 0
179 495 0
179 588 0
179 668 0
61 98 0
98 285 0
98 325 0
98 542 0
62 386 0
386 141 0
386 291 0
386 605 0
386 626 0
65 653 0
653 512 0
66 259 0
259 282 0
259 431 0
259 540 0
67 544 0
544 203 0
544 591 0
544 600 0
68 634 0
634 157 0
634 397 0
69 553 0
553 170 0
553 375 0
553 107 0
72 475 0
475 436 0
475 552 0
475 187 0
475 571 0
73 520 0
73 548 0
73 567 0
73 603 0
73 608 0
520 183 0
520 256 0
75 242 0
75 289 0
75 395 0
75 437 0
242 220 0
242 459 0
242 585 0
289 107 0
289 253 0
289 402 0
76 113 0
113 107 0
113 199 0
113 378 0
77 109 0
109 335 0
109 639 0
109 467 0
78 103 0
103 218 0
103 358 0
103 532 0
79 324 0
79 330 0
79 403 0
79 630 0
324 462 0
324 490 0
81 221 0
221 275 0
221 502 0
221 518 0
83 88 0
83 244 0
83 270 0
83 566 0
83 642 0
84 483 0
483 92 0
483 282 0
483 407 0
85 596 0
596 163 0
596 538 0
596 558 0
87 357 0
357 155 0
357 453 0
89 258 0
89 424 0
89 680 0
90 462 0
462 364 0
462 579 0
91 150 0
91 549 0
91 554 0
91 622 0
96 165 0
96 413 0
96 573 0
96 633 0
413 656 0
413 265 0
413 527 0
97 220 0
220 101 0
220 361 0
99 265 0
265 191 0
265 541 0
100 294 0
294 322 0
294 500 0
102 196 0
102 206 0
102 468 0
102 523 0
196 230 0
196 327 0
106 116 0
106 296 0
106 601 0
106 648 0
107 545 0
108 585 0
585 255 0
585 460 0
110 423 0
423 125 0
423 466 0
423 623 0
114 577 0
577 420 0
577 472 0
577 624 0
577 317 0
115 527 0
527 276 0
527 373 0
120 167 0
167 641 0
167 642 0
167 651 0
122 123 0
122 146 0
122 569 0
122 380 0
124 700 0
700 130 0
126 374 0
374 175 0
374 209 0
374 466 0
149 642 0
149 649 0
149 672 0
128 129 0
129 539 0
129 632 0
132 327 0
327 347 0
327 363 0
133 307 0
307 253 0
307 398 0
307 659 0
134 366 0
366 663 0
366 692 0
135 615 0
615 454 0
137 141 0
141 674 0
139 305 0
305 428 0
305 480 0
349 144 0
142 348 0
348 252 0
348 329 0
348 672 0
143 271 0
271 580 0
271 676 0
271 677 0
144 201 0
144 521 0
144 595 0
144 687 0
595 320 0
595 656 0
147 511 0
511 372 0
511 502 0
511 682 0
148 465 0
148 496 0
148 524 0
148 560 0
465 576 0
152 652 0
652 225 0
153 674 0
674 180 0
674 438 0
159 654 0
654 583 0
317 346 0
164 399 0
399 315 0
399 365 0
399 591 0
166 402 0
402 450 0
402 688 0
169 379 0
379 501 0
379 646 0
379 662 0
171 229 0
171 421 0
172 649 0
172 660 0
172 662 0
649 562 0
649 243 0
173 234 0
173 528 0
176 531 0
531 178 0
531 666 0
531 257 0
177 367 0
367 446 0
367 440 0
367 546 0
495 467 0
495 552 0
495 605 0
181 617 0
617 510 0
183 388 0
183 561 0
183 683 0
185 668 0
668 248 0
668 284 0
391 422 0
391 458 0
187 227 0
187 613 0
227 224 0
227 360 0
188 545 0
545 336 0
545 578 0
190 693 0
693 519 0
693 551 0
192 670 0
670 287 0
670 452 0
670 395 0
194 228 0
194 352 0
194 613 0
194 647 0
230 497 0
230 590 0
230 594 0
197 411 0
411 332 0
411 409 0
411 554 0
198 679 0
679 353 0
204 631 0
631 504 0
631 546 0
631 671 0
211 251 0
251 408 0
251 442 0
251 509 0
215 667 0
667 467 0
667 566 0
216 260 0
260 314 0
260 689 0
226 458 0
458 269 0
458 691 0
231 295 0
295 629 0
295 696 0
295 290 0
232 350 0
232 470 0
232 546 0
232 598 0
236 580 0
290 268 0
290 371 0
239 414 0
414 380 0
414 607 0
414 609 0
240 588 0
588 323 0
588 599 0
243 502 0
243 535 0
502 281 0
535 393 0
535 272 0
246 575 0
575 261 0
575 280 0
575 681 0
247 369 0
369 338 0
369 644 0
408 451 0
253 516 0
253 559 0
256 439 0
256 533 0
256 613 0
439 690 0
439 277 0
533 437 0
533 451 0
257 498 0
257 503 0
498 376 0
503 418 0
503 447 0
503 550 0
264 417 0
417 321 0
417 694 0
266 272 0
272 312 0
272 383 0
272 566 0
268 479 0
268 557 0
268 625 0
273 277 0
277 301 0
277 515 0
274 576 0
576 482 0
576 602 0
279 611 0
611 395 0
611 529 0
281 448 0
448 394 0
448 455 0
448 542 0
448 605 0
390 316 0
390 435 0
288 309 0
288 444 0
288 556 0
288 662 0
293 675 0
675 404 0
675 532 0
675 592 0
298 660 0
660 384 0
660 681 0
542 640 0
313 371 0
371 341 0
371 699 0
346 377 0
346 658 0
320 530 0
320 581 0
320 657 0
328 640 0
640 333 0
640 396 0
331 435 0
435 362 0
334 525 0
525 507 0
525 697 0
337 474 0
474 389 0
474 481 0
340 620 0
620 433 0
620 484 0
343 457 0
457 395 0
457 493 0
457 534 0
344 425 0
344 471 0
344 662 0
344 685 0
355 584 0
584 368 0
584 543 0
382 490 0
538 656 0
538 582 0
376 490 0
376 562 0
490 466 0
490 554 0
422 546 0
393 610 0
393 628 0
393 686 0
401 459 0
459 434 0
459 441 0
451 432 0
451 591 0
432 687 0
690 526 0
690 627 0
443 582 0
582 477 0
582 488 0
597 635 0
635 612 0
