1000 999 0
1 898 0
898 77 0
898 163 0
898 562 0
2 608 0
608 101 0
608 189 0
608 782 0
3 187 0
3 405 0
3 671 0
3 913 0
4 207 0
4 437 0
4 499 0
4 975 0
207 557 0
207 683 0
207 930 0
437 718 0
437 814 0
437 884 0
5 6 0
5 360 0
5 652 0
5 860 0
6 231 0
6 799 0
6 830 0
360 538 0
360 563 0
360 666 0
7 117 0
7 257 0
7 466 0
117 107 0
117 223 0
117 519 0
8 260 0
260 446 0
260 561 0
260 747 0
9 97 0
97 272 0
97 386 0
97 417 0
10 945 0
945 221 0
945 746 0
945 886 0
11 82 0
11 179 0
11 483 0
11 485 0
179 287 0
179 887 0
179 629 0
12 141 0
12 594 0
12 720 0
12 913 0
13 69 0
69 276 0
69 719 0
69 812 0
14 124 0
14 596 0
14 805 0
14 836 0
15 456 0
15 542 0
15 742 0
15 939 0
16 294 0
294 35 0
294 361 0
294 993 0
294 996 0
17 43 0
17 246 0
17 562 0
17 625 0
18 565 0
565 680 0
565 94 0
565 849 0
19 113 0
113 52 0
113 872 0
113 999 0
20 550 0
550 462 0
550 589 0
21 122 0
21 267 0
21 403 0
21 761 0
122 68 0
122 326 0
122 415 0
22 422 0
422 57 0
422 631 0
422 279 0
23 168 0
23 216 0
23 364 0
23 925 0
168 170 0
168 807 0
24 172 0
24 434 0
24 642 0
24 807 0
24 985 0
172 694 0
434 641 0
434 715 0
434 865 0
642 441 0
642 477 0
642 735 0
25 818 0
818 661 0
818 702 0
818 825 0
818 931 0
26 500 0
500 339 0
500 820 0
500 873 0
27 150 0
150 428 0
150 580 0
28 92 0
92 95 0
92 232 0
92 365 0
29 629 0
629 440 0
629 874 0
629 57 0
30 318 0
318 230 0
318 313 0
318 495 0
31 133 0
31 204 0
31 816 0
31 973 0
32 753 0
753 222 0
753 333 0
33 498 0
498 91 0
498 147 0
498 982 0
34 219 0
34 281 0
34 824 0
34 829 0
219 275 0
219 545 0
219 968 0
219 989 0
281 126 0
281 412 0
281 524 0
36 135 0
36 682 0
36 777 0
36 908 0
135 257 0
135 575 0
135 663 0
135 724 0
682 56 0
682 268 0
682 366 0
37 203 0
37 394 0
37 512 0
37 858 0
203 118 0
203 159 0
203 723 0
394 83 0
394 156 0
394 779 0
38 227 0
227 650 0
227 749 0
227 811 0
39 633 0
633 264 0
633 782 0
633 786 0
40 651 0
651 506 0
651 839 0
651 850 0
41 73 0
41 161 0
41 361 0
41 620 0
42 435 0
435 94 0
435 217 0
435 481 0
44 843 0
843 72 0
843 574 0
843 460 0
45 595 0
595 297 0
595 484 0
595 249 0
46 265 0
265 241 0
265 776 0
47 694 0
694 108 0
694 655 0
694 923 0
48 123 0
48 621 0
123 347 0
123 377 0
123 981 0
49 652 0
652 160 0
652 700 0
50 169 0
50 478 0
50 711 0
50 784 0
169 67 0
169 351 0
169 668 0
169 736 0
51 492 0
492 345 0
492 459 0
492 877 0
492 883 0
52 192 0
52 592 0
52 512 0
192 195 0
192 271 0
192 552 0
53 389 0
389 476 0
389 185 0
389 593 0
54 457 0
54 758 0
54 922 0
54 924 0
457 138 0
457 560 0
55 623 0
623 432 0
623 585 0
623 611 0
57 999 0
58 152 0
152 210 0
152 357 0
59 348 0
348 291 0
348 336 0
348 691 0
60 528 0
528 470 0
528 317 0
528 555 0
61 105 0
105 154 0
105 647 0
105 751 0
105 903 0
62 238 0
62 314 0
62 607 0
62 828 0
63 887 0
887 612 0
887 654 0
64 802 0
802 558 0
802 242 0
802 459 0
65 249 0
65 372 0
65 617 0
65 796 0
249 512 0
249 525 0
66 524 0
524 838 0
524 890 0
67 94 0
67 347 0
67 647 0
94 917 0
347 287 0
68 230 0
68 507 0
68 511 0
230 468 0
230 962 0
70 815 0
815 480 0
815 831 0
815 598 0
71 421 0
421 263 0
421 371 0
421 808 0
74 111 0
74 196 0
74 507 0
74 833 0
75 466 0
466 508 0
466 781 0
466 993 0
76 557 0
557 353 0
557 895 0
78 84 0
78 309 0
78 620 0
78 775 0
79 461 0
461 546 0
461 602 0
461 846 0
80 223 0
80 438 0
80 602 0
80 729 0
223 439 0
223 744 0
223 983 0
223 428 0
81 683 0
683 128 0
683 493 0
85 197 0
197 250 0
197 516 0
197 569 0
86 718 0
718 332 0
718 475 0
718 506 0
87 578 0
578 407 0
578 640 0
578 317 0
88 352 0
352 334 0
352 509 0
352 766 0
89 253 0
89 770 0
89 792 0
89 928 0
770 370 0
770 205 0
770 911 0
90 780 0
780 726 0
780 460 0
780 727 0
91 433 0
91 587 0
433 660 0
433 847 0
433 864 0
95 164 0
95 514 0
95 861 0
93 855 0
855 728 0
855 900 0
164 261 0
164 289 0
164 291 0
96 468 0
468 635 0
468 844 0
272 240 0
272 679 0
98 760 0
760 211 0
760 562 0
760 909 0
99 195 0
195 236 0
195 520 0
100 340 0
340 507 0
340 527 0
340 588 0
102 144 0
144 559 0
144 932 0
144 934 0
103 918 0
918 522 0
918 599 0
918 826 0
104 669 0
669 341 0
669 688 0
669 185 0
647 277 0
106 707 0
707 319 0
707 474 0
707 722 0
109 658 0
658 239 0
658 490 0
658 585 0
110 987 0
987 673 0
987 931 0
987 316 0
112 762 0
112 822 0
112 906 0
112 963 0
822 504 0
822 296 0
822 439 0
822 908 0
114 119 0
114 327 0
114 834 0
114 926 0
115 583 0
583 368 0
583 698 0
583 939 0
116 590 0
590 258 0
590 431 0
590 749 0
120 324 0
120 358 0
120 409 0
121 153 0
121 420 0
121 465 0
125 917 0
917 463 0
917 793 0
126 399 0
126 486 0
126 748 0
127 295 0
295 316 0
295 553 0
295 572 0
129 531 0
531 927 0
531 941 0
531 946 0
130 447 0
447 215 0
447 308 0
447 899 0
131 914 0
914 229 0
914 940 0
132 148 0
148 136 0
148 867 0
148 993 0
134 145 0
145 576 0
145 579 0
145 859 0
257 782 0
137 414 0
414 676 0
414 894 0
414 896 0
138 569 0
138 824 0
138 834 0
569 149 0
569 251 0
139 464 0
464 396 0
464 426 0
464 561 0
140 234 0
234 174 0
234 255 0
234 308 0
142 413 0
413 320 0
413 817 0
413 507 0
143 458 0
143 677 0
143 889 0
143 894 0
146 962 0
962 208 0
962 288 0
149 349 0
149 445 0
149 852 0
428 291 0
151 848 0
848 181 0
848 183 0
848 665 0
155 752 0
752 331 0
752 245 0
752 965 0
157 514 0
514 586 0
514 772 0
158 367 0
158 533 0
158 536 0
158 959 0
162 767 0
767 497 0
767 571 0
767 751 0
261 423 0
261 454 0
261 969 0
165 429 0
429 190 0
429 521 0
166 240 0
240 184 0
240 755 0
240 602 0
167 835 0
835 430 0
835 573 0
835 334 0
835 859 0
351 224 0
351 482 0
170 512 0
170 744 0
170 882 0
512 826 0
744 886 0
882 289 0
882 511 0
171 233 0
233 290 0
233 303 0
233 564 0
173 919 0
919 577 0
919 875 0
175 448 0
175 816 0
175 840 0
175 856 0
816 616 0
816 455 0
176 681 0
681 487 0
681 719 0
681 730 0
177 991 0
991 305 0
991 662 0
178 279 0
178 359 0
178 418 0
178 657 0
279 182 0
279 256 0
287 585 0
180 581 0
581 282 0
581 697 0
581 808 0
182 317 0
182 377 0
182 620 0
317 269 0
184 455 0
185 224 0
185 378 0
224 795 0
224 842 0
378 245 0
378 598 0
378 377 0
186 285 0
186 325 0
186 868 0
186 915 0
325 384 0
325 741 0
325 911 0
325 977 0
188 769 0
769 303 0
769 503 0
769 544 0
191 269 0
269 670 0
269 947 0
271 383 0
271 551 0
271 809 0
193 410 0
410 291 0
410 690 0
410 788 0
194 296 0
296 764 0
296 804 0
198 740 0
740 200 0
740 319 0
740 980 0
199 283 0
199 460 0
199 494 0
199 921 0
460 725 0
201 756 0
756 543 0
756 910 0
756 345 0
202 968 0
968 393 0
968 471 0
205 693 0
205 759 0
205 902 0
206 408 0
408 630 0
408 316 0
408 439 0
209 235 0
235 443 0
235 534 0
235 839 0
212 525 0
525 387 0
525 339 0
525 545 0
213 807 0
807 537 0
807 566 0
214 342 0
214 346 0
214 716 0
214 749 0
218 444 0
444 390 0
444 826 0
444 960 0
545 989 0
220 398 0
398 634 0
398 704 0
398 859 0
983 416 0
983 548 0
225 316 0
225 607 0
225 766 0
225 981 0
226 668 0
668 259 0
668 337 0
228 789 0
789 561 0
789 667 0
789 891 0
237 549 0
549 375 0
549 766 0
549 904 0
242 427 0
242 644 0
427 280 0
427 505 0
427 731 0
644 794 0
644 862 0
644 905 0
243 994 0
994 937 0
244 292 0
244 685 0
244 766 0
244 990 0
245 530 0
245 979 0
530 273 0
530 329 0
530 783 0
247 385 0
385 356 0
385 529 0
385 976 0
248 736 0
736 424 0
736 791 0
251 310 0
251 381 0
251 646 0
252 989 0
989 547 0
989 893 0
254 363 0
363 284 0
363 529 0
363 768 0
256 307 0
256 692 0
256 734 0
782 851 0
782 733 0
423 479 0
423 912 0
423 592 0
262 956 0
956 541 0
956 832 0
956 719 0
266 977 0
977 622 0
977 955 0
270 858 0
858 404 0
858 880 0
274 308 0
274 323 0
274 535 0
274 684 0
308 616 0
277 879 0
277 935 0
277 995 0
278 384 0
384 472 0
384 938 0
286 679 0
679 540 0
679 797 0
585 773 0
289 851 0
289 911 0
851 859 0
291 988 0
988 299 0
988 401 0
988 501 0
293 733 0
733 298 0
733 556 0
361 452 0
300 311 0
311 627 0
311 952 0
311 984 0
301 638 0
638 304 0
638 615 0
638 836 0
302 881 0
881 765 0
881 939 0
881 951 0
303 473 0
473 343 0
473 678 0
473 717 0
306 777 0
777 379 0
777 397 0
616 749 0
616 981 0
312 814 0
814 609 0
814 787 0
315 632 0
632 696 0
632 907 0
319 725 0
319 970 0
725 981 0
725 536 0
321 455 0
455 597 0
455 806 0
322 773 0
773 628 0
773 942 0
741 370 0
741 939 0
326 708 0
326 739 0
326 885 0
328 560 0
560 488 0
560 778 0
330 645 0
645 391 0
645 743 0
335 482 0
482 598 0
482 954 0
482 978 0
338 929 0
929 388 0
929 400 0
344 452 0
452 714 0
452 854 0
452 975 0
345 591 0
345 614 0
591 376 0
591 539 0
591 878 0
350 649 0
649 643 0
649 750 0
354 763 0
763 491 0
763 639 0
355 785 0
785 536 0
785 600 0
785 546 0
785 751 0
362 373 0
362 453 0
362 957 0
362 1000 0
369 703 0
703 517 0
703 598 0
703 606 0
370 901 0
370 950 0
370 958 0
950 624 0
950 993 0
374 870 0
870 406 0
870 853 0
377 614 0
614 719 0
614 993 0
380 930 0
930 419 0
930 637 0
382 823 0
823 706 0
823 971 0
823 839 0
392 969 0
969 425 0
969 686 0
395 738 0
395 808 0
395 810 0
395 998 0
808 931 0
808 518 0
402 869 0
869 469 0
869 603 0
869 506 0
411 966 0
966 648 0
966 732 0
412 554 0
412 568 0
412 949 0
415 689 0
415 790 0
415 863 0
436 813 0
813 536 0
813 803 0
813 972 0
442 829 0
829 510 0
829 737 0
449 845 0
845 656 0
845 699 0
845 836 0
450 675 0
450 826 0
450 944 0
450 974 0
451 721 0
721 626 0
721 798 0
454 582 0
454 664 0
454 866 0
459 511 0
546 839 0
467 504 0
504 986 0
504 997 0
489 636 0
489 659 0
489 695 0
496 827 0
827 584 0
499 621 0
499 801 0
499 933 0
621 518 0
621 824 0
801 561 0
801 836 0
801 562 0
502 665 0
502 824 0
502 839 0
511 908 0
511 964 0
908 529 0
964 925 0
513 532 0
513 601 0
513 709 0
513 999 0
515 745 0
745 661 0
745 943 0
745 992 0
518 713 0
518 952 0
713 876 0
523 979 0
979 604 0
979 618 0
526 701 0
701 800 0
701 920 0
529 624 0
624 613 0
624 967 0
927 933 0
552 672 0
552 710 0
552 821 0
567 884 0
884 705 0
884 712 0
570 841 0
570 871 0
570 886 0
570 916 0
587 605 0
587 619 0
587 687 0
592 834 0
610 754 0
610 819 0
610 886 0
610 892 0
620 771 0
771 857 0
771 897 0
771 953 0
653 970 0
970 774 0
970 837 0
674 876 0
876 757 0
876 936 0
860 923 0
861 888 0
861 948 0
861 961 0
911 932 0
957 985 0
