855 899 0
1 580 0
580 115 0
580 568 0
580 83 0
580 133 0
2 15 0
2 455 0
2 469 0
2 798 0
3 489 0
489 145 0
489 337 0
489 594 0
4 494 0
494 499 0
5 38 0
5 167 0
5 222 0
5 588 0
38 510 0
38 637 0
38 649 0
6 514 0
514 149 0
514 763 0
7 271 0
7 565 0
7 630 0
271 213 0
271 545 0
271 720 0
565 597 0
565 692 0
8 296 0
8 453 0
8 721 0
8 862 0
296 312 0
296 554 0
296 160 0
296 797 0
453 171 0
9 563 0
563 236 0
563 389 0
563 735 0
563 360 0
10 188 0
10 260 0
10 284 0
10 381 0
188 181 0
188 244 0
188 285 0
188 669 0
260 67 0
260 258 0
11 467 0
467 43 0
467 84 0
467 287 0
12 529 0
529 78 0
529 251 0
529 700 0
13 18 0
13 100 0
13 657 0
13 816 0
14 189 0
14 564 0
14 777 0
14 811 0
564 98 0
564 206 0
16 305 0
305 430 0
305 302 0
305 452 0
17 35 0
17 548 0
17 635 0
17 878 0
19 770 0
770 226 0
770 247 0
770 372 0
770 323 0
20 699 0
699 190 0
21 60 0
21 180 0
21 342 0
21 714 0
60 69 0
60 488 0
180 37 0
180 266 0
180 475 0
342 24 0
342 745 0
342 781 0
22 561 0
561 220 0
23 637 0
637 446 0
25 32 0
25 670 0
25 731 0
32 55 0
32 375 0
32 534 0
670 47 0
670 51 0
670 478 0
26 315 0
26 507 0
315 439 0
315 477 0
315 568 0
315 607 0
315 746 0
27 196 0
27 469 0
27 856 0
27 868 0
469 209 0
469 663 0
28 380 0
380 326 0
380 691 0
380 718 0
29 821 0
821 301 0
821 330 0
821 635 0
30 98 0
98 528 0
98 596 0
31 570 0
570 34 0
570 418 0
55 144 0
55 477 0
33 178 0
33 368 0
33 823 0
33 882 0
178 610 0
178 719 0
178 830 0
36 672 0
672 264 0
672 747 0
672 888 0
672 133 0
672 439 0
510 191 0
510 378 0
39 757 0
757 275 0
40 685 0
685 357 0
41 152 0
41 619 0
41 631 0
41 825 0
42 230 0
42 526 0
230 135 0
230 329 0
230 693 0
43 127 0
43 662 0
43 689 0
127 248 0
127 459 0
127 623 0
127 863 0
44 234 0
44 302 0
44 377 0
44 416 0
44 720 0
234 519 0
234 479 0
302 113 0
45 108 0
108 112 0
108 255 0
108 576 0
108 603 0
46 158 0
158 328 0
158 487 0
158 840 0
48 480 0
48 507 0
480 124 0
480 204 0
480 337 0
480 339 0
480 174 0
480 248 0
49 99 0
49 136 0
49 464 0
99 199 0
99 221 0
99 421 0
99 476 0
99 732 0
136 187 0
136 337 0
136 391 0
50 228 0
50 295 0
50 407 0
50 644 0
50 895 0
228 209 0
228 259 0
295 238 0
295 392 0
295 566 0
52 359 0
52 451 0
52 675 0
359 201 0
359 398 0
359 698 0
451 149 0
451 661 0
53 258 0
258 422 0
258 391 0
54 677 0
677 355 0
677 444 0
677 797 0
144 239 0
144 366 0
144 423 0
144 700 0
56 492 0
492 569 0
57 170 0
170 212 0
170 323 0
170 583 0
58 280 0
280 185 0
280 393 0
280 615 0
59 109 0
59 150 0
59 334 0
59 792 0
61 197 0
61 288 0
61 432 0
61 826 0
61 866 0
197 482 0
197 559 0
197 616 0
197 759 0
197 861 0
197 249 0
288 289 0
288 135 0
288 293 0
432 70 0
432 462 0
62 605 0
605 118 0
605 102 0
605 409 0
63 796 0
796 89 0
64 557 0
557 133 0
557 166 0
557 586 0
65 430 0
65 653 0
65 860 0
430 700 0
430 443 0
66 411 0
66 692 0
411 415 0
411 504 0
411 786 0
67 114 0
67 287 0
67 498 0
67 516 0
114 123 0
114 306 0
114 372 0
287 195 0
498 830 0
498 338 0
68 391 0
68 437 0
68 710 0
68 795 0
68 848 0
391 155 0
71 524 0
524 431 0
72 762 0
762 225 0
73 290 0
290 79 0
290 225 0
290 660 0
74 776 0
776 282 0
75 509 0
509 577 0
76 335 0
335 299 0
335 321 0
335 567 0
77 88 0
77 245 0
77 261 0
77 540 0
77 681 0
261 365 0
261 420 0
80 780 0
780 168 0
780 345 0
780 282 0
81 111 0
81 151 0
81 176 0
81 200 0
81 755 0
111 687 0
176 160 0
176 479 0
82 341 0
341 292 0
341 587 0
341 687 0
83 479 0
479 425 0
479 603 0
85 161 0
85 487 0
85 585 0
85 636 0
85 846 0
161 333 0
161 858 0
487 507 0
487 566 0
86 741 0
741 472 0
87 323 0
87 481 0
87 716 0
87 805 0
323 667 0
90 392 0
392 382 0
392 476 0
91 401 0
91 815 0
91 862 0
401 506 0
401 640 0
401 696 0
92 311 0
311 105 0
311 107 0
311 275 0
311 671 0
93 148 0
148 289 0
148 518 0
148 703 0
94 428 0
94 577 0
94 656 0
94 665 0
577 298 0
577 667 0
95 812 0
812 789 0
812 858 0
812 105 0
812 884 0
96 155 0
155 117 0
155 177 0
155 421 0
155 536 0
97 270 0
97 343 0
97 852 0
97 860 0
270 128 0
270 694 0
270 131 0
270 153 0
101 678 0
678 626 0
102 117 0
102 232 0
102 547 0
117 269 0
117 403 0
232 182 0
232 211 0
232 611 0
232 373 0
232 803 0
103 847 0
847 320 0
847 462 0
847 500 0
104 447 0
447 110 0
447 254 0
447 306 0
106 523 0
523 163 0
523 195 0
523 219 0
523 826 0
113 284 0
113 329 0
113 687 0
284 286 0
284 486 0
116 866 0
866 688 0
119 387 0
387 491 0
387 495 0
387 720 0
387 835 0
120 130 0
120 449 0
120 899 0
130 373 0
130 441 0
130 598 0
121 533 0
121 624 0
121 761 0
121 653 0
533 195 0
533 329 0
533 352 0
624 191 0
122 126 0
122 163 0
122 174 0
122 267 0
122 322 0
163 826 0
163 249 0
163 830 0
174 209 0
174 601 0
125 627 0
627 589 0
627 853 0
627 477 0
248 782 0
128 609 0
129 634 0
634 217 0
634 409 0
373 159 0
131 164 0
131 249 0
131 654 0
132 464 0
464 558 0
464 562 0
464 611 0
134 502 0
502 325 0
502 404 0
502 415 0
135 153 0
153 185 0
153 306 0
187 269 0
187 566 0
187 526 0
137 609 0
609 154 0
609 576 0
138 309 0
138 397 0
138 415 0
138 793 0
139 734 0
734 225 0
734 283 0
734 628 0
140 159 0
159 639 0
141 769 0
769 310 0
769 372 0
142 206 0
142 334 0
142 394 0
206 410 0
206 749 0
334 243 0
334 352 0
334 383 0
334 695 0
143 810 0
810 324 0
810 381 0
146 659 0
659 657 0
147 503 0
503 263 0
503 347 0
503 337 0
289 443 0
289 782 0
149 726 0
185 440 0
185 470 0
156 872 0
872 436 0
157 420 0
420 419 0
420 579 0
162 338 0
338 208 0
338 435 0
165 551 0
551 277 0
169 210 0
169 256 0
169 440 0
210 275 0
210 317 0
210 350 0
172 653 0
653 560 0
173 614 0
614 369 0
209 635 0
209 693 0
209 858 0
175 647 0
647 513 0
610 198 0
610 281 0
610 681 0
719 216 0
719 363 0
719 736 0
179 238 0
238 521 0
238 680 0
238 717 0
183 400 0
183 405 0
183 470 0
183 603 0
183 708 0
184 511 0
511 597 0
511 729 0
440 356 0
440 754 0
440 783 0
186 279 0
186 379 0
186 738 0
186 791 0
186 797 0
186 860 0
738 690 0
738 252 0
269 409 0
269 586 0
269 888 0
191 306 0
306 336 0
306 433 0
192 752 0
752 376 0
193 365 0
365 666 0
365 820 0
365 747 0
194 445 0
445 215 0
445 730 0
445 880 0
195 231 0
231 233 0
231 344 0
231 361 0
616 286 0
200 648 0
200 686 0
200 748 0
686 218 0
686 406 0
748 381 0
748 299 0
202 386 0
202 663 0
202 722 0
202 839 0
202 842 0
203 354 0
354 227 0
354 326 0
354 873 0
205 349 0
349 229 0
349 491 0
349 544 0
207 438 0
207 667 0
207 731 0
438 308 0
438 582 0
438 439 0
635 259 0
635 408 0
693 695 0
214 298 0
298 371 0
298 834 0
223 843 0
843 257 0
224 851 0
851 434 0
225 669 0
225 823 0
225 830 0
669 384 0
329 830 0
611 831 0
235 900 0
900 458 0
236 278 0
236 612 0
278 442 0
278 714 0
278 743 0
237 620 0
620 429 0
620 642 0
521 259 0
240 838 0
838 348 0
838 355 0
838 396 0
241 253 0
241 285 0
241 574 0
241 591 0
241 804 0
285 689 0
574 403 0
574 507 0
242 384 0
242 424 0
242 652 0
384 531 0
384 613 0
384 714 0
424 427 0
424 706 0
424 794 0
243 358 0
243 512 0
243 638 0
246 505 0
505 571 0
250 782 0
782 307 0
252 650 0
252 728 0
252 801 0
256 326 0
256 412 0
256 457 0
256 553 0
259 388 0
259 625 0
388 860 0
388 649 0
262 676 0
676 316 0
676 322 0
676 449 0
676 766 0
265 506 0
265 527 0
265 711 0
265 771 0
267 294 0
267 772 0
267 827 0
772 332 0
827 730 0
827 860 0
268 707 0
707 485 0
409 351 0
409 869 0
694 273 0
694 276 0
694 314 0
272 443 0
443 737 0
443 744 0
274 370 0
370 576 0
370 600 0
282 701 0
282 702 0
702 612 0
286 807 0
286 857 0
486 784 0
486 819 0
689 519 0
689 612 0
291 721 0
721 750 0
721 806 0
293 378 0
293 474 0
293 715 0
378 493 0
378 608 0
474 448 0
297 899 0
899 684 0
899 850 0
299 318 0
299 871 0
318 466 0
318 584 0
318 595 0
300 726 0
726 476 0
726 765 0
726 883 0
303 879 0
879 468 0
304 599 0
304 687 0
304 775 0
304 844 0
336 871 0
433 767 0
433 773 0
433 779 0
313 822 0
822 817 0
319 333 0
333 497 0
322 630 0
322 747 0
630 520 0
630 651 0
667 532 0
667 603 0
327 538 0
538 331 0
383 593 0
383 697 0
383 790 0
337 783 0
340 731 0
731 402 0
346 555 0
555 385 0
555 519 0
351 572 0
351 824 0
351 889 0
353 550 0
550 465 0
355 590 0
590 395 0
590 552 0
360 519 0
362 490 0
490 454 0
364 802 0
802 367 0
802 522 0
374 751 0
751 471 0
375 632 0
632 390 0
632 602 0
632 886 0
632 491 0
381 423 0
381 815 0
381 818 0
815 456 0
815 461 0
815 855 0
815 896 0
818 578 0
818 618 0
818 682 0
491 566 0
390 700 0
394 715 0
394 720 0
715 788 0
715 799 0
395 403 0
395 633 0
403 683 0
403 725 0
399 541 0
541 674 0
408 612 0
408 646 0
612 532 0
612 790 0
415 862 0
413 652 0
652 679 0
652 837 0
414 592 0
592 449 0
417 575 0
575 700 0
575 723 0
575 808 0
426 633 0
633 501 0
633 742 0
449 800 0
800 692 0
800 839 0
450 530 0
450 537 0
450 787 0
450 839 0
460 841 0
841 535 0
463 664 0
664 543 0
664 556 0
465 690 0
483 675 0
675 764 0
675 849 0
675 881 0
484 516 0
516 756 0
516 758 0
507 604 0
566 875 0
597 809 0
517 649 0
649 539 0
649 829 0
526 552 0
526 692 0
532 681 0
532 712 0
546 871 0
871 778 0
831 709 0
622 785 0
785 733 0
631 854 0
854 657 0
646 753 0
646 887 0
673 859 0
859 730 0
704 845 0
845 870 0
761 836 0
761 867 0
858 891 0
