683 699 0
1 289 0
289 169 0
289 219 0
289 458 0
2 533 0
533 266 0
533 335 0
533 435 0
3 609 0
609 133 0
609 371 0
609 541 0
4 205 0
4 347 0
4 403 0
4 427 0
4 627 0
205 506 0
347 167 0
347 341 0
347 371 0
403 55 0
403 196 0
403 324 0
427 42 0
427 263 0
427 304 0
5 58 0
5 328 0
5 355 0
5 465 0
58 51 0
58 193 0
58 447 0
328 15 0
328 101 0
328 692 0
355 66 0
355 202 0
355 527 0
6 503 0
503 315 0
503 374 0
503 345 0
7 699 0
699 473 0
699 127 0
699 195 0
8 107 0
8 128 0
8 358 0
8 412 0
8 562 0
107 454 0
107 464 0
107 519 0
107 689 0
128 28 0
128 89 0
358 694 0
358 244 0
9 30 0
9 80 0
9 306 0
9 380 0
30 72 0
30 562 0
80 272 0
80 288 0
80 311 0
10 554 0
554 420 0
554 499 0
554 352 0
554 207 0
11 249 0
11 281 0
11 410 0
11 455 0
281 278 0
281 43 0
281 288 0
12 173 0
12 179 0
12 229 0
12 490 0
12 685 0
229 493 0
229 361 0
13 363 0
363 177 0
363 594 0
363 138 0
14 689 0
689 350 0
689 360 0
16 602 0
602 204 0
602 466 0
602 424 0
17 86 0
17 123 0
17 264 0
17 335 0
17 375 0
17 491 0
123 395 0
335 82 0
18 522 0
522 336 0
522 96 0
522 467 0
19 28 0
28 308 0
28 678 0
20 456 0
456 381 0
456 424 0
456 532 0
21 64 0
64 99 0
64 569 0
64 629 0
22 48 0
22 129 0
22 168 0
22 512 0
129 32 0
129 241 0
23 268 0
268 510 0
268 203 0
268 550 0
24 34 0
34 124 0
34 187 0
34 354 0
34 539 0
25 556 0
556 41 0
556 156 0
556 693 0
26 274 0
274 192 0
274 197 0
274 648 0
27 272 0
27 382 0
27 575 0
27 584 0
272 352 0
382 143 0
382 276 0
382 439 0
29 448 0
448 172 0
448 610 0
31 487 0
31 551 0
31 625 0
487 197 0
551 297 0
551 496 0
32 230 0
32 301 0
32 423 0
33 157 0
157 90 0
157 164 0
157 235 0
124 98 0
124 290 0
35 235 0
35 444 0
35 600 0
35 687 0
235 404 0
235 548 0
235 603 0
36 299 0
299 71 0
299 209 0
299 577 0
37 146 0
37 367 0
37 404 0
37 642 0
146 311 0
146 432 0
38 131 0
131 118 0
131 494 0
131 581 0
131 148 0
39 255 0
39 302 0
39 440 0
39 582 0
39 668 0
255 54 0
255 234 0
255 351 0
40 89 0
89 210 0
89 468 0
43 150 0
43 253 0
43 411 0
44 270 0
270 338 0
270 425 0
270 497 0
45 100 0
45 102 0
45 337 0
45 416 0
45 422 0
102 237 0
102 658 0
46 563 0
563 175 0
563 342 0
47 275 0
275 184 0
275 568 0
275 581 0
49 683 0
683 354 0
683 405 0
683 571 0
50 139 0
50 213 0
50 277 0
50 425 0
50 485 0
139 114 0
139 288 0
139 552 0
139 635 0
139 677 0
52 515 0
515 305 0
53 119 0
53 557 0
53 630 0
53 650 0
119 353 0
119 407 0
54 285 0
54 526 0
56 436 0
436 95 0
436 176 0
436 284 0
57 480 0
480 106 0
480 398 0
480 576 0
480 582 0
480 425 0
59 356 0
356 259 0
356 313 0
356 680 0
60 218 0
60 244 0
60 252 0
218 191 0
218 206 0
218 498 0
244 88 0
244 169 0
244 306 0
61 241 0
241 323 0
241 362 0
62 558 0
558 282 0
558 305 0
558 698 0
63 452 0
452 333 0
452 402 0
452 555 0
99 93 0
99 165 0
99 236 0
65 246 0
246 428 0
246 434 0
246 463 0
67 575 0
575 433 0
575 608 0
68 252 0
252 565 0
69 212 0
212 122 0
212 207 0
70 653 0
653 200 0
653 376 0
71 286 0
71 535 0
71 576 0
71 658 0
286 517 0
286 588 0
286 632 0
535 472 0
72 234 0
72 325 0
234 137 0
234 693 0
325 422 0
325 680 0
325 497 0
73 695 0
695 182 0
695 449 0
74 189 0
189 201 0
189 560 0
189 567 0
189 572 0
75 386 0
386 76 0
386 312 0
386 390 0
386 491 0
76 126 0
76 298 0
76 640 0
126 429 0
126 483 0
126 523 0
298 106 0
298 380 0
77 81 0
77 155 0
77 340 0
77 389 0
81 194 0
81 232 0
78 84 0
84 399 0
84 479 0
84 536 0
84 679 0
79 83 0
79 87 0
79 224 0
79 528 0
194 300 0
194 659 0
194 670 0
82 385 0
82 591 0
82 593 0
85 620 0
620 462 0
88 134 0
88 459 0
88 506 0
134 426 0
134 530 0
134 537 0
134 661 0
91 167 0
91 188 0
91 514 0
91 675 0
167 251 0
167 637 0
92 400 0
400 248 0
400 547 0
93 354 0
94 280 0
280 152 0
280 303 0
280 197 0
96 408 0
96 414 0
408 305 0
414 294 0
414 379 0
414 665 0
414 148 0
97 432 0
432 495 0
432 567 0
432 638 0
98 142 0
98 453 0
98 470 0
98 497 0
165 245 0
165 501 0
165 666 0
103 105 0
105 137 0
105 148 0
105 262 0
105 491 0
105 624 0
104 247 0
104 310 0
104 354 0
104 471 0
104 539 0
104 544 0
137 170 0
106 304 0
106 511 0
304 679 0
454 254 0
454 370 0
464 117 0
464 295 0
464 445 0
464 313 0
108 223 0
223 197 0
223 615 0
223 628 0
109 145 0
109 199 0
109 409 0
109 474 0
110 475 0
475 243 0
475 345 0
475 598 0
111 507 0
507 222 0
507 329 0
507 680 0
112 254 0
254 169 0
254 606 0
113 364 0
364 478 0
364 536 0
364 618 0
114 217 0
114 634 0
114 652 0
217 181 0
115 237 0
237 162 0
237 572 0
116 365 0
365 332 0
365 434 0
365 442 0
353 171 0
353 396 0
353 617 0
120 251 0
251 140 0
251 477 0
121 511 0
511 159 0
511 346 0
125 397 0
397 488 0
397 539 0
397 597 0
127 395 0
127 407 0
395 330 0
395 391 0
395 412 0
130 231 0
231 176 0
231 437 0
231 655 0
581 290 0
581 463 0
581 311 0
132 681 0
681 504 0
135 149 0
135 207 0
135 371 0
135 443 0
135 509 0
135 657 0
149 153 0
149 190 0
149 294 0
207 537 0
371 257 0
136 242 0
136 258 0
136 412 0
170 314 0
170 392 0
170 476 0
138 309 0
138 339 0
309 341 0
309 434 0
309 409 0
339 349 0
339 401 0
339 559 0
288 357 0
552 240 0
141 271 0
271 357 0
271 406 0
271 663 0
144 639 0
639 412 0
639 441 0
639 463 0
311 402 0
147 513 0
513 369 0
153 351 0
153 497 0
153 690 0
153 697 0
151 492 0
492 313 0
492 418 0
492 457 0
351 506 0
154 696 0
696 233 0
158 361 0
361 228 0
361 387 0
160 236 0
236 239 0
236 537 0
161 603 0
603 460 0
603 461 0
163 214 0
214 307 0
214 478 0
214 486 0
166 370 0
370 261 0
370 348 0
370 680 0
169 518 0
169 576 0
174 215 0
174 250 0
174 604 0
174 611 0
176 195 0
195 585 0
195 644 0
178 316 0
178 359 0
178 409 0
178 582 0
180 647 0
647 334 0
181 260 0
181 366 0
181 402 0
181 465 0
181 688 0
260 637 0
260 224 0
465 407 0
183 616 0
616 269 0
185 635 0
635 419 0
635 622 0
635 206 0
186 506 0
506 393 0
190 377 0
190 413 0
190 422 0
190 578 0
190 641 0
422 700 0
585 345 0
198 318 0
318 267 0
318 546 0
318 478 0
203 227 0
203 240 0
227 451 0
227 524 0
227 540 0
240 651 0
240 654 0
206 434 0
206 587 0
208 518 0
518 482 0
518 549 0
211 417 0
417 224 0
417 388 0
417 583 0
216 545 0
545 421 0
220 672 0
672 409 0
672 294 0
672 645 0
221 493 0
493 570 0
493 619 0
224 500 0
224 548 0
500 343 0
500 383 0
500 592 0
548 341 0
225 584 0
584 283 0
584 430 0
226 660 0
660 415 0
232 331 0
232 368 0
232 525 0
404 519 0
238 605 0
605 256 0
257 599 0
257 621 0
257 686 0
265 519 0
519 287 0
519 520 0
352 320 0
273 590 0
590 321 0
590 378 0
590 424 0
278 538 0
278 626 0
278 673 0
279 607 0
607 372 0
290 489 0
290 601 0
291 561 0
561 293 0
292 625 0
625 317 0
625 542 0
296 574 0
574 305 0
574 344 0
574 579 0
306 407 0
407 424 0
407 478 0
319 469 0
469 604 0
469 643 0
469 669 0
320 516 0
320 677 0
320 691 0
322 676 0
676 327 0
676 450 0
326 637 0
345 694 0
694 531 0
694 613 0
536 667 0
373 633 0
633 662 0
380 658 0
380 682 0
682 679 0
384 553 0
553 564 0
394 644 0
644 484 0
424 636 0
431 671 0
671 505 0
567 700 0
438 674 0
674 446 0
459 614 0
459 667 0
481 543 0
543 566 0
631 700 0
700 664 0
