762 799 0
1 53 0
1 344 0
1 480 0
1 561 0
1 597 0
53 497 0
53 535 0
344 73 0
344 173 0
480 164 0
2 409 0
409 111 0
3 789 0
789 147 0
789 278 0
789 675 0
789 299 0
4 56 0
56 77 0
56 210 0
56 709 0
5 54 0
54 191 0
54 411 0
54 531 0
6 11 0
6 153 0
6 244 0
11 357 0
11 417 0
11 641 0
7 19 0
7 164 0
7 274 0
7 492 0
7 609 0
19 35 0
19 456 0
19 621 0
164 134 0
164 170 0
164 561 0
274 182 0
274 211 0
274 553 0
8 189 0
189 379 0
189 520 0
189 696 0
9 25 0
25 61 0
25 100 0
25 171 0
25 197 0
10 130 0
10 269 0
10 684 0
10 772 0
130 238 0
130 311 0
357 97 0
357 166 0
357 188 0
357 247 0
357 267 0
12 81 0
12 202 0
12 366 0
12 376 0
81 683 0
81 406 0
202 178 0
202 292 0
202 125 0
366 335 0
366 436 0
366 28 0
366 540 0
13 421 0
421 482 0
421 539 0
14 722 0
722 483 0
722 594 0
722 748 0
722 778 0
15 146 0
15 282 0
15 660 0
146 316 0
16 243 0
243 126 0
243 384 0
243 573 0
17 30 0
30 176 0
30 194 0
30 509 0
30 523 0
18 295 0
295 463 0
295 608 0
295 770 0
295 125 0
35 172 0
35 222 0
35 782 0
456 416 0
20 250 0
250 77 0
250 354 0
250 742 0
21 232 0
232 144 0
232 532 0
22 220 0
220 119 0
220 255 0
220 603 0
23 433 0
433 321 0
433 491 0
433 301 0
433 781 0
24 725 0
725 367 0
725 665 0
725 108 0
725 229 0
61 674 0
100 39 0
100 307 0
26 27 0
26 371 0
26 558 0
26 695 0
371 137 0
28 163 0
28 215 0
163 584 0
163 654 0
163 563 0
163 797 0
215 224 0
215 160 0
215 481 0
29 771 0
771 561 0
771 731 0
771 736 0
176 264 0
194 181 0
194 263 0
194 752 0
31 470 0
470 99 0
470 566 0
470 155 0
32 291 0
32 349 0
32 447 0
32 524 0
32 690 0
291 123 0
291 574 0
349 112 0
349 167 0
349 625 0
447 139 0
447 527 0
33 469 0
469 213 0
469 508 0
34 94 0
94 156 0
94 180 0
94 363 0
172 280 0
172 706 0
36 415 0
415 260 0
415 552 0
37 95 0
37 251 0
37 436 0
37 621 0
95 413 0
251 494 0
251 517 0
251 241 0
251 794 0
38 230 0
38 257 0
38 290 0
38 382 0
38 636 0
38 558 0
230 432 0
257 52 0
257 449 0
257 524 0
257 411 0
39 84 0
39 140 0
39 639 0
40 124 0
124 113 0
124 530 0
41 397 0
397 138 0
397 338 0
42 310 0
42 347 0
310 552 0
43 103 0
43 488 0
103 314 0
103 693 0
103 714 0
103 790 0
44 339 0
339 129 0
45 218 0
218 133 0
218 165 0
46 73 0
46 316 0
46 593 0
73 117 0
73 436 0
73 563 0
73 705 0
73 755 0
316 258 0
316 328 0
316 347 0
316 467 0
47 403 0
47 406 0
403 120 0
403 222 0
403 351 0
48 127 0
48 177 0
48 404 0
48 767 0
49 413 0
49 556 0
49 595 0
49 649 0
49 764 0
413 141 0
413 724 0
595 367 0
50 612 0
612 180 0
612 756 0
51 89 0
89 193 0
89 460 0
89 602 0
89 735 0
52 327 0
52 450 0
52 666 0
55 633 0
633 277 0
633 321 0
633 237 0
633 672 0
77 418 0
57 219 0
57 334 0
57 562 0
57 610 0
57 763 0
562 557 0
562 417 0
58 203 0
58 400 0
58 535 0
58 701 0
203 233 0
203 385 0
203 438 0
203 503 0
203 560 0
400 86 0
400 315 0
400 221 0
400 798 0
59 136 0
59 200 0
59 323 0
60 307 0
307 670 0
307 795 0
62 279 0
62 540 0
62 557 0
279 388 0
279 729 0
63 537 0
537 151 0
537 642 0
64 384 0
64 750 0
64 758 0
384 281 0
384 548 0
65 652 0
652 352 0
652 455 0
66 649 0
649 487 0
67 93 0
93 252 0
93 338 0
93 540 0
93 664 0
68 472 0
472 350 0
472 402 0
69 484 0
484 239 0
70 184 0
70 342 0
70 676 0
70 404 0
342 135 0
342 359 0
71 744 0
744 109 0
72 383 0
383 305 0
117 449 0
436 137 0
74 240 0
74 555 0
74 641 0
74 752 0
240 142 0
240 547 0
555 225 0
555 452 0
555 496 0
555 166 0
555 607 0
75 173 0
173 160 0
173 510 0
173 689 0
173 754 0
76 646 0
646 337 0
78 174 0
174 426 0
174 300 0
174 782 0
79 226 0
79 297 0
79 324 0
79 720 0
79 730 0
297 338 0
297 418 0
80 276 0
80 416 0
80 571 0
276 254 0
276 330 0
276 431 0
276 464 0
276 620 0
82 153 0
153 703 0
153 727 0
153 775 0
83 571 0
571 107 0
571 116 0
571 91 0
85 392 0
392 208 0
392 237 0
392 440 0
392 661 0
392 746 0
87 198 0
198 125 0
198 611 0
198 129 0
88 217 0
217 478 0
217 488 0
217 609 0
217 757 0
193 207 0
90 380 0
90 448 0
90 590 0
90 755 0
91 185 0
91 229 0
91 238 0
185 390 0
185 398 0
185 624 0
185 626 0
229 668 0
238 359 0
238 492 0
238 560 0
238 732 0
92 145 0
145 358 0
145 578 0
145 603 0
338 179 0
156 137 0
156 201 0
96 540 0
96 613 0
540 376 0
540 206 0
97 329 0
97 567 0
97 601 0
97 634 0
98 312 0
98 391 0
98 431 0
98 630 0
98 711 0
391 236 0
391 207 0
101 296 0
296 492 0
296 118 0
102 262 0
262 118 0
262 381 0
262 608 0
262 575 0
262 702 0
314 535 0
104 221 0
104 304 0
104 513 0
105 768 0
768 333 0
106 280 0
280 283 0
280 557 0
280 618 0
108 426 0
110 325 0
110 390 0
110 586 0
110 656 0
110 793 0
113 129 0
114 609 0
609 526 0
609 585 0
115 658 0
658 461 0
658 504 0
118 419 0
119 358 0
121 596 0
596 753 0
596 783 0
122 204 0
122 213 0
122 331 0
122 457 0
213 527 0
213 643 0
128 710 0
710 580 0
710 610 0
710 786 0
129 511 0
129 799 0
511 169 0
799 660 0
131 663 0
663 356 0
132 475 0
475 474 0
135 300 0
135 502 0
135 671 0
135 699 0
300 734 0
137 155 0
137 569 0
155 234 0
155 236 0
139 326 0
139 401 0
143 605 0
605 196 0
358 443 0
148 406 0
406 256 0
406 682 0
406 707 0
149 376 0
376 623 0
150 298 0
150 361 0
150 603 0
150 627 0
152 613 0
613 568 0
613 680 0
613 732 0
727 534 0
727 610 0
154 419 0
419 306 0
419 785 0
419 208 0
234 732 0
234 739 0
236 272 0
236 343 0
236 506 0
157 284 0
157 369 0
157 550 0
157 572 0
157 638 0
157 787 0
284 265 0
284 360 0
284 579 0
550 294 0
572 718 0
158 766 0
766 560 0
159 759 0
759 190 0
759 378 0
160 520 0
161 227 0
227 261 0
227 331 0
227 335 0
227 585 0
162 690 0
690 559 0
166 500 0
166 589 0
500 373 0
500 437 0
168 180 0
168 259 0
168 355 0
180 442 0
180 752 0
171 653 0
171 758 0
653 632 0
510 188 0
175 303 0
303 412 0
303 444 0
303 461 0
179 268 0
179 514 0
179 715 0
181 674 0
181 733 0
181 779 0
674 287 0
674 578 0
674 667 0
183 667 0
667 536 0
667 541 0
667 261 0
186 265 0
265 345 0
265 728 0
187 517 0
187 549 0
187 577 0
187 602 0
517 490 0
549 600 0
188 245 0
188 538 0
192 750 0
750 404 0
750 705 0
195 476 0
476 720 0
476 299 0
199 662 0
662 319 0
662 717 0
201 208 0
201 362 0
201 631 0
201 651 0
208 534 0
205 588 0
588 577 0
588 585 0
206 497 0
206 602 0
497 285 0
497 454 0
497 526 0
497 617 0
207 241 0
207 253 0
207 761 0
207 793 0
241 593 0
209 645 0
645 235 0
212 600 0
214 591 0
591 332 0
591 687 0
216 641 0
641 223 0
641 439 0
488 468 0
222 468 0
222 773 0
468 399 0
468 434 0
225 577 0
261 643 0
331 629 0
335 477 0
335 558 0
335 683 0
228 622 0
622 435 0
231 543 0
543 288 0
237 706 0
359 621 0
242 784 0
784 365 0
244 348 0
244 575 0
244 755 0
246 264 0
246 534 0
264 389 0
247 318 0
247 489 0
247 598 0
248 554 0
554 271 0
554 340 0
249 765 0
765 270 0
494 527 0
449 266 0
449 578 0
449 655 0
524 794 0
608 527 0
263 471 0
263 501 0
263 712 0
267 321 0
267 402 0
267 714 0
267 794 0
321 800 0
273 311 0
311 420 0
311 518 0
275 743 0
743 545 0
281 557 0
281 564 0
281 587 0
286 505 0
286 569 0
286 582 0
286 656 0
287 764 0
289 458 0
458 353 0
458 454 0
293 320 0
320 604 0
320 745 0
294 423 0
294 446 0
294 486 0
294 602 0
299 313 0
313 368 0
313 507 0
301 407 0
407 387 0
302 408 0
408 375 0
308 734 0
734 441 0
734 691 0
734 776 0
309 751 0
751 780 0
535 758 0
347 599 0
347 683 0
317 443 0
443 367 0
443 372 0
322 723 0
723 424 0
723 648 0
683 395 0
683 533 0
683 681 0
336 405 0
405 453 0
341 635 0
635 396 0
635 616 0
346 416 0
416 592 0
621 758 0
364 417 0
417 542 0
370 659 0
659 519 0
659 544 0
373 534 0
534 747 0
374 548 0
377 593 0
593 738 0
386 579 0
579 686 0
394 773 0
773 716 0
404 668 0
404 700 0
668 720 0
707 566 0
707 647 0
410 764 0
764 688 0
414 706 0
706 512 0
706 628 0
706 656 0
418 657 0
418 677 0
418 786 0
422 721 0
721 459 0
721 516 0
425 461 0
425 462 0
427 441 0
427 473 0
427 522 0
430 432 0
432 520 0
432 704 0
520 692 0
445 643 0
643 796 0
451 485 0
485 465 0
454 490 0
466 749 0
749 529 0
749 616 0
493 777 0
777 565 0
527 603 0
512 521 0
521 594 0
521 736 0
521 758 0
692 616 0
692 794 0
528 583 0
583 606 0
642 647 0
685 769 0
769 740 0
701 762 0
719 739 0
