669 699 0
1 112 0
1 360 0
1 612 0
112 58 0
112 71 0
112 205 0
112 334 0
2 142 0
2 144 0
2 374 0
2 436 0
142 82 0
144 91 0
144 238 0
144 327 0
144 572 0
3 415 0
415 184 0
415 345 0
415 157 0
415 586 0
4 275 0
4 390 0
4 459 0
4 595 0
5 279 0
279 353 0
279 578 0
279 634 0
279 652 0
6 268 0
268 217 0
268 328 0
7 375 0
7 411 0
7 417 0
411 370 0
8 654 0
654 114 0
9 550 0
550 320 0
10 135 0
135 189 0
135 388 0
135 58 0
135 662 0
11 213 0
213 137 0
213 387 0
213 609 0
12 20 0
12 195 0
12 482 0
12 503 0
195 40 0
195 103 0
195 532 0
13 289 0
13 422 0
289 467 0
289 353 0
289 579 0
14 325 0
325 143 0
325 339 0
15 414 0
414 125 0
414 387 0
16 475 0
475 129 0
475 328 0
17 299 0
299 455 0
299 508 0
299 643 0
18 49 0
49 215 0
49 248 0
49 489 0
19 418 0
418 68 0
21 231 0
231 53 0
231 416 0
22 292 0
292 176 0
292 218 0
23 194 0
23 203 0
23 211 0
23 296 0
23 481 0
23 537 0
203 465 0
203 469 0
203 681 0
296 406 0
24 55 0
24 280 0
24 442 0
24 518 0
55 37 0
55 153 0
55 303 0
55 670 0
25 284 0
25 407 0
25 573 0
26 228 0
228 496 0
228 164 0
228 555 0
27 507 0
507 146 0
507 151 0
507 377 0
507 634 0
28 598 0
598 95 0
598 184 0
598 193 0
29 544 0
544 314 0
544 317 0
30 172 0
30 235 0
30 266 0
30 486 0
31 93 0
31 240 0
31 448 0
93 140 0
93 198 0
93 251 0
32 132 0
132 113 0
132 295 0
132 443 0
33 548 0
548 90 0
548 684 0
34 365 0
365 190 0
365 444 0
365 446 0
35 48 0
48 54 0
48 192 0
48 260 0
48 309 0
48 354 0
48 369 0
36 124 0
36 148 0
36 221 0
36 247 0
124 70 0
124 206 0
124 379 0
124 223 0
124 583 0
37 157 0
37 187 0
157 281 0
157 612 0
38 577 0
577 182 0
577 338 0
39 543 0
543 423 0
40 88 0
40 240 0
40 563 0
40 590 0
88 202 0
88 223 0
88 249 0
240 460 0
41 164 0
41 302 0
41 574 0
41 671 0
164 140 0
302 339 0
42 636 0
636 150 0
636 391 0
636 694 0
43 75 0
75 258 0
75 463 0
44 107 0
107 233 0
107 486 0
107 536 0
45 678 0
678 139 0
678 575 0
678 617 0
46 249 0
249 354 0
249 567 0
249 584 0
249 690 0
47 69 0
47 154 0
47 431 0
47 630 0
54 126 0
192 324 0
215 82 0
215 241 0
215 370 0
215 427 0
50 494 0
50 585 0
50 647 0
50 672 0
494 421 0
51 272 0
51 307 0
51 361 0
51 486 0
52 219 0
219 308 0
219 488 0
219 566 0
153 312 0
56 74 0
74 234 0
74 300 0
74 669 0
57 119 0
57 359 0
57 404 0
119 242 0
119 395 0
119 428 0
359 574 0
359 575 0
359 643 0
359 664 0
58 224 0
59 283 0
283 131 0
283 341 0
60 642 0
642 230 0
642 376 0
642 639 0
61 485 0
485 134 0
62 237 0
237 243 0
237 462 0
237 559 0
63 190 0
63 191 0
190 421 0
64 491 0
491 383 0
65 178 0
65 225 0
65 639 0
65 648 0
66 273 0
273 434 0
273 487 0
273 471 0
67 650 0
650 563 0
70 180 0
70 425 0
70 618 0
71 262 0
71 472 0
71 516 0
262 80 0
472 332 0
472 540 0
72 239 0
239 310 0
239 326 0
239 408 0
239 471 0
239 688 0
73 560 0
560 183 0
258 176 0
76 389 0
389 278 0
389 535 0
77 155 0
155 176 0
155 264 0
155 277 0
155 351 0
78 168 0
78 189 0
78 410 0
78 461 0
189 251 0
79 449 0
79 453 0
79 589 0
79 672 0
80 319 0
80 336 0
80 525 0
319 169 0
319 465 0
81 208 0
208 259 0
208 276 0
208 506 0
208 476 0
82 101 0
82 524 0
83 97 0
83 634 0
83 354 0
97 216 0
97 222 0
97 413 0
97 557 0
84 323 0
323 122 0
323 666 0
323 222 0
323 191 0
85 421 0
421 156 0
421 441 0
421 588 0
421 204 0
86 437 0
437 127 0
437 267 0
87 693 0
693 354 0
693 597 0
693 686 0
202 502 0
202 629 0
202 685 0
89 267 0
89 460 0
89 527 0
89 669 0
267 613 0
267 628 0
460 465 0
460 618 0
91 612 0
91 676 0
92 516 0
516 425 0
516 530 0
516 546 0
140 476 0
140 700 0
94 246 0
246 188 0
246 393 0
246 618 0
246 691 0
96 628 0
628 261 0
628 270 0
98 282 0
282 243 0
282 384 0
282 576 0
99 683 0
683 635 0
100 138 0
100 166 0
100 191 0
100 435 0
100 624 0
138 551 0
191 198 0
191 256 0
102 145 0
102 197 0
102 601 0
102 663 0
102 672 0
103 214 0
103 236 0
103 479 0
104 608 0
608 339 0
105 187 0
105 633 0
187 173 0
187 347 0
187 458 0
187 493 0
187 594 0
106 436 0
106 664 0
106 700 0
436 386 0
436 504 0
436 634 0
436 131 0
233 251 0
233 535 0
233 665 0
108 440 0
440 176 0
440 291 0
109 372 0
372 161 0
372 243 0
372 587 0
110 158 0
110 212 0
110 596 0
110 700 0
111 121 0
111 149 0
111 179 0
111 534 0
111 606 0
121 504 0
121 640 0
115 392 0
392 527 0
116 653 0
653 288 0
117 247 0
117 433 0
117 490 0
117 553 0
117 604 0
247 311 0
118 594 0
594 167 0
594 294 0
120 312 0
312 201 0
312 545 0
123 360 0
360 357 0
360 377 0
360 419 0
206 232 0
206 293 0
379 181 0
126 143 0
126 478 0
126 625 0
126 633 0
143 448 0
478 385 0
625 243 0
128 304 0
128 526 0
304 318 0
304 539 0
130 438 0
438 173 0
438 199 0
438 385 0
438 184 0
438 451 0
133 656 0
656 174 0
656 473 0
136 406 0
136 532 0
136 640 0
406 171 0
406 363 0
406 427 0
406 557 0
406 637 0
137 297 0
137 531 0
297 298 0
297 424 0
297 523 0
297 599 0
141 373 0
373 185 0
373 398 0
373 459 0
147 615 0
615 220 0
152 193 0
152 286 0
152 522 0
152 621 0
152 698 0
193 551 0
522 352 0
522 378 0
176 465 0
277 493 0
281 620 0
281 644 0
281 673 0
159 682 0
682 343 0
160 592 0
592 456 0
592 497 0
592 330 0
162 570 0
570 207 0
163 348 0
163 454 0
163 458 0
165 274 0
274 364 0
274 606 0
274 641 0
274 661 0
169 580 0
169 583 0
169 679 0
170 181 0
170 308 0
170 444 0
170 471 0
170 563 0
181 448 0
181 531 0
308 443 0
308 526 0
444 229 0
444 589 0
173 676 0
173 694 0
175 681 0
681 369 0
465 684 0
465 688 0
177 582 0
582 226 0
186 409 0
409 255 0
409 457 0
347 362 0
347 603 0
347 467 0
347 632 0
458 688 0
493 200 0
493 529 0
198 553 0
198 611 0
256 253 0
256 412 0
551 397 0
551 459 0
196 335 0
196 399 0
196 402 0
204 420 0
204 531 0
420 316 0
276 350 0
209 370 0
370 605 0
210 519 0
519 315 0
224 393 0
224 535 0
224 602 0
224 667 0
227 613 0
613 408 0
613 619 0
613 646 0
229 355 0
229 694 0
229 469 0
251 353 0
251 537 0
243 528 0
528 430 0
528 610 0
244 633 0
633 549 0
245 676 0
676 547 0
250 552 0
552 305 0
552 330 0
552 569 0
252 422 0
422 397 0
422 445 0
422 477 0
254 517 0
517 569 0
517 357 0
517 649 0
257 562 0
562 474 0
562 476 0
562 499 0
263 607 0
607 381 0
265 301 0
301 504 0
301 514 0
301 697 0
269 404 0
404 321 0
404 342 0
271 638 0
638 346 0
364 606 0
606 350 0
606 480 0
285 350 0
350 511 0
350 467 0
287 403 0
403 358 0
290 538 0
538 504 0
303 333 0
303 344 0
303 675 0
306 378 0
378 340 0
378 397 0
311 377 0
311 515 0
311 526 0
377 541 0
515 369 0
515 371 0
545 480 0
313 561 0
561 432 0
322 352 0
352 476 0
352 542 0
666 469 0
324 426 0
324 527 0
324 699 0
527 589 0
339 513 0
339 571 0
329 366 0
366 459 0
366 483 0
366 558 0
330 588 0
588 480 0
331 400 0
400 380 0
337 382 0
337 501 0
337 510 0
513 369 0
349 657 0
657 439 0
356 533 0
533 464 0
533 492 0
574 664 0
363 480 0
367 612 0
368 374 0
374 471 0
374 495 0
541 431 0
385 565 0
387 672 0
394 448 0
394 480 0
448 664 0
396 680 0
680 484 0
425 669 0
450 452 0
450 498 0
684 583 0
486 593 0
593 635 0
509 564 0
509 590 0
509 591 0
521 640 0
640 643 0
526 554 0
526 651 0
610 556 0
532 568 0
532 695 0
670 674 0
