851 899 0
1 35 0
35 87 0
35 163 0
35 531 0
35 817 0
2 137 0
2 350 0
2 476 0
2 478 0
137 333 0
137 735 0
350 176 0
350 618 0
350 896 0
476 49 0
3 109 0
3 255 0
3 556 0
3 794 0
3 895 0
109 404 0
109 569 0
109 683 0
109 782 0
255 380 0
255 587 0
556 432 0
556 481 0
556 609 0
556 827 0
556 438 0
556 878 0
4 852 0
852 632 0
5 739 0
739 641 0
6 627 0
627 215 0
7 768 0
768 355 0
8 166 0
8 301 0
8 450 0
8 528 0
8 614 0
8 636 0
301 669 0
9 552 0
552 263 0
552 326 0
10 11 0
10 336 0
10 392 0
11 306 0
11 527 0
11 642 0
11 668 0
11 687 0
11 733 0
306 844 0
306 847 0
668 173 0
668 199 0
687 133 0
12 205 0
12 565 0
12 578 0
12 879 0
12 881 0
578 307 0
578 802 0
578 308 0
13 515 0
515 17 0
515 493 0
14 42 0
14 104 0
14 338 0
104 214 0
104 507 0
15 694 0
694 342 0
16 461 0
461 360 0
461 431 0
18 605 0
605 801 0
19 74 0
19 379 0
19 582 0
19 707 0
379 277 0
379 423 0
379 176 0
379 509 0
20 785 0
785 157 0
785 487 0
21 669 0
669 44 0
669 477 0
22 372 0
22 444 0
22 662 0
22 837 0
23 765 0
765 588 0
765 855 0
765 33 0
765 888 0
24 714 0
714 169 0
714 429 0
25 264 0
25 356 0
25 382 0
25 547 0
25 705 0
264 369 0
264 878 0
26 359 0
359 672 0
359 681 0
27 158 0
158 213 0
158 756 0
158 758 0
28 250 0
28 553 0
28 609 0
28 636 0
29 716 0
716 145 0
716 371 0
30 178 0
30 512 0
30 634 0
30 730 0
178 299 0
178 326 0
178 448 0
178 690 0
178 769 0
512 43 0
512 842 0
512 591 0
31 336 0
336 662 0
336 790 0
336 883 0
32 67 0
67 48 0
67 253 0
67 391 0
67 543 0
67 867 0
33 102 0
33 893 0
102 219 0
102 376 0
102 628 0
34 112 0
112 425 0
112 516 0
112 725 0
87 96 0
87 494 0
36 133 0
36 287 0
133 377 0
133 625 0
133 721 0
37 283 0
37 464 0
37 508 0
37 813 0
464 289 0
38 654 0
654 346 0
39 441 0
441 593 0
441 619 0
40 541 0
541 715 0
541 172 0
541 332 0
541 309 0
41 151 0
151 258 0
151 544 0
43 469 0
43 545 0
45 256 0
256 115 0
256 330 0
256 505 0
256 560 0
46 349 0
349 232 0
349 573 0
47 162 0
162 93 0
162 414 0
48 89 0
48 122 0
48 155 0
89 122 0
89 317 0
122 266 0
122 318 0
122 503 0
122 583 0
122 666 0
122 698 0
122 859 0
50 297 0
297 55 0
297 114 0
297 516 0
51 448 0
51 704 0
51 804 0
448 412 0
448 510 0
448 875 0
52 562 0
562 572 0
562 628 0
562 243 0
562 660 0
53 364 0
364 344 0
364 300 0
364 606 0
54 194 0
194 160 0
194 202 0
194 324 0
56 514 0
514 107 0
514 805 0
57 134 0
57 155 0
57 601 0
57 693 0
134 389 0
134 591 0
134 672 0
155 186 0
155 323 0
155 332 0
155 676 0
155 711 0
155 751 0
601 492 0
58 295 0
58 540 0
58 592 0
58 689 0
58 814 0
58 863 0
295 192 0
592 634 0
592 734 0
59 65 0
65 182 0
65 586 0
65 861 0
65 883 0
60 361 0
60 411 0
60 616 0
61 465 0
465 88 0
465 140 0
465 318 0
465 383 0
62 325 0
62 518 0
62 521 0
62 776 0
62 812 0
325 272 0
325 324 0
325 432 0
518 622 0
518 870 0
521 471 0
521 677 0
63 596 0
596 384 0
596 697 0
596 291 0
64 841 0
841 780 0
586 600 0
586 670 0
586 791 0
586 328 0
66 347 0
347 77 0
347 257 0
347 567 0
253 409 0
68 198 0
198 191 0
198 389 0
198 413 0
69 500 0
500 90 0
70 287 0
70 409 0
70 634 0
70 810 0
287 190 0
287 419 0
287 479 0
409 144 0
409 236 0
71 316 0
71 386 0
71 405 0
71 762 0
71 896 0
316 199 0
316 274 0
316 392 0
72 730 0
72 745 0
72 847 0
730 505 0
730 516 0
730 84 0
730 143 0
73 329 0
73 362 0
73 438 0
73 645 0
329 189 0
75 510 0
76 147 0
76 212 0
76 229 0
76 577 0
76 709 0
76 865 0
147 128 0
147 159 0
229 152 0
229 604 0
78 401 0
401 88 0
401 713 0
401 718 0
79 737 0
737 612 0
737 143 0
737 763 0
80 447 0
80 727 0
80 798 0
80 820 0
447 192 0
447 222 0
447 353 0
81 239 0
81 584 0
81 652 0
81 658 0
81 672 0
81 862 0
584 439 0
584 415 0
82 223 0
223 291 0
223 418 0
223 442 0
223 480 0
223 186 0
83 895 0
84 111 0
84 244 0
111 254 0
244 375 0
244 478 0
244 485 0
244 648 0
85 328 0
85 353 0
85 477 0
85 545 0
328 342 0
328 531 0
353 233 0
353 688 0
86 497 0
497 291 0
497 580 0
497 678 0
497 706 0
88 313 0
88 677 0
313 235 0
313 363 0
313 208 0
91 146 0
146 498 0
146 505 0
146 564 0
146 573 0
92 357 0
92 440 0
92 624 0
92 745 0
92 799 0
92 869 0
357 708 0
357 684 0
357 830 0
440 222 0
440 206 0
624 427 0
745 717 0
745 751 0
94 608 0
608 143 0
95 893 0
893 818 0
96 207 0
96 335 0
96 363 0
96 683 0
96 720 0
335 231 0
335 286 0
363 274 0
683 110 0
97 507 0
507 285 0
507 430 0
507 460 0
98 704 0
704 143 0
704 311 0
99 407 0
407 116 0
407 129 0
407 473 0
100 304 0
304 400 0
304 513 0
304 474 0
101 793 0
793 463 0
103 340 0
340 233 0
340 281 0
340 639 0
214 237 0
214 341 0
214 850 0
105 288 0
105 797 0
105 804 0
288 466 0
288 520 0
797 519 0
797 554 0
106 576 0
576 149 0
576 588 0
108 242 0
242 581 0
242 630 0
569 493 0
110 247 0
110 477 0
110 526 0
477 132 0
113 206 0
206 211 0
206 249 0
206 300 0
206 783 0
116 150 0
116 415 0
116 574 0
116 478 0
150 776 0
415 351 0
415 395 0
415 402 0
117 755 0
755 278 0
755 410 0
118 337 0
337 224 0
337 567 0
337 820 0
337 846 0
119 791 0
791 311 0
791 455 0
791 831 0
120 175 0
175 171 0
175 237 0
175 475 0
121 164 0
164 234 0
164 695 0
164 850 0
164 897 0
123 535 0
535 276 0
124 517 0
517 389 0
125 165 0
125 183 0
125 268 0
125 662 0
126 712 0
712 723 0
127 324 0
127 483 0
127 778 0
127 862 0
127 900 0
324 494 0
324 880 0
778 381 0
778 393 0
778 587 0
778 209 0
778 690 0
128 185 0
128 265 0
128 274 0
128 699 0
185 770 0
699 490 0
130 724 0
724 228 0
724 643 0
724 853 0
131 537 0
537 177 0
537 334 0
537 659 0
132 184 0
132 216 0
132 542 0
389 314 0
389 820 0
135 179 0
135 294 0
135 530 0
135 825 0
179 305 0
179 509 0
136 649 0
649 209 0
649 251 0
649 430 0
649 728 0
138 365 0
365 226 0
365 342 0
365 430 0
139 204 0
204 278 0
204 663 0
204 686 0
141 193 0
141 502 0
141 643 0
141 747 0
142 279 0
279 333 0
279 420 0
279 442 0
279 840 0
145 148 0
145 750 0
145 821 0
148 196 0
148 417 0
148 690 0
148 890 0
498 259 0
498 341 0
505 645 0
196 375 0
152 459 0
152 563 0
459 435 0
459 634 0
153 851 0
851 701 0
851 826 0
154 792 0
792 416 0
186 847 0
323 587 0
323 408 0
156 857 0
857 378 0
857 387 0
857 424 0
857 326 0
159 237 0
159 611 0
159 671 0
237 369 0
237 573 0
161 180 0
180 472 0
180 609 0
180 656 0
180 869 0
167 633 0
633 454 0
633 232 0
633 754 0
168 894 0
894 531 0
170 270 0
170 272 0
170 491 0
170 720 0
272 240 0
272 403 0
272 636 0
172 277 0
172 421 0
277 504 0
173 312 0
173 598 0
173 871 0
174 392 0
392 685 0
177 380 0
177 566 0
380 339 0
380 354 0
380 884 0
380 587 0
299 317 0
326 189 0
305 319 0
305 390 0
305 808 0
609 732 0
609 273 0
181 602 0
602 230 0
187 574 0
574 775 0
574 811 0
188 626 0
626 374 0
626 594 0
189 474 0
192 260 0
192 397 0
192 449 0
195 218 0
218 271 0
218 434 0
197 352 0
352 557 0
352 643 0
352 664 0
352 896 0
352 249 0
199 210 0
199 221 0
199 796 0
200 327 0
200 769 0
200 789 0
200 879 0
201 880 0
880 285 0
203 561 0
561 225 0
561 523 0
278 675 0
278 757 0
278 897 0
249 252 0
300 231 0
208 309 0
309 254 0
309 289 0
309 408 0
209 555 0
555 267 0
555 458 0
217 543 0
217 589 0
217 743 0
217 886 0
543 799 0
220 286 0
286 321 0
286 539 0
222 468 0
222 549 0
442 412 0
227 736 0
736 482 0
736 621 0
736 760 0
736 877 0
231 842 0
231 859 0
232 566 0
566 545 0
233 719 0
233 806 0
369 422 0
369 575 0
369 800 0
238 423 0
423 343 0
423 486 0
240 670 0
240 720 0
670 453 0
241 810 0
810 843 0
810 891 0
243 467 0
467 490 0
375 779 0
375 809 0
375 876 0
478 591 0
485 284 0
245 788 0
788 261 0
788 558 0
246 900 0
248 750 0
750 293 0
252 292 0
252 532 0
252 787 0
254 667 0
254 822 0
330 406 0
330 777 0
259 373 0
259 651 0
259 684 0
259 688 0
259 815 0
688 748 0
262 538 0
538 310 0
269 443 0
443 516 0
403 456 0
403 772 0
403 854 0
273 435 0
273 834 0
435 308 0
435 333 0
275 898 0
898 398 0
675 691 0
333 388 0
333 634 0
333 834 0
280 607 0
607 646 0
282 693 0
693 345 0
693 807 0
693 887 0
693 899 0
289 341 0
289 628 0
341 559 0
341 767 0
341 821 0
290 673 0
673 394 0
296 317 0
317 661 0
317 731 0
298 629 0
629 451 0
302 692 0
692 436 0
303 655 0
655 366 0
307 546 0
307 603 0
307 874 0
308 522 0
310 547 0
310 662 0
310 799 0
547 545 0
314 525 0
314 702 0
314 738 0
315 494 0
731 446 0
320 835 0
835 348 0
322 770 0
770 590 0
770 672 0
770 839 0
331 408 0
408 786 0
408 816 0
388 568 0
388 680 0
388 696 0
662 802 0
567 509 0
767 432 0
643 446 0
358 570 0
570 437 0
367 834 0
834 840 0
368 875 0
370 748 0
385 524 0
524 396 0
399 812 0
421 457 0
421 599 0
421 764 0
421 856 0
764 490 0
424 490 0
424 794 0
426 824 0
824 579 0
824 691 0
428 470 0
428 615 0
428 678 0
433 866 0
866 585 0
866 773 0
439 597 0
439 703 0
439 829 0
703 847 0
452 794 0
794 774 0
591 509 0
484 732 0
496 741 0
741 548 0
678 645 0
499 777 0
777 531 0
777 640 0
501 653 0
501 726 0
645 842 0
533 550 0
533 869 0
534 735 0
735 864 0
536 604 0
604 766 0
604 819 0
545 733 0
545 802 0
595 648 0
648 635 0
648 657 0
614 848 0
848 710 0
848 773 0
631 833 0
833 644 0
833 828 0
638 719 0
719 873 0
647 844 0
844 691 0
844 753 0
844 840 0
844 889 0
705 804 0
804 710 0
804 787 0
773 823 0
