581 599 0
1 373 0
373 330 0
373 490 0
2 274 0
274 419 0
274 454 0
274 78 0
274 278 0
3 162 0
3 421 0
3 564 0
3 583 0
4 95 0
4 187 0
4 572 0
95 99 0
95 142 0
95 224 0
95 439 0
5 383 0
383 173 0
383 335 0
383 40 0
383 528 0
6 261 0
261 346 0
261 385 0
261 215 0
7 585 0
585 172 0
8 251 0
8 409 0
8 572 0
251 233 0
251 271 0
251 294 0
409 134 0
409 425 0
409 447 0
9 57 0
57 98 0
57 315 0
57 392 0
10 497 0
497 188 0
497 61 0
497 453 0
11 166 0
11 213 0
11 447 0
11 489 0
12 115 0
12 211 0
12 346 0
12 372 0
13 60 0
60 176 0
60 218 0
60 370 0
14 125 0
125 212 0
125 416 0
125 519 0
15 556 0
556 104 0
556 303 0
556 265 0
556 416 0
16 443 0
443 194 0
443 423 0
443 581 0
17 40 0
17 98 0
17 377 0
17 463 0
40 357 0
98 122 0
18 91 0
18 144 0
18 249 0
18 328 0
91 119 0
91 444 0
144 231 0
144 378 0
144 395 0
144 417 0
19 179 0
179 374 0
179 446 0
20 185 0
185 389 0
185 412 0
185 516 0
21 124 0
124 132 0
124 439 0
124 420 0
124 502 0
22 43 0
22 128 0
22 393 0
23 50 0
50 136 0
50 139 0
50 553 0
24 574 0
574 168 0
25 425 0
25 463 0
25 485 0
425 452 0
26 527 0
527 195 0
27 106 0
27 440 0
27 442 0
27 465 0
440 328 0
28 295 0
295 481 0
295 52 0
295 569 0
29 329 0
329 268 0
329 465 0
329 557 0
329 78 0
30 38 0
30 53 0
30 110 0
30 492 0
53 458 0
31 131 0
31 153 0
31 417 0
31 554 0
32 430 0
430 89 0
430 410 0
33 361 0
361 71 0
361 177 0
361 387 0
34 434 0
34 437 0
34 466 0
34 537 0
434 582 0
434 103 0
434 362 0
437 518 0
437 112 0
35 126 0
35 345 0
126 130 0
126 494 0
126 534 0
126 598 0
36 471 0
471 186 0
471 281 0
471 512 0
37 406 0
406 377 0
406 456 0
406 592 0
39 356 0
356 187 0
356 461 0
356 521 0
357 145 0
357 273 0
357 301 0
41 42 0
41 276 0
41 439 0
41 510 0
44 221 0
44 264 0
44 354 0
44 537 0
44 538 0
221 232 0
221 534 0
45 64 0
64 133 0
64 465 0
64 531 0
46 462 0
462 341 0
462 134 0
47 83 0
47 114 0
47 424 0
47 458 0
48 511 0
511 187 0
511 275 0
511 284 0
49 86 0
49 110 0
49 220 0
49 460 0
110 298 0
110 506 0
110 82 0
136 228 0
136 198 0
136 319 0
51 54 0
51 342 0
51 433 0
51 485 0
54 52 0
54 87 0
54 141 0
342 305 0
342 516 0
342 465 0
433 464 0
433 102 0
52 266 0
266 151 0
266 235 0
266 277 0
55 71 0
55 242 0
55 308 0
55 448 0
71 477 0
71 504 0
71 552 0
56 599 0
599 306 0
58 198 0
198 97 0
198 351 0
59 449 0
449 120 0
449 337 0
61 243 0
61 452 0
243 88 0
243 363 0
243 509 0
452 458 0
62 116 0
62 167 0
62 394 0
62 426 0
167 121 0
167 170 0
167 215 0
63 503 0
503 178 0
65 108 0
65 181 0
65 197 0
65 555 0
66 161 0
161 118 0
161 246 0
161 500 0
67 112 0
112 189 0
112 420 0
112 570 0
68 85 0
68 197 0
68 258 0
68 451 0
68 589 0
85 92 0
85 103 0
197 319 0
197 347 0
69 146 0
146 201 0
146 285 0
146 297 0
70 164 0
70 290 0
70 305 0
70 324 0
477 302 0
72 81 0
72 123 0
81 232 0
81 345 0
81 400 0
81 475 0
73 572 0
572 150 0
74 169 0
169 311 0
169 512 0
169 539 0
75 192 0
75 269 0
75 338 0
75 376 0
192 468 0
192 506 0
76 154 0
76 194 0
76 340 0
154 263 0
154 319 0
194 249 0
194 328 0
194 448 0
194 530 0
194 535 0
194 323 0
194 180 0
77 171 0
171 174 0
171 339 0
171 591 0
78 256 0
256 190 0
256 415 0
256 507 0
79 587 0
587 541 0
80 384 0
384 415 0
384 483 0
384 515 0
232 270 0
232 309 0
345 439 0
345 463 0
345 352 0
400 141 0
82 103 0
82 491 0
103 323 0
103 422 0
84 367 0
367 137 0
367 159 0
367 516 0
87 111 0
87 123 0
87 180 0
87 382 0
87 482 0
87 486 0
87 526 0
111 147 0
123 480 0
123 520 0
123 528 0
180 175 0
382 105 0
382 127 0
482 140 0
486 504 0
486 567 0
90 240 0
240 202 0
240 447 0
240 473 0
240 496 0
92 174 0
92 427 0
92 501 0
92 558 0
174 296 0
93 444 0
444 286 0
444 316 0
444 201 0
94 418 0
418 265 0
418 267 0
418 325 0
96 129 0
129 291 0
129 379 0
129 386 0
100 182 0
182 134 0
182 216 0
182 322 0
101 551 0
551 184 0
551 391 0
551 534 0
102 310 0
102 365 0
102 399 0
102 417 0
107 210 0
210 193 0
210 584 0
210 377 0
109 491 0
491 390 0
491 565 0
298 366 0
298 380 0
298 408 0
506 463 0
506 218 0
506 140 0
113 530 0
530 143 0
117 464 0
464 334 0
118 175 0
118 552 0
175 327 0
175 580 0
119 225 0
119 340 0
119 352 0
119 476 0
352 147 0
352 206 0
121 219 0
121 280 0
121 550 0
122 237 0
122 312 0
122 398 0
379 289 0
379 458 0
135 346 0
135 415 0
135 419 0
135 466 0
346 495 0
415 593 0
228 183 0
228 300 0
228 429 0
138 200 0
200 157 0
200 223 0
200 283 0
200 328 0
140 362 0
362 155 0
362 282 0
141 227 0
141 289 0
141 368 0
227 255 0
227 371 0
227 388 0
289 288 0
289 504 0
368 287 0
368 314 0
368 548 0
201 438 0
147 152 0
147 160 0
147 416 0
148 347 0
347 321 0
347 496 0
149 170 0
170 252 0
170 517 0
263 265 0
263 519 0
263 448 0
319 512 0
156 218 0
156 479 0
156 597 0
156 600 0
218 215 0
218 348 0
158 165 0
158 279 0
158 369 0
158 542 0
163 397 0
397 283 0
397 317 0
397 563 0
187 522 0
187 566 0
522 466 0
522 546 0
191 505 0
505 326 0
505 353 0
468 355 0
249 375 0
249 568 0
535 283 0
196 217 0
217 238 0
217 283 0
217 293 0
199 470 0
470 204 0
438 248 0
438 528 0
438 576 0
203 244 0
203 336 0
203 377 0
203 381 0
205 226 0
205 250 0
205 292 0
206 214 0
206 236 0
206 278 0
206 525 0
278 488 0
207 559 0
559 259 0
559 313 0
559 265 0
208 594 0
594 245 0
209 419 0
419 404 0
348 257 0
348 318 0
348 349 0
222 304 0
304 305 0
304 350 0
304 428 0
229 265 0
229 593 0
229 283 0
230 566 0
566 234 0
566 396 0
239 260 0
260 496 0
260 565 0
260 575 0
260 578 0
447 272 0
241 478 0
478 344 0
247 272 0
272 262 0
272 514 0
253 475 0
475 359 0
475 549 0
254 582 0
582 343 0
582 560 0
582 335 0
496 581 0
296 358 0
296 459 0
296 513 0
299 364 0
299 455 0
299 508 0
455 545 0
307 493 0
493 405 0
316 458 0
320 524 0
524 413 0
331 467 0
467 414 0
467 458 0
332 593 0
593 435 0
333 495 0
495 469 0
335 417 0
360 590 0
590 431 0
401 518 0
518 436 0
402 417 0
417 545 0
403 445 0
445 411 0
407 523 0
523 432 0
441 474 0
474 536 0
458 561 0
561 498 0
466 485 0
488 529 0
488 542 0
488 586 0
552 583 0
583 596 0
