560 599 0
1 27 0
27 77 0
27 122 0
27 198 0
2 35 0
2 117 0
2 316 0
2 464 0
2 544 0
2 585 0
35 250 0
35 364 0
35 470 0
35 567 0
117 453 0
117 24 0
316 128 0
3 76 0
3 81 0
3 252 0
3 254 0
76 169 0
76 249 0
81 454 0
81 479 0
81 501 0
4 545 0
545 383 0
5 119 0
119 411 0
119 452 0
119 465 0
6 414 0
414 324 0
414 596 0
414 91 0
7 254 0
254 44 0
254 355 0
254 460 0
254 52 0
8 276 0
276 94 0
276 381 0
276 415 0
276 178 0
276 519 0
9 189 0
189 13 0
189 99 0
10 180 0
180 52 0
180 83 0
180 87 0
11 565 0
565 268 0
565 306 0
12 262 0
262 80 0
14 467 0
467 43 0
467 78 0
467 125 0
15 24 0
15 32 0
24 41 0
24 53 0
24 529 0
16 220 0
220 120 0
220 347 0
220 438 0
220 17 0
220 525 0
17 57 0
17 497 0
57 104 0
57 146 0
57 283 0
57 354 0
57 600 0
18 188 0
188 270 0
188 483 0
188 163 0
188 551 0
19 48 0
19 123 0
19 323 0
19 593 0
48 84 0
48 148 0
48 149 0
123 101 0
20 549 0
549 182 0
549 521 0
21 454 0
454 98 0
454 558 0
22 37 0
37 63 0
37 129 0
37 401 0
37 540 0
23 287 0
287 95 0
41 68 0
41 282 0
41 360 0
25 285 0
285 150 0
285 165 0
285 277 0
26 223 0
26 250 0
26 294 0
223 92 0
223 360 0
28 69 0
28 236 0
28 531 0
28 562 0
69 439 0
29 84 0
29 227 0
84 225 0
84 296 0
84 516 0
84 554 0
30 34 0
30 134 0
30 361 0
30 412 0
34 36 0
34 89 0
31 139 0
31 199 0
31 369 0
31 385 0
31 470 0
139 271 0
139 597 0
199 395 0
199 437 0
199 514 0
369 36 0
369 104 0
32 173 0
32 289 0
32 336 0
336 557 0
336 72 0
336 129 0
33 161 0
161 72 0
161 239 0
161 247 0
161 325 0
161 466 0
36 141 0
36 322 0
36 401 0
36 447 0
364 384 0
401 256 0
63 286 0
63 390 0
63 512 0
129 230 0
129 235 0
129 310 0
38 101 0
38 108 0
38 329 0
101 163 0
101 306 0
101 341 0
39 87 0
39 115 0
39 120 0
39 313 0
87 133 0
87 477 0
115 228 0
115 249 0
40 317 0
40 402 0
317 350 0
317 435 0
68 303 0
282 294 0
282 306 0
42 534 0
534 273 0
45 86 0
45 136 0
45 359 0
45 381 0
45 528 0
359 148 0
46 390 0
390 118 0
390 206 0
390 563 0
47 67 0
47 105 0
47 442 0
47 446 0
67 154 0
67 300 0
67 310 0
67 374 0
67 411 0
67 439 0
148 56 0
148 124 0
148 61 0
148 375 0
49 83 0
49 90 0
49 132 0
49 168 0
49 558 0
49 579 0
132 420 0
132 497 0
50 468 0
468 301 0
51 99 0
51 410 0
51 424 0
51 469 0
99 196 0
52 563 0
54 240 0
54 431 0
54 434 0
54 460 0
54 471 0
54 548 0
434 88 0
434 194 0
55 370 0
370 75 0
370 104 0
370 524 0
56 242 0
56 249 0
242 243 0
104 309 0
104 395 0
58 159 0
58 207 0
159 92 0
159 158 0
159 179 0
59 110 0
110 190 0
110 486 0
110 498 0
110 537 0
60 66 0
60 175 0
60 408 0
60 421 0
61 131 0
61 514 0
131 108 0
131 478 0
131 528 0
62 309 0
64 263 0
263 234 0
263 257 0
65 166 0
166 113 0
166 465 0
166 515 0
154 155 0
154 251 0
300 135 0
300 228 0
310 170 0
70 491 0
491 198 0
491 332 0
491 591 0
71 174 0
71 198 0
71 504 0
174 235 0
174 532 0
198 402 0
198 597 0
72 222 0
72 258 0
222 107 0
258 292 0
258 348 0
73 592 0
592 493 0
592 494 0
74 315 0
315 171 0
315 246 0
78 366 0
78 436 0
78 564 0
78 597 0
436 109 0
436 164 0
79 406 0
406 203 0
479 196 0
82 112 0
112 260 0
112 351 0
296 528 0
296 157 0
296 183 0
85 570 0
570 121 0
570 231 0
570 97 0
133 137 0
133 264 0
133 311 0
133 354 0
133 382 0
133 487 0
88 144 0
88 333 0
88 448 0
88 506 0
144 230 0
89 297 0
89 302 0
89 463 0
89 490 0
463 484 0
91 371 0
91 597 0
371 293 0
371 429 0
371 451 0
371 557 0
371 558 0
371 197 0
92 149 0
92 573 0
149 466 0
573 126 0
93 584 0
584 574 0
584 598 0
96 504 0
504 138 0
504 335 0
504 596 0
97 357 0
97 561 0
357 312 0
357 326 0
561 472 0
561 507 0
98 248 0
98 496 0
196 213 0
100 214 0
100 216 0
100 334 0
100 338 0
100 512 0
216 178 0
163 532 0
306 269 0
102 539 0
539 531 0
103 201 0
201 145 0
395 182 0
395 294 0
395 528 0
106 378 0
378 376 0
107 229 0
107 352 0
107 449 0
108 116 0
108 185 0
486 426 0
111 151 0
151 211 0
151 330 0
114 440 0
440 232 0
453 291 0
453 342 0
453 407 0
411 498 0
127 184 0
127 379 0
127 551 0
127 552 0
230 202 0
230 265 0
230 498 0
235 418 0
235 455 0
235 527 0
130 162 0
162 295 0
162 337 0
162 348 0
162 403 0
420 158 0
420 219 0
420 340 0
264 140 0
264 294 0
135 150 0
135 331 0
135 416 0
135 427 0
150 396 0
150 428 0
150 429 0
140 213 0
140 346 0
140 365 0
213 177 0
142 439 0
439 392 0
439 419 0
439 197 0
143 176 0
176 278 0
176 325 0
176 466 0
147 518 0
518 451 0
428 528 0
152 509 0
509 321 0
509 588 0
153 328 0
328 281 0
328 415 0
328 523 0
156 425 0
425 215 0
425 551 0
157 192 0
157 200 0
157 280 0
200 272 0
200 404 0
160 261 0
160 326 0
160 349 0
160 543 0
167 304 0
167 388 0
167 429 0
167 597 0
304 421 0
388 170 0
170 307 0
170 418 0
307 249 0
307 415 0
172 256 0
172 329 0
256 435 0
256 482 0
256 535 0
177 204 0
177 281 0
177 430 0
178 255 0
255 368 0
255 500 0
181 526 0
526 373 0
182 582 0
183 271 0
271 360 0
271 470 0
271 582 0
186 194 0
194 391 0
194 542 0
187 564 0
564 209 0
564 578 0
191 402 0
402 461 0
193 266 0
193 290 0
193 372 0
193 449 0
193 418 0
195 404 0
404 380 0
197 269 0
269 238 0
269 409 0
272 274 0
205 441 0
441 226 0
207 208 0
207 393 0
207 517 0
207 576 0
210 599 0
599 288 0
599 492 0
217 362 0
362 437 0
362 455 0
362 503 0
218 544 0
544 353 0
544 577 0
221 384 0
384 387 0
224 475 0
475 314 0
227 481 0
227 505 0
227 508 0
227 511 0
227 589 0
228 435 0
498 512 0
233 433 0
433 298 0
237 343 0
237 407 0
407 244 0
241 308 0
308 399 0
308 449 0
243 497 0
243 532 0
532 267 0
245 360 0
360 575 0
252 474 0
252 522 0
252 553 0
253 541 0
541 445 0
348 478 0
259 339 0
259 422 0
470 514 0
582 405 0
582 502 0
275 557 0
557 325 0
381 477 0
381 568 0
294 477 0
284 478 0
478 531 0
293 327 0
293 443 0
477 449 0
477 512 0
299 367 0
299 488 0
303 495 0
303 501 0
501 329 0
318 585 0
585 499 0
319 520 0
520 344 0
520 444 0
320 426 0
426 377 0
325 398 0
398 403 0
329 583 0
345 594 0
594 432 0
437 429 0
429 551 0
386 403 0
392 458 0
458 423 0
417 484 0
459 547 0
547 485 0
531 587 0
525 597 0
576 587 0
