856 899 0
1 810 0
810 484 0
810 649 0
810 665 0
2 89 0
89 88 0
89 121 0
89 601 0
3 29 0
3 427 0
3 487 0
3 822 0
4 345 0
345 224 0
345 897 0
345 486 0
5 470 0
5 557 0
5 666 0
5 702 0
5 856 0
470 180 0
470 609 0
470 19 0
470 759 0
557 419 0
557 222 0
666 172 0
666 466 0
6 390 0
390 265 0
390 372 0
390 526 0
7 733 0
7 753 0
7 800 0
7 845 0
733 835 0
733 27 0
733 858 0
753 495 0
8 208 0
8 268 0
8 489 0
8 518 0
208 192 0
208 874 0
9 888 0
888 113 0
888 400 0
10 274 0
10 667 0
10 696 0
10 880 0
274 11 0
274 57 0
274 669 0
11 322 0
11 421 0
11 620 0
322 747 0
12 750 0
750 184 0
750 190 0
750 330 0
13 379 0
379 138 0
379 202 0
379 748 0
14 16 0
14 269 0
14 536 0
14 626 0
14 646 0
536 67 0
15 142 0
15 304 0
15 309 0
15 487 0
17 181 0
17 199 0
17 276 0
17 471 0
17 808 0
181 31 0
181 179 0
199 260 0
199 472 0
199 487 0
199 671 0
199 28 0
199 291 0
276 408 0
276 612 0
276 704 0
276 756 0
18 297 0
297 191 0
297 221 0
297 493 0
297 215 0
297 526 0
19 81 0
19 799 0
81 286 0
81 295 0
81 431 0
81 474 0
81 698 0
20 98 0
98 73 0
98 251 0
98 330 0
21 150 0
21 617 0
21 754 0
150 453 0
150 468 0
150 588 0
22 295 0
22 450 0
22 654 0
22 713 0
295 437 0
295 707 0
23 597 0
597 494 0
24 715 0
715 726 0
715 772 0
25 157 0
25 324 0
25 405 0
157 483 0
157 817 0
157 870 0
26 56 0
56 33 0
56 284 0
56 865 0
27 153 0
27 517 0
153 99 0
153 332 0
153 385 0
517 164 0
28 36 0
36 110 0
36 441 0
36 684 0
36 811 0
36 865 0
30 840 0
840 54 0
840 417 0
32 848 0
848 123 0
848 201 0
848 444 0
33 405 0
33 552 0
405 40 0
405 250 0
405 376 0
405 608 0
405 636 0
34 60 0
34 127 0
34 244 0
34 430 0
34 707 0
34 841 0
60 63 0
60 432 0
60 637 0
60 721 0
127 331 0
127 346 0
127 486 0
244 215 0
244 319 0
244 488 0
244 570 0
430 292 0
430 883 0
35 194 0
194 404 0
194 507 0
194 668 0
37 633 0
633 169 0
633 674 0
38 39 0
39 230 0
39 521 0
40 163 0
40 399 0
40 433 0
41 227 0
227 117 0
227 132 0
227 321 0
227 434 0
42 411 0
42 443 0
42 453 0
42 480 0
42 835 0
411 369 0
411 416 0
411 547 0
411 768 0
443 449 0
443 577 0
443 638 0
43 324 0
43 606 0
43 835 0
324 472 0
324 585 0
324 799 0
324 341 0
44 871 0
871 316 0
871 224 0
871 347 0
45 336 0
45 449 0
336 104 0
336 192 0
336 220 0
336 552 0
46 460 0
460 397 0
47 282 0
282 484 0
282 598 0
282 889 0
48 92 0
48 210 0
48 311 0
48 375 0
48 401 0
210 241 0
49 198 0
49 231 0
49 287 0
49 644 0
49 660 0
198 170 0
198 337 0
198 578 0
50 118 0
118 84 0
118 328 0
118 342 0
51 596 0
596 236 0
596 737 0
596 53 0
596 760 0
52 686 0
686 254 0
686 396 0
53 67 0
53 122 0
67 575 0
67 669 0
67 748 0
122 389 0
122 540 0
122 621 0
55 240 0
55 361 0
55 367 0
55 436 0
57 518 0
57 548 0
57 585 0
57 607 0
518 114 0
518 391 0
58 796 0
796 383 0
796 473 0
59 219 0
219 160 0
219 544 0
219 760 0
219 825 0
63 170 0
63 606 0
63 608 0
63 759 0
432 398 0
432 465 0
432 134 0
432 262 0
61 449 0
449 613 0
62 471 0
471 327 0
471 492 0
170 531 0
170 595 0
606 512 0
606 575 0
64 292 0
64 520 0
64 682 0
64 770 0
292 166 0
292 279 0
65 77 0
65 107 0
65 480 0
65 657 0
65 831 0
66 203 0
203 88 0
203 115 0
203 576 0
575 338 0
575 279 0
669 393 0
68 291 0
68 326 0
68 635 0
68 813 0
291 85 0
291 259 0
69 128 0
128 374 0
128 388 0
128 650 0
70 398 0
398 321 0
398 469 0
398 490 0
71 622 0
622 837 0
622 374 0
622 867 0
72 499 0
499 100 0
499 235 0
74 862 0
862 763 0
862 868 0
75 841 0
841 140 0
841 182 0
76 712 0
712 705 0
712 747 0
712 785 0
712 229 0
712 348 0
78 275 0
78 340 0
78 608 0
78 692 0
275 185 0
275 218 0
275 516 0
275 566 0
275 644 0
340 392 0
340 640 0
340 820 0
79 226 0
79 568 0
79 787 0
79 826 0
226 249 0
226 592 0
226 890 0
80 137 0
80 288 0
80 335 0
80 690 0
137 193 0
137 799 0
137 814 0
288 329 0
288 545 0
288 706 0
82 105 0
105 283 0
105 330 0
105 861 0
83 259 0
259 216 0
84 212 0
84 308 0
84 371 0
212 341 0
212 484 0
212 512 0
212 526 0
308 152 0
308 257 0
308 659 0
85 278 0
85 442 0
85 701 0
86 755 0
755 211 0
87 188 0
87 527 0
87 725 0
87 864 0
188 158 0
188 261 0
188 887 0
527 512 0
527 514 0
527 260 0
527 789 0
88 272 0
90 253 0
253 233 0
253 352 0
91 114 0
114 116 0
114 776 0
93 156 0
93 703 0
93 730 0
93 892 0
94 355 0
355 101 0
355 229 0
355 491 0
95 301 0
301 305 0
301 365 0
301 786 0
96 370 0
370 145 0
370 505 0
370 740 0
97 207 0
97 224 0
97 228 0
97 414 0
224 702 0
99 404 0
99 512 0
99 611 0
404 319 0
100 638 0
101 643 0
102 809 0
809 602 0
103 258 0
258 506 0
258 591 0
258 531 0
106 281 0
281 428 0
281 341 0
108 317 0
317 143 0
317 720 0
317 821 0
109 581 0
581 162 0
111 856 0
856 200 0
856 344 0
112 529 0
529 148 0
529 375 0
328 183 0
328 465 0
119 577 0
577 550 0
120 754 0
754 290 0
754 486 0
754 788 0
121 472 0
472 413 0
123 661 0
123 681 0
123 883 0
681 186 0
124 294 0
294 161 0
294 222 0
294 573 0
125 134 0
134 126 0
134 743 0
331 504 0
346 367 0
346 583 0
346 191 0
346 851 0
374 533 0
129 206 0
206 273 0
206 439 0
206 778 0
206 782 0
130 393 0
393 507 0
393 560 0
131 495 0
495 519 0
133 141 0
133 439 0
133 677 0
133 828 0
439 174 0
439 874 0
439 488 0
439 438 0
135 546 0
546 541 0
546 611 0
546 348 0
136 339 0
339 366 0
339 434 0
339 863 0
193 377 0
193 455 0
139 173 0
139 319 0
139 611 0
319 844 0
144 690 0
690 777 0
690 392 0
145 360 0
145 533 0
145 818 0
360 154 0
360 653 0
360 866 0
146 423 0
423 437 0
423 748 0
423 158 0
147 392 0
147 415 0
147 455 0
149 252 0
149 315 0
149 631 0
149 846 0
252 500 0
252 724 0
151 852 0
852 243 0
852 748 0
155 174 0
155 645 0
174 385 0
174 452 0
174 624 0
174 512 0
158 434 0
159 451 0
451 192 0
451 551 0
451 641 0
451 488 0
165 183 0
183 647 0
183 654 0
183 385 0
183 844 0
166 410 0
166 556 0
166 805 0
167 711 0
711 791 0
168 636 0
636 407 0
636 675 0
171 572 0
572 676 0
452 232 0
452 459 0
175 465 0
465 416 0
176 498 0
176 586 0
176 700 0
176 736 0
176 800 0
177 334 0
334 368 0
334 595 0
334 833 0
178 357 0
357 584 0
357 836 0
357 870 0
654 858 0
187 842 0
842 607 0
189 454 0
189 625 0
189 693 0
189 849 0
454 338 0
454 752 0
191 474 0
192 714 0
714 741 0
714 764 0
377 197 0
377 501 0
377 632 0
195 279 0
195 639 0
279 507 0
279 870 0
196 438 0
438 267 0
438 402 0
337 369 0
487 511 0
204 894 0
894 481 0
894 600 0
894 623 0
205 285 0
205 362 0
205 656 0
205 814 0
209 539 0
209 593 0
209 738 0
213 769 0
769 358 0
214 384 0
214 476 0
214 645 0
384 730 0
384 744 0
384 804 0
384 876 0
216 742 0
217 605 0
605 600 0
218 544 0
544 356 0
544 643 0
544 413 0
222 249 0
222 504 0
222 619 0
249 835 0
249 367 0
504 542 0
504 599 0
504 708 0
619 579 0
223 391 0
391 380 0
391 727 0
225 369 0
369 696 0
229 652 0
652 299 0
652 478 0
232 242 0
232 289 0
232 320 0
232 873 0
232 878 0
320 500 0
234 528 0
528 266 0
237 565 0
237 748 0
565 365 0
238 511 0
239 592 0
592 306 0
592 816 0
241 440 0
241 554 0
241 624 0
245 589 0
589 582 0
589 637 0
589 418 0
589 873 0
246 335 0
335 343 0
335 879 0
247 302 0
302 262 0
302 739 0
302 773 0
302 845 0
248 348 0
248 420 0
248 607 0
248 683 0
248 734 0
248 735 0
607 435 0
250 350 0
250 447 0
250 749 0
255 293 0
293 395 0
293 461 0
293 742 0
293 795 0
256 333 0
256 514 0
256 762 0
256 895 0
262 864 0
263 435 0
435 445 0
435 855 0
264 731 0
731 363 0
270 300 0
270 559 0
270 600 0
300 412 0
271 643 0
643 296 0
643 313 0
272 585 0
272 611 0
272 746 0
585 896 0
408 349 0
277 860 0
860 758 0
507 617 0
280 872 0
872 415 0
395 413 0
395 549 0
395 771 0
298 459 0
459 534 0
459 709 0
303 523 0
523 525 0
307 707 0
707 448 0
707 829 0
707 884 0
310 509 0
509 532 0
509 730 0
312 768 0
768 386 0
768 522 0
314 838 0
838 364 0
838 406 0
318 834 0
834 458 0
321 645 0
323 325 0
323 530 0
323 718 0
323 870 0
323 893 0
799 533 0
799 702 0
330 413 0
338 865 0
338 600 0
367 645 0
349 732 0
349 742 0
349 857 0
742 766 0
351 664 0
664 604 0
353 663 0
663 595 0
663 630 0
354 508 0
508 403 0
356 475 0
356 673 0
356 784 0
359 578 0
578 695 0
578 792 0
365 702 0
645 569 0
645 376 0
371 533 0
533 434 0
533 734 0
373 725 0
725 482 0
725 685 0
375 412 0
375 783 0
375 891 0
412 426 0
412 464 0
412 558 0
378 455 0
455 382 0
381 779 0
779 531 0
730 608 0
387 728 0
728 662 0
394 549 0
409 806 0
806 424 0
416 829 0
415 723 0
415 766 0
723 446 0
723 531 0
723 629 0
418 510 0
510 496 0
510 616 0
419 474 0
419 794 0
419 829 0
474 463 0
474 858 0
422 890 0
890 678 0
748 827 0
425 639 0
639 746 0
639 801 0
429 883 0
883 561 0
434 657 0
434 899 0
899 679 0
456 724 0
724 552 0
724 648 0
724 847 0
457 634 0
467 818 0
818 515 0
476 535 0
476 590 0
476 734 0
476 881 0
477 781 0
781 503 0
479 587 0
587 603 0
481 778 0
485 538 0
538 618 0
538 637 0
497 627 0
627 691 0
627 765 0
524 617 0
617 553 0
617 580 0
537 658 0
537 694 0
637 747 0
543 771 0
771 628 0
771 689 0
555 757 0
757 803 0
562 638 0
564 697 0
697 710 0
567 761 0
761 624 0
761 729 0
571 864 0
864 672 0
594 775 0
775 853 0
610 859 0
859 624 0
651 814 0
814 873 0
692 843 0
829 800 0
720 896 0
774 793 0
793 798 0
881 891 0
