967 999 0
1 954 0
954 193 0
954 910 0
2 226 0
2 700 0
2 842 0
226 225 0
226 278 0
226 292 0
226 345 0
3 425 0
3 492 0
3 514 0
3 690 0
3 993 0
492 168 0
492 567 0
4 424 0
424 73 0
424 607 0
424 810 0
5 168 0
168 621 0
168 885 0
6 229 0
229 11 0
229 89 0
229 120 0
229 707 0
7 786 0
786 527 0
786 742 0
786 10 0
786 65 0
786 68 0
8 404 0
404 609 0
404 839 0
9 989 0
989 92 0
989 153 0
989 186 0
10 414 0
10 589 0
414 331 0
414 349 0
414 473 0
414 575 0
12 601 0
601 315 0
601 476 0
13 45 0
45 444 0
45 519 0
45 631 0
14 502 0
502 90 0
502 357 0
502 726 0
15 636 0
636 160 0
636 185 0
636 272 0
16 120 0
16 129 0
16 411 0
16 593 0
129 51 0
129 281 0
17 981 0
981 743 0
18 897 0
897 529 0
19 595 0
595 23 0
595 188 0
595 858 0
20 251 0
251 389 0
251 415 0
251 498 0
21 903 0
903 44 0
903 562 0
903 706 0
903 873 0
22 299 0
22 312 0
22 752 0
22 763 0
22 912 0
299 42 0
299 385 0
299 287 0
312 346 0
752 361 0
752 386 0
24 56 0
24 345 0
24 533 0
24 632 0
24 716 0
24 948 0
345 303 0
632 933 0
632 323 0
25 785 0
785 271 0
785 360 0
26 31 0
26 468 0
26 539 0
31 189 0
31 630 0
31 964 0
31 972 0
468 203 0
468 738 0
468 753 0
27 116 0
27 241 0
27 313 0
27 721 0
27 860 0
27 943 0
241 369 0
241 688 0
313 61 0
313 430 0
721 917 0
721 228 0
28 700 0
700 184 0
700 591 0
700 787 0
29 177 0
29 344 0
29 570 0
29 843 0
344 623 0
30 773 0
773 823 0
773 571 0
773 826 0
189 423 0
189 824 0
630 623 0
32 798 0
798 746 0
798 781 0
798 186 0
33 842 0
842 662 0
842 947 0
842 495 0
34 676 0
676 467 0
676 1000 0
35 104 0
35 139 0
35 272 0
36 669 0
669 774 0
37 342 0
342 101 0
342 214 0
38 339 0
339 374 0
339 463 0
339 566 0
39 163 0
39 223 0
39 408 0
163 416 0
163 600 0
163 633 0
163 942 0
40 218 0
218 82 0
218 704 0
218 736 0
41 407 0
407 131 0
407 55 0
407 161 0
42 188 0
42 247 0
42 643 0
42 853 0
43 380 0
380 511 0
380 536 0
380 727 0
444 497 0
444 580 0
444 910 0
444 452 0
444 358 0
519 340 0
519 808 0
46 326 0
326 790 0
326 245 0
326 99 0
47 928 0
928 667 0
48 541 0
541 677 0
541 814 0
541 976 0
49 322 0
49 563 0
49 705 0
322 384 0
322 568 0
322 844 0
563 183 0
563 917 0
50 494 0
494 269 0
494 306 0
51 457 0
51 481 0
51 523 0
481 731 0
481 769 0
52 887 0
887 107 0
887 210 0
887 980 0
53 178 0
178 417 0
178 560 0
178 982 0
54 598 0
598 86 0
598 688 0
55 202 0
55 225 0
202 572 0
202 691 0
202 745 0
225 384 0
57 940 0
940 222 0
58 206 0
58 578 0
58 751 0
58 804 0
58 829 0
206 257 0
206 282 0
206 385 0
59 699 0
699 130 0
699 239 0
699 962 0
699 131 0
60 337 0
337 244 0
337 591 0
337 905 0
61 245 0
61 391 0
61 456 0
61 525 0
61 557 0
245 910 0
62 285 0
285 288 0
285 709 0
285 723 0
63 526 0
526 710 0
526 808 0
526 960 0
526 374 0
64 287 0
287 557 0
287 661 0
287 708 0
287 901 0
287 109 0
65 376 0
65 615 0
376 119 0
376 765 0
376 851 0
376 995 0
66 932 0
932 334 0
67 332 0
67 629 0
67 917 0
67 980 0
332 369 0
332 655 0
332 589 0
629 881 0
68 590 0
590 171 0
69 937 0
937 401 0
70 660 0
660 367 0
660 692 0
71 341 0
71 352 0
71 552 0
71 818 0
71 1000 0
72 109 0
72 141 0
72 158 0
72 266 0
72 834 0
72 958 0
141 283 0
141 800 0
141 804 0
74 227 0
227 320 0
227 727 0
227 733 0
75 282 0
282 151 0
76 194 0
76 235 0
76 675 0
76 819 0
194 333 0
194 340 0
235 114 0
235 633 0
235 666 0
77 219 0
77 739 0
77 761 0
77 871 0
219 338 0
219 379 0
78 386 0
386 527 0
386 579 0
386 771 0
386 793 0
79 983 0
983 154 0
983 296 0
80 253 0
253 325 0
253 688 0
253 749 0
81 297 0
81 453 0
81 873 0
81 875 0
81 877 0
81 924 0
297 841 0
297 491 0
297 583 0
453 100 0
453 547 0
83 406 0
406 482 0
406 524 0
406 746 0
84 512 0
512 231 0
512 398 0
512 878 0
85 102 0
85 230 0
85 720 0
85 734 0
102 343 0
102 656 0
102 673 0
230 214 0
230 659 0
230 870 0
230 990 0
87 682 0
682 355 0
682 402 0
88 604 0
604 559 0
90 281 0
90 689 0
281 183 0
281 284 0
281 607 0
281 695 0
91 461 0
461 175 0
461 187 0
461 413 0
93 754 0
754 851 0
754 909 0
754 546 0
754 583 0
94 615 0
615 136 0
615 162 0
615 291 0
95 613 0
613 522 0
96 148 0
96 410 0
96 821 0
96 910 0
96 982 0
148 522 0
97 318 0
318 115 0
318 381 0
318 926 0
98 610 0
610 501 0
99 142 0
99 144 0
99 249 0
142 224 0
142 242 0
142 517 0
144 350 0
144 523 0
144 553 0
144 736 0
100 300 0
100 586 0
586 362 0
586 547 0
103 106 0
103 822 0
103 979 0
106 400 0
106 558 0
106 623 0
106 694 0
105 908 0
908 640 0
400 301 0
558 599 0
558 602 0
558 182 0
558 625 0
623 858 0
623 495 0
108 147 0
108 149 0
108 284 0
108 596 0
108 731 0
108 757 0
284 370 0
596 850 0
596 231 0
110 323 0
323 302 0
323 816 0
111 904 0
904 702 0
112 201 0
201 504 0
201 618 0
201 837 0
201 862 0
113 914 0
914 809 0
914 557 0
114 387 0
114 556 0
114 888 0
117 521 0
117 565 0
117 607 0
117 988 0
118 278 0
278 232 0
278 803 0
121 204 0
204 195 0
204 685 0
204 846 0
122 564 0
564 378 0
564 389 0
123 942 0
942 722 0
942 813 0
942 293 0
942 296 0
124 530 0
530 216 0
530 495 0
530 799 0
125 283 0
283 221 0
283 513 0
126 346 0
346 588 0
346 890 0
346 970 0
127 145 0
145 503 0
145 516 0
145 522 0
128 540 0
540 433 0
540 479 0
540 445 0
131 933 0
132 423 0
423 584 0
423 348 0
423 906 0
133 548 0
133 549 0
133 582 0
133 923 0
133 925 0
134 611 0
611 755 0
611 782 0
135 760 0
760 838 0
137 286 0
286 638 0
286 648 0
286 856 0
286 962 0
138 172 0
138 390 0
138 690 0
138 711 0
690 824 0
140 338 0
338 443 0
338 992 0
800 537 0
800 844 0
224 734 0
143 866 0
866 252 0
866 447 0
866 537 0
350 573 0
350 808 0
350 972 0
523 351 0
523 544 0
146 639 0
639 186 0
639 614 0
150 308 0
308 234 0
308 736 0
308 768 0
152 362 0
362 939 0
362 986 0
155 883 0
883 403 0
156 543 0
156 569 0
156 750 0
156 953 0
569 174 0
569 217 0
569 316 0
569 412 0
569 568 0
157 571 0
157 583 0
157 624 0
157 789 0
571 301 0
571 474 0
159 491 0
491 164 0
491 381 0
162 361 0
162 672 0
361 169 0
361 394 0
361 930 0
416 258 0
416 311 0
416 437 0
600 469 0
633 347 0
633 714 0
633 844 0
165 999 0
999 879 0
166 259 0
166 268 0
166 775 0
166 793 0
259 290 0
259 740 0
167 490 0
490 236 0
490 827 0
170 358 0
358 327 0
358 354 0
173 179 0
173 475 0
173 748 0
173 767 0
173 784 0
173 878 0
174 846 0
176 307 0
176 466 0
307 370 0
307 696 0
307 211 0
180 333 0
333 535 0
333 695 0
333 789 0
333 925 0
181 452 0
452 275 0
452 647 0
182 280 0
182 641 0
280 250 0
280 576 0
280 709 0
280 757 0
183 488 0
183 528 0
183 580 0
488 257 0
488 944 0
528 666 0
186 509 0
509 527 0
509 707 0
509 917 0
190 273 0
190 336 0
190 508 0
190 822 0
191 371 0
371 429 0
371 472 0
192 205 0
205 646 0
205 862 0
196 217 0
217 228 0
217 377 0
217 806 0
197 458 0
197 642 0
197 788 0
197 976 0
198 955 0
955 324 0
955 717 0
199 854 0
854 716 0
200 567 0
567 335 0
567 715 0
257 310 0
257 486 0
257 762 0
207 900 0
900 209 0
208 735 0
735 815 0
211 223 0
211 692 0
223 592 0
223 707 0
223 756 0
223 870 0
212 649 0
649 449 0
213 409 0
213 553 0
213 609 0
213 1000 0
409 314 0
409 408 0
553 438 0
553 705 0
553 720 0
215 484 0
484 267 0
484 727 0
484 916 0
220 448 0
448 427 0
448 658 0
448 850 0
707 994 0
707 295 0
292 725 0
292 792 0
292 845 0
231 966 0
233 366 0
366 759 0
366 869 0
366 654 0
366 902 0
237 626 0
237 664 0
237 849 0
237 929 0
238 249 0
249 328 0
249 865 0
240 616 0
616 383 0
616 413 0
616 496 0
243 913 0
913 347 0
913 382 0
913 657 0
246 550 0
550 347 0
550 388 0
550 708 0
248 936 0
936 256 0
936 487 0
936 849 0
389 289 0
688 862 0
254 769 0
769 436 0
255 985 0
985 915 0
290 531 0
290 671 0
290 911 0
260 957 0
957 368 0
261 544 0
544 732 0
544 918 0
262 340 0
340 733 0
340 921 0
340 956 0
340 997 0
263 431 0
431 272 0
431 534 0
431 654 0
264 637 0
637 545 0
265 927 0
927 363 0
927 737 0
270 950 0
950 828 0
950 835 0
272 863 0
863 849 0
274 442 0
442 650 0
442 817 0
276 666 0
666 651 0
277 974 0
974 779 0
279 353 0
353 381 0
353 439 0
353 718 0
607 573 0
708 347 0
289 384 0
289 445 0
384 740 0
293 303 0
293 734 0
303 432 0
294 304 0
304 440 0
304 628 0
304 805 0
295 485 0
295 684 0
485 420 0
485 703 0
485 826 0
485 789 0
485 964 0
296 445 0
445 428 0
445 505 0
841 588 0
841 843 0
298 359 0
298 471 0
298 483 0
298 628 0
301 413 0
301 546 0
413 466 0
546 696 0
305 796 0
796 627 0
370 321 0
370 729 0
370 730 0
370 998 0
696 532 0
696 585 0
309 701 0
701 766 0
314 698 0
314 832 0
314 857 0
316 381 0
316 808 0
316 938 0
317 466 0
466 780 0
466 969 0
319 428 0
428 374 0
428 635 0
329 622 0
622 393 0
622 628 0
330 772 0
772 395 0
772 555 0
331 348 0
331 379 0
331 581 0
379 807 0
379 878 0
379 973 0
369 422 0
369 478 0
369 716 0
695 982 0
733 477 0
956 430 0
588 856 0
347 654 0
347 731 0
731 505 0
573 465 0
573 972 0
351 392 0
351 747 0
351 826 0
351 859 0
356 684 0
684 681 0
684 830 0
364 991 0
991 670 0
991 736 0
365 719 0
719 608 0
372 935 0
935 434 0
373 408 0
408 802 0
375 824 0
824 542 0
765 620 0
878 893 0
878 499 0
385 788 0
385 975 0
975 705 0
527 497 0
396 641 0
397 724 0
724 612 0
724 794 0
724 852 0
399 474 0
474 455 0
474 464 0
609 493 0
405 460 0
460 495 0
460 783 0
460 880 0
412 520 0
412 551 0
412 757 0
412 907 0
418 978 0
978 574 0
419 868 0
868 683 0
421 581 0
581 515 0
581 945 0
426 489 0
426 506 0
426 848 0
426 850 0
430 686 0
686 864 0
435 951 0
951 459 0
441 500 0
500 713 0
500 801 0
580 833 0
580 925 0
505 507 0
505 653 0
505 891 0
446 539 0
539 697 0
539 919 0
450 577 0
577 692 0
577 712 0
451 589 0
589 687 0
454 979 0
462 881 0
470 994 0
477 561 0
477 849 0
477 959 0
477 963 0
480 734 0
734 619 0
493 777 0
493 847 0
493 984 0
777 720 0
499 655 0
655 886 0
655 971 0
510 968 0
968 597 0
518 689 0
689 812 0
537 679 0
537 944 0
538 554 0
554 617 0
554 889 0
547 591 0
547 612 0
547 938 0
833 898 0
594 776 0
776 894 0
850 987 0
603 694 0
694 791 0
694 952 0
620 846 0
628 720 0
720 958 0
720 962 0
933 709 0
714 793 0
665 966 0
966 874 0
966 996 0
668 864 0
672 822 0
672 844 0
672 862 0
678 920 0
920 882 0
693 709 0
962 818 0
958 876 0
917 837 0
727 740 0
727 867 0
727 899 0
740 902 0
728 896 0
896 831 0
896 855 0
741 898 0
898 836 0
898 941 0
876 892 0
884 944 0
