672 699 0
1 279 0
279 72 0
279 290 0
2 665 0
665 65 0
3 109 0
3 139 0
3 554 0
3 563 0
3 671 0
109 165 0
109 197 0
109 384 0
109 649 0
139 177 0
139 436 0
139 561 0
139 591 0
554 288 0
554 116 0
4 616 0
616 294 0
5 47 0
5 228 0
5 381 0
5 691 0
47 125 0
47 146 0
47 465 0
228 308 0
228 488 0
228 668 0
6 33 0
6 150 0
6 331 0
6 336 0
6 374 0
331 610 0
7 12 0
12 509 0
12 569 0
12 628 0
8 292 0
292 28 0
292 127 0
292 421 0
292 562 0
9 354 0
354 287 0
354 336 0
10 195 0
195 134 0
195 178 0
195 347 0
195 379 0
11 189 0
11 283 0
11 681 0
189 64 0
189 538 0
189 604 0
189 661 0
13 332 0
332 91 0
332 51 0
332 454 0
14 519 0
519 400 0
15 147 0
15 199 0
15 309 0
15 698 0
147 333 0
147 373 0
199 21 0
199 158 0
199 339 0
16 529 0
529 182 0
529 325 0
529 126 0
529 391 0
17 432 0
432 470 0
18 28 0
18 114 0
18 131 0
18 277 0
18 496 0
28 386 0
19 252 0
19 387 0
19 467 0
19 469 0
387 162 0
387 227 0
387 362 0
20 149 0
20 219 0
20 274 0
20 626 0
219 32 0
219 324 0
22 53 0
53 51 0
53 198 0
53 266 0
23 324 0
324 280 0
324 340 0
24 37 0
24 426 0
24 484 0
24 500 0
24 621 0
25 146 0
25 391 0
25 405 0
25 489 0
25 516 0
146 317 0
391 307 0
391 606 0
26 557 0
557 603 0
557 639 0
27 434 0
434 93 0
434 312 0
434 698 0
29 307 0
307 498 0
30 77 0
30 172 0
30 457 0
30 578 0
77 309 0
77 479 0
77 599 0
172 110 0
172 348 0
172 651 0
31 39 0
31 52 0
31 82 0
31 229 0
39 544 0
52 54 0
52 313 0
52 606 0
32 152 0
32 535 0
32 568 0
34 410 0
410 302 0
410 460 0
410 533 0
35 101 0
35 546 0
35 621 0
35 656 0
36 556 0
556 309 0
556 697 0
556 69 0
38 503 0
503 62 0
40 102 0
40 227 0
40 229 0
40 275 0
102 423 0
102 283 0
227 339 0
227 462 0
229 479 0
229 485 0
41 238 0
41 242 0
41 385 0
41 597 0
238 514 0
238 208 0
42 96 0
42 217 0
42 231 0
96 167 0
96 232 0
96 301 0
96 312 0
43 117 0
43 181 0
43 359 0
43 459 0
44 544 0
544 194 0
544 585 0
544 94 0
544 420 0
544 245 0
45 142 0
142 71 0
142 243 0
142 518 0
46 295 0
295 377 0
295 446 0
295 466 0
48 679 0
679 370 0
49 51 0
49 54 0
49 618 0
49 698 0
54 319 0
50 694 0
694 184 0
694 342 0
55 163 0
163 289 0
163 344 0
163 596 0
56 550 0
550 206 0
550 404 0
57 255 0
255 396 0
255 511 0
58 83 0
58 226 0
58 514 0
83 218 0
83 329 0
83 571 0
83 600 0
226 126 0
226 271 0
226 539 0
226 622 0
59 115 0
115 79 0
115 309 0
115 442 0
115 486 0
115 598 0
115 636 0
60 625 0
625 326 0
625 399 0
61 378 0
61 581 0
378 245 0
378 392 0
378 421 0
63 151 0
151 200 0
151 327 0
151 478 0
151 652 0
64 339 0
66 171 0
66 322 0
66 468 0
66 596 0
67 693 0
693 339 0
693 364 0
693 523 0
68 444 0
444 235 0
444 579 0
69 337 0
337 164 0
337 352 0
337 460 0
337 619 0
337 390 0
337 659 0
70 282 0
282 153 0
282 272 0
71 303 0
73 453 0
453 411 0
453 500 0
74 461 0
461 235 0
461 276 0
461 524 0
75 692 0
692 483 0
76 452 0
452 129 0
452 161 0
309 390 0
309 286 0
78 108 0
78 251 0
78 389 0
78 674 0
108 355 0
108 369 0
251 319 0
251 601 0
80 288 0
288 231 0
288 350 0
288 530 0
288 673 0
81 173 0
81 257 0
81 536 0
81 608 0
81 648 0
173 578 0
173 319 0
257 203 0
257 215 0
257 393 0
82 187 0
82 330 0
82 691 0
187 476 0
187 584 0
187 639 0
330 323 0
330 333 0
330 384 0
330 474 0
330 660 0
218 459 0
218 588 0
84 630 0
630 170 0
85 87 0
85 140 0
85 424 0
85 584 0
87 221 0
87 313 0
86 168 0
86 502 0
86 552 0
86 599 0
86 664 0
168 381 0
88 269 0
269 143 0
269 350 0
89 430 0
430 655 0
90 567 0
567 553 0
567 685 0
92 381 0
381 277 0
94 209 0
209 356 0
209 413 0
209 487 0
209 540 0
95 477 0
477 211 0
477 462 0
232 216 0
232 275 0
232 486 0
232 534 0
97 491 0
491 448 0
491 137 0
98 333 0
98 512 0
98 526 0
98 676 0
333 641 0
333 646 0
99 221 0
221 180 0
221 482 0
221 627 0
100 118 0
100 236 0
100 281 0
100 318 0
103 156 0
156 433 0
156 596 0
156 686 0
104 351 0
104 439 0
104 482 0
104 548 0
105 456 0
456 137 0
456 213 0
456 355 0
456 358 0
106 201 0
201 175 0
201 368 0
201 440 0
107 634 0
634 443 0
355 162 0
197 534 0
197 581 0
111 224 0
111 300 0
111 501 0
111 660 0
112 449 0
449 413 0
113 241 0
241 231 0
241 398 0
241 520 0
116 204 0
116 423 0
116 545 0
423 319 0
119 672 0
672 248 0
672 347 0
120 528 0
528 459 0
121 662 0
662 480 0
662 281 0
122 515 0
515 246 0
515 293 0
123 212 0
123 366 0
123 402 0
123 408 0
124 428 0
428 145 0
428 253 0
428 599 0
126 588 0
128 296 0
128 314 0
128 335 0
128 660 0
130 666 0
666 262 0
132 208 0
208 225 0
208 265 0
133 339 0
133 505 0
133 542 0
133 595 0
339 571 0
135 646 0
646 438 0
646 687 0
646 234 0
136 183 0
183 285 0
183 323 0
183 476 0
137 275 0
275 402 0
138 166 0
138 200 0
166 402 0
166 409 0
166 683 0
177 154 0
177 316 0
141 159 0
159 304 0
159 454 0
159 613 0
144 374 0
144 416 0
144 440 0
144 696 0
374 421 0
374 537 0
317 353 0
148 217 0
217 240 0
217 425 0
217 427 0
200 559 0
153 154 0
153 588 0
154 256 0
154 558 0
154 583 0
155 599 0
155 612 0
155 640 0
155 647 0
157 160 0
160 459 0
160 497 0
160 669 0
454 240 0
459 677 0
162 193 0
162 499 0
169 286 0
286 261 0
286 435 0
174 179 0
179 272 0
179 315 0
179 345 0
179 346 0
176 207 0
207 237 0
207 569 0
207 631 0
272 569 0
185 382 0
382 463 0
382 549 0
186 534 0
534 565 0
534 633 0
476 316 0
476 373 0
188 230 0
230 281 0
230 343 0
230 420 0
230 574 0
538 445 0
538 388 0
190 365 0
365 267 0
365 644 0
365 345 0
191 441 0
441 240 0
192 320 0
192 414 0
192 572 0
192 700 0
196 671 0
671 334 0
671 571 0
671 379 0
671 268 0
559 263 0
202 321 0
202 620 0
202 677 0
321 268 0
321 306 0
321 463 0
321 356 0
321 642 0
205 471 0
471 273 0
471 384 0
471 395 0
237 393 0
210 578 0
578 451 0
214 347 0
214 474 0
347 447 0
216 311 0
216 419 0
216 369 0
240 383 0
220 338 0
220 397 0
220 543 0
220 474 0
482 313 0
222 635 0
635 244 0
635 258 0
223 447 0
447 437 0
479 312 0
479 563 0
479 677 0
281 393 0
231 514 0
231 581 0
514 485 0
233 316 0
316 614 0
316 658 0
234 594 0
594 379 0
594 406 0
594 494 0
235 563 0
239 638 0
638 460 0
383 336 0
245 319 0
319 369 0
247 695 0
695 305 0
695 605 0
249 394 0
394 401 0
394 680 0
394 463 0
250 508 0
508 349 0
254 620 0
620 440 0
620 611 0
259 678 0
678 341 0
678 592 0
678 618 0
260 667 0
667 361 0
667 412 0
264 299 0
299 573 0
299 576 0
268 353 0
268 615 0
268 627 0
353 393 0
353 587 0
353 654 0
270 537 0
537 429 0
537 474 0
537 517 0
277 373 0
373 372 0
373 431 0
278 328 0
328 474 0
328 377 0
328 493 0
393 313 0
283 418 0
283 573 0
283 602 0
284 506 0
506 417 0
506 473 0
506 675 0
291 601 0
601 371 0
601 684 0
377 478 0
297 504 0
504 375 0
298 610 0
610 376 0
610 527 0
610 660 0
303 586 0
303 682 0
303 690 0
310 525 0
525 513 0
313 690 0
384 644 0
641 407 0
345 531 0
345 681 0
531 478 0
681 637 0
357 581 0
581 380 0
581 522 0
360 388 0
388 403 0
388 521 0
362 420 0
362 458 0
362 472 0
363 643 0
643 475 0
643 564 0
367 588 0
386 440 0
386 473 0
386 485 0
422 589 0
589 617 0
445 621 0
457 590 0
457 663 0
457 688 0
563 699 0
481 609 0
481 645 0
510 577 0
577 555 0
577 560 0
569 606 0
