650 699 0
1 148 0
148 459 0
148 464 0
148 496 0
2 242 0
242 146 0
242 576 0
242 618 0
3 265 0
265 476 0
265 654 0
265 671 0
265 694 0
4 478 0
478 66 0
478 219 0
478 264 0
5 121 0
121 141 0
121 394 0
121 398 0
121 583 0
6 449 0
449 167 0
7 46 0
46 168 0
46 445 0
46 579 0
8 85 0
8 205 0
8 457 0
8 662 0
9 652 0
652 151 0
652 663 0
10 14 0
10 21 0
10 250 0
14 287 0
14 363 0
14 374 0
21 59 0
21 324 0
21 485 0
11 493 0
11 585 0
493 147 0
493 528 0
493 624 0
12 120 0
12 331 0
12 411 0
12 557 0
12 569 0
120 89 0
120 103 0
13 145 0
13 260 0
13 326 0
13 700 0
260 53 0
15 443 0
443 117 0
443 203 0
443 101 0
16 52 0
16 182 0
16 284 0
16 538 0
16 547 0
52 114 0
52 399 0
52 609 0
52 675 0
182 214 0
284 18 0
538 86 0
17 612 0
612 341 0
612 458 0
612 55 0
612 149 0
612 57 0
18 51 0
18 240 0
18 364 0
18 473 0
18 686 0
51 73 0
51 235 0
240 55 0
364 72 0
364 614 0
19 305 0
305 446 0
305 453 0
305 521 0
20 157 0
20 576 0
20 598 0
20 622 0
157 22 0
157 193 0
157 401 0
576 96 0
23 128 0
128 281 0
128 340 0
128 610 0
24 566 0
566 326 0
25 42 0
25 263 0
25 429 0
25 569 0
42 413 0
42 497 0
26 68 0
68 540 0
68 605 0
68 632 0
27 189 0
27 256 0
27 337 0
189 429 0
189 497 0
189 522 0
256 30 0
256 33 0
256 49 0
256 99 0
28 409 0
409 637 0
409 639 0
409 700 0
29 100 0
29 282 0
29 391 0
282 247 0
282 445 0
282 496 0
282 578 0
31 365 0
31 461 0
31 564 0
31 594 0
365 35 0
365 268 0
461 505 0
32 318 0
32 338 0
32 373 0
32 503 0
338 181 0
34 574 0
574 158 0
574 252 0
35 505 0
35 622 0
36 598 0
598 166 0
598 633 0
37 542 0
542 487 0
542 640 0
542 39 0
38 314 0
314 151 0
314 479 0
314 592 0
314 194 0
39 199 0
39 382 0
39 420 0
39 622 0
199 94 0
199 135 0
199 657 0
382 146 0
382 191 0
420 264 0
420 296 0
40 387 0
387 289 0
387 292 0
41 116 0
116 77 0
116 108 0
116 126 0
43 211 0
211 103 0
211 459 0
44 412 0
412 92 0
412 146 0
412 229 0
412 290 0
45 558 0
558 123 0
168 502 0
168 89 0
47 84 0
84 258 0
84 291 0
84 345 0
84 570 0
84 625 0
48 60 0
48 489 0
48 690 0
48 698 0
49 244 0
49 550 0
244 138 0
244 165 0
244 484 0
550 144 0
50 510 0
510 221 0
510 289 0
510 92 0
114 371 0
399 235 0
399 533 0
609 643 0
609 230 0
609 650 0
53 353 0
53 384 0
53 488 0
53 675 0
353 56 0
353 187 0
353 188 0
353 648 0
54 201 0
201 246 0
201 349 0
201 661 0
201 693 0
55 131 0
55 264 0
131 63 0
131 418 0
131 421 0
131 540 0
131 619 0
264 482 0
56 337 0
56 398 0
56 666 0
337 61 0
337 456 0
337 524 0
57 477 0
57 591 0
477 301 0
477 504 0
477 281 0
477 194 0
58 575 0
575 183 0
62 681 0
681 245 0
681 341 0
681 278 0
63 191 0
63 425 0
64 368 0
368 355 0
368 474 0
368 528 0
65 427 0
427 326 0
67 150 0
67 151 0
150 90 0
150 180 0
150 498 0
540 181 0
69 179 0
69 330 0
69 366 0
69 573 0
69 631 0
179 235 0
179 522 0
70 522 0
522 87 0
71 214 0
214 494 0
72 90 0
72 154 0
72 210 0
72 222 0
72 405 0
90 466 0
154 144 0
210 99 0
210 178 0
210 198 0
73 599 0
73 645 0
73 686 0
73 696 0
74 291 0
74 302 0
74 383 0
74 692 0
291 603 0
302 152 0
75 127 0
127 306 0
127 545 0
127 583 0
127 557 0
76 370 0
370 103 0
370 146 0
370 80 0
370 223 0
78 191 0
191 80 0
191 447 0
191 456 0
79 572 0
572 270 0
80 650 0
81 91 0
81 118 0
81 333 0
81 376 0
118 391 0
118 404 0
118 434 0
118 517 0
82 106 0
82 516 0
82 613 0
106 278 0
106 335 0
106 344 0
516 83 0
87 299 0
87 451 0
87 528 0
299 621 0
299 231 0
451 456 0
451 462 0
451 579 0
451 596 0
451 633 0
88 310 0
88 468 0
88 646 0
88 697 0
89 303 0
89 311 0
89 403 0
89 519 0
303 343 0
92 454 0
93 283 0
283 185 0
283 204 0
283 293 0
283 668 0
283 506 0
95 532 0
532 401 0
96 276 0
96 297 0
96 579 0
276 241 0
276 243 0
276 415 0
297 253 0
297 267 0
297 402 0
297 414 0
297 452 0
97 316 0
316 123 0
316 259 0
316 410 0
98 406 0
98 457 0
406 304 0
406 563 0
99 643 0
101 149 0
101 604 0
149 369 0
149 380 0
102 688 0
688 286 0
103 627 0
104 455 0
455 130 0
455 482 0
455 602 0
455 225 0
455 266 0
105 251 0
105 321 0
105 469 0
105 697 0
251 231 0
251 377 0
321 343 0
321 442 0
278 643 0
107 195 0
195 236 0
195 332 0
109 342 0
342 289 0
110 380 0
380 254 0
111 156 0
111 320 0
111 327 0
156 430 0
112 413 0
413 511 0
413 695 0
413 699 0
113 530 0
530 279 0
530 361 0
115 514 0
514 501 0
391 627 0
434 207 0
434 209 0
434 444 0
119 272 0
119 298 0
119 304 0
119 481 0
122 627 0
627 313 0
627 584 0
627 293 0
123 692 0
123 700 0
124 137 0
124 247 0
137 379 0
137 548 0
137 555 0
137 579 0
125 471 0
125 476 0
125 512 0
125 600 0
126 142 0
126 389 0
126 552 0
126 611 0
142 325 0
142 450 0
142 559 0
552 273 0
552 436 0
281 177 0
129 679 0
679 275 0
679 569 0
132 687 0
687 218 0
687 527 0
133 357 0
357 454 0
134 495 0
495 334 0
495 400 0
136 215 0
136 293 0
136 511 0
215 181 0
215 594 0
215 604 0
293 571 0
511 628 0
555 207 0
555 544 0
139 369 0
369 683 0
369 241 0
140 571 0
571 257 0
571 438 0
143 682 0
682 285 0
682 585 0
682 173 0
682 207 0
144 551 0
144 586 0
551 238 0
586 309 0
146 430 0
146 568 0
430 207 0
151 386 0
386 203 0
386 520 0
386 536 0
152 198 0
152 425 0
152 506 0
152 604 0
198 200 0
198 317 0
425 175 0
604 428 0
153 234 0
153 639 0
153 445 0
234 220 0
234 225 0
234 341 0
155 249 0
249 470 0
249 528 0
249 615 0
193 568 0
193 517 0
159 620 0
620 171 0
620 579 0
160 377 0
377 208 0
377 315 0
161 621 0
621 336 0
621 203 0
162 603 0
603 639 0
163 636 0
636 212 0
636 581 0
164 184 0
164 220 0
164 277 0
164 553 0
220 194 0
220 648 0
220 502 0
169 642 0
642 497 0
170 491 0
491 206 0
172 597 0
597 381 0
597 467 0
173 235 0
173 378 0
173 505 0
173 577 0
235 482 0
378 197 0
378 354 0
505 677 0
174 431 0
431 483 0
176 300 0
300 356 0
177 294 0
177 432 0
177 539 0
178 268 0
181 639 0
181 671 0
186 322 0
322 261 0
187 190 0
187 375 0
187 441 0
188 329 0
188 535 0
188 541 0
192 371 0
371 554 0
371 684 0
236 594 0
196 231 0
231 397 0
202 556 0
556 562 0
556 655 0
203 499 0
207 233 0
233 217 0
233 323 0
233 482 0
233 546 0
213 676 0
676 417 0
216 623 0
623 424 0
224 664 0
664 280 0
226 667 0
667 665 0
227 247 0
247 492 0
228 261 0
261 266 0
261 497 0
230 232 0
230 266 0
230 588 0
230 617 0
482 339 0
482 585 0
237 502 0
502 520 0
502 651 0
239 614 0
614 567 0
248 262 0
262 583 0
262 626 0
262 641 0
250 319 0
250 625 0
250 659 0
255 466 0
466 407 0
466 520 0
466 587 0
267 544 0
268 518 0
268 611 0
268 613 0
518 289 0
611 698 0
269 591 0
591 590 0
271 437 0
437 308 0
437 416 0
274 534 0
534 362 0
534 469 0
445 408 0
496 454 0
578 396 0
288 549 0
549 557 0
295 515 0
515 390 0
304 423 0
304 622 0
423 606 0
307 350 0
307 537 0
537 372 0
312 674 0
674 385 0
326 568 0
339 358 0
346 383 0
383 352 0
383 457 0
347 433 0
433 460 0
454 497 0
360 401 0
360 480 0
401 568 0
367 544 0
544 428 0
544 565 0
528 613 0
372 561 0
457 648 0
395 547 0
547 408 0
419 643 0
643 669 0
426 607 0
607 513 0
439 517 0
517 526 0
440 650 0
650 475 0
497 666 0
499 577 0
499 680 0
564 568 0
564 658 0
658 661 0
570 622 0
631 644 0
631 675 0
