956 999 0
1 85 0
85 399 0
85 583 0
85 727 0
85 934 0
2 274 0
2 676 0
2 711 0
2 913 0
274 236 0
274 616 0
274 653 0
676 28 0
676 518 0
3 305 0
305 103 0
305 155 0
305 170 0
305 885 0
305 74 0
4 470 0
4 558 0
4 673 0
470 105 0
470 436 0
470 873 0
470 943 0
470 151 0
470 949 0
5 667 0
667 454 0
6 55 0
6 251 0
6 560 0
6 749 0
7 277 0
277 199 0
277 362 0
277 755 0
8 524 0
524 360 0
524 891 0
524 121 0
9 338 0
9 566 0
9 852 0
9 911 0
10 312 0
312 120 0
312 147 0
312 642 0
312 722 0
11 44 0
44 172 0
44 212 0
44 803 0
44 812 0
44 936 0
12 599 0
599 106 0
599 135 0
599 220 0
13 101 0
13 150 0
13 303 0
13 739 0
101 15 0
101 520 0
101 647 0
14 816 0
816 478 0
816 796 0
816 930 0
15 180 0
15 201 0
16 441 0
441 52 0
441 53 0
441 224 0
17 25 0
17 267 0
17 396 0
17 420 0
267 48 0
267 776 0
18 577 0
18 831 0
18 964 0
18 965 0
577 367 0
577 368 0
831 700 0
831 405 0
19 233 0
233 45 0
233 258 0
233 347 0
233 462 0
233 574 0
233 585 0
233 612 0
20 428 0
428 158 0
428 570 0
21 111 0
111 290 0
111 483 0
111 556 0
22 159 0
159 198 0
159 562 0
159 838 0
23 394 0
394 89 0
394 200 0
394 445 0
24 457 0
457 476 0
457 487 0
457 802 0
457 720 0
26 473 0
473 236 0
473 440 0
473 968 0
27 984 0
984 439 0
29 946 0
946 383 0
30 177 0
177 120 0
177 414 0
177 432 0
31 144 0
31 355 0
144 285 0
144 398 0
144 869 0
32 163 0
32 859 0
32 945 0
32 952 0
32 983 0
163 254 0
163 516 0
859 545 0
945 558 0
945 124 0
945 415 0
945 492 0
33 148 0
148 565 0
148 824 0
148 490 0
148 929 0
34 174 0
34 226 0
34 702 0
34 804 0
174 806 0
35 228 0
228 59 0
228 235 0
228 340 0
228 377 0
36 592 0
592 210 0
37 508 0
508 378 0
508 533 0
38 339 0
38 417 0
38 750 0
38 980 0
39 580 0
39 694 0
39 780 0
39 863 0
694 776 0
40 62 0
62 639 0
62 944 0
62 961 0
41 643 0
643 143 0
643 449 0
643 830 0
42 68 0
42 130 0
42 293 0
42 489 0
42 586 0
68 663 0
68 685 0
68 708 0
68 873 0
68 924 0
293 161 0
293 579 0
293 448 0
43 92 0
43 323 0
43 551 0
92 227 0
92 346 0
92 717 0
323 136 0
323 189 0
323 578 0
172 59 0
172 406 0
45 335 0
45 367 0
335 121 0
335 702 0
335 944 0
335 965 0
335 343 0
335 362 0
46 919 0
919 214 0
919 431 0
919 938 0
47 116 0
47 229 0
47 553 0
47 618 0
229 242 0
229 563 0
48 82 0
48 184 0
48 343 0
48 575 0
82 160 0
82 182 0
82 198 0
82 199 0
82 299 0
82 742 0
184 287 0
184 429 0
184 684 0
184 954 0
184 974 0
575 107 0
575 433 0
575 698 0
49 624 0
49 772 0
49 884 0
772 685 0
50 468 0
468 59 0
468 438 0
468 890 0
468 481 0
51 896 0
896 416 0
53 93 0
53 422 0
53 481 0
53 727 0
93 110 0
93 248 0
93 290 0
93 374 0
93 569 0
93 957 0
422 904 0
481 692 0
481 967 0
481 235 0
54 349 0
54 379 0
54 645 0
54 762 0
349 775 0
379 471 0
379 670 0
379 814 0
379 102 0
645 474 0
645 707 0
56 261 0
261 97 0
261 649 0
261 910 0
57 806 0
806 546 0
58 206 0
206 158 0
206 662 0
206 689 0
206 836 0
59 115 0
59 154 0
59 719 0
59 765 0
59 815 0
115 291 0
115 358 0
154 327 0
154 941 0
154 469 0
719 905 0
60 317 0
60 337 0
60 652 0
61 153 0
61 168 0
61 171 0
61 221 0
61 762 0
61 937 0
168 456 0
168 954 0
171 234 0
171 613 0
221 88 0
221 94 0
63 463 0
63 705 0
63 911 0
63 953 0
64 357 0
64 536 0
64 672 0
357 73 0
357 709 0
357 306 0
65 198 0
65 280 0
65 400 0
65 478 0
65 620 0
198 175 0
198 558 0
66 114 0
66 385 0
66 490 0
66 491 0
490 480 0
67 306 0
67 415 0
67 668 0
67 767 0
306 613 0
306 660 0
306 347 0
415 796 0
663 321 0
663 345 0
663 446 0
685 985 0
708 355 0
708 248 0
69 734 0
734 650 0
70 746 0
746 713 0
71 434 0
434 132 0
434 314 0
434 748 0
434 802 0
72 97 0
72 155 0
72 469 0
72 623 0
97 738 0
97 775 0
155 509 0
155 790 0
155 982 0
74 158 0
74 161 0
158 91 0
158 633 0
158 827 0
75 208 0
208 849 0
208 920 0
208 983 0
76 916 0
916 458 0
916 503 0
77 245 0
77 782 0
77 817 0
245 87 0
245 370 0
782 329 0
782 389 0
78 215 0
215 156 0
215 622 0
79 289 0
289 594 0
289 785 0
289 807 0
80 700 0
700 726 0
81 665 0
665 397 0
665 327 0
665 418 0
160 411 0
199 176 0
199 402 0
199 720 0
83 164 0
83 308 0
83 535 0
83 760 0
83 1000 0
164 501 0
164 571 0
164 701 0
164 809 0
308 384 0
308 328 0
308 374 0
535 525 0
84 88 0
88 809 0
88 894 0
583 124 0
583 404 0
86 122 0
86 178 0
86 214 0
86 279 0
87 619 0
87 909 0
619 207 0
619 315 0
809 788 0
809 958 0
809 237 0
90 699 0
699 296 0
91 788 0
91 799 0
91 954 0
788 460 0
788 720 0
788 892 0
788 378 0
290 603 0
374 805 0
94 187 0
94 322 0
94 648 0
94 712 0
648 421 0
648 281 0
648 904 0
95 288 0
288 433 0
288 576 0
288 950 0
96 520 0
520 162 0
98 406 0
406 138 0
406 886 0
99 502 0
99 581 0
99 677 0
99 869 0
100 625 0
625 801 0
102 142 0
102 367 0
142 108 0
142 571 0
142 605 0
142 786 0
103 632 0
103 750 0
104 364 0
364 365 0
364 839 0
364 382 0
109 846 0
846 543 0
846 552 0
846 220 0
112 283 0
283 214 0
283 544 0
113 889 0
889 691 0
889 944 0
889 947 0
117 192 0
192 353 0
192 616 0
192 766 0
118 738 0
738 634 0
738 826 0
738 969 0
119 328 0
328 211 0
328 292 0
120 448 0
120 832 0
121 195 0
195 194 0
195 333 0
195 695 0
123 295 0
123 641 0
123 1000 0
295 231 0
295 750 0
295 823 0
124 181 0
124 802 0
124 807 0
181 270 0
181 350 0
125 737 0
737 582 0
737 257 0
126 263 0
263 596 0
263 787 0
263 914 0
127 166 0
127 216 0
127 749 0
127 948 0
128 840 0
840 307 0
129 223 0
223 292 0
223 528 0
223 786 0
223 888 0
131 866 0
866 568 0
133 805 0
805 927 0
134 926 0
926 213 0
926 718 0
926 224 0
926 351 0
137 721 0
721 595 0
721 970 0
139 456 0
456 253 0
456 341 0
456 750 0
140 287 0
140 298 0
140 392 0
140 452 0
287 455 0
287 931 0
141 426 0
426 257 0
426 331 0
426 420 0
426 716 0
426 912 0
571 511 0
571 779 0
571 401 0
145 549 0
549 220 0
549 222 0
549 259 0
146 995 0
995 275 0
824 551 0
824 152 0
149 678 0
678 419 0
678 554 0
678 444 0
678 314 0
151 201 0
201 165 0
201 318 0
201 471 0
201 729 0
152 606 0
152 657 0
152 923 0
327 459 0
327 608 0
157 324 0
324 301 0
324 334 0
324 591 0
633 286 0
633 420 0
161 861 0
161 996 0
254 382 0
254 609 0
254 703 0
254 771 0
501 615 0
167 480 0
480 527 0
480 615 0
480 723 0
480 259 0
169 384 0
384 521 0
384 526 0
384 602 0
384 686 0
234 373 0
234 424 0
234 925 0
173 1000 0
1000 763 0
175 292 0
175 853 0
292 680 0
292 871 0
176 660 0
179 711 0
711 908 0
180 259 0
180 597 0
180 710 0
180 986 0
597 523 0
270 225 0
270 815 0
270 864 0
183 732 0
732 193 0
732 484 0
185 367 0
367 197 0
186 403 0
186 407 0
186 531 0
188 368 0
368 522 0
368 820 0
190 355 0
355 607 0
355 928 0
355 940 0
191 371 0
371 304 0
371 594 0
371 686 0
371 895 0
371 243 0
371 901 0
196 237 0
237 249 0
237 532 0
402 264 0
402 761 0
402 774 0
471 664 0
202 219 0
202 243 0
202 411 0
202 898 0
203 931 0
931 239 0
931 205 0
204 899 0
899 550 0
899 358 0
205 635 0
205 966 0
635 692 0
209 775 0
775 494 0
217 672 0
672 224 0
672 393 0
672 813 0
218 760 0
760 671 0
760 951 0
760 446 0
220 281 0
220 777 0
281 596 0
281 701 0
528 236 0
224 603 0
603 653 0
603 911 0
242 469 0
242 749 0
242 796 0
230 641 0
641 363 0
641 445 0
641 918 0
232 822 0
822 530 0
258 382 0
236 265 0
236 704 0
265 336 0
265 601 0
265 910 0
265 963 0
238 453 0
453 346 0
453 376 0
453 637 0
453 983 0
240 516 0
516 344 0
516 493 0
241 534 0
534 682 0
469 997 0
244 286 0
244 331 0
244 372 0
244 681 0
244 973 0
286 673 0
331 723 0
246 882 0
882 547 0
247 511 0
511 380 0
511 485 0
250 990 0
990 702 0
990 818 0
252 350 0
350 427 0
350 992 0
382 596 0
382 855 0
255 915 0
915 559 0
915 744 0
915 773 0
915 299 0
256 598 0
598 436 0
257 551 0
257 880 0
551 370 0
551 656 0
551 886 0
260 313 0
260 401 0
260 587 0
260 651 0
260 964 0
401 299 0
262 999 0
999 272 0
264 499 0
264 557 0
499 450 0
499 883 0
266 614 0
614 302 0
614 444 0
268 421 0
421 897 0
269 834 0
834 751 0
834 351 0
834 839 0
271 905 0
905 706 0
273 623 0
623 375 0
623 500 0
616 505 0
616 906 0
276 967 0
967 593 0
967 743 0
362 847 0
278 545 0
545 540 0
545 459 0
545 994 0
282 319 0
319 839 0
319 867 0
319 922 0
284 741 0
741 477 0
433 557 0
433 807 0
594 753 0
594 485 0
294 932 0
932 512 0
297 466 0
297 573 0
297 911 0
300 579 0
579 311 0
301 558 0
613 436 0
613 965 0
660 495 0
660 538 0
309 769 0
769 630 0
769 829 0
769 404 0
310 413 0
413 843 0
413 941 0
413 998 0
314 505 0
316 778 0
778 828 0
839 847 0
320 781 0
781 727 0
325 988 0
988 447 0
326 664 0
664 358 0
664 811 0
664 955 0
608 461 0
608 475 0
330 435 0
435 332 0
435 881 0
944 799 0
342 776 0
348 351 0
348 615 0
348 841 0
348 875 0
348 876 0
615 558 0
352 740 0
740 640 0
740 850 0
354 799 0
799 917 0
356 971 0
971 517 0
359 563 0
563 541 0
563 794 0
361 798 0
798 506 0
366 590 0
366 868 0
366 871 0
590 492 0
590 654 0
868 611 0
369 909 0
909 542 0
909 962 0
909 723 0
370 871 0
871 605 0
871 936 0
381 692 0
692 771 0
386 887 0
887 519 0
887 627 0
387 600 0
600 792 0
388 523 0
389 832 0
390 833 0
833 644 0
391 687 0
687 669 0
395 680 0
680 515 0
680 756 0
680 404 0
405 446 0
405 482 0
405 987 0
408 631 0
631 430 0
631 688 0
409 582 0
409 810 0
409 903 0
410 837 0
837 412 0
411 529 0
411 939 0
411 959 0
529 829 0
529 997 0
959 724 0
959 730 0
420 977 0
977 800 0
423 793 0
793 659 0
793 848 0
425 853 0
557 474 0
436 656 0
437 673 0
673 783 0
442 652 0
442 731 0
442 851 0
442 956 0
652 675 0
652 765 0
443 904 0
904 628 0
444 455 0
455 701 0
455 750 0
455 933 0
445 638 0
638 464 0
448 464 0
448 869 0
464 847 0
451 505 0
505 714 0
505 910 0
701 884 0
465 966 0
467 827 0
827 488 0
827 736 0
997 653 0
472 647 0
647 604 0
647 762 0
474 747 0
479 754 0
754 537 0
754 548 0
486 854 0
854 617 0
496 790 0
790 504 0
790 679 0
497 658 0
658 690 0
658 874 0
498 753 0
753 786 0
507 704 0
704 513 0
704 514 0
704 556 0
510 589 0
510 858 0
656 856 0
556 933 0
558 850 0
564 913 0
913 693 0
913 733 0
567 758 0
758 572 0
758 878 0
584 872 0
872 674 0
610 979 0
979 870 0
906 646 0
801 985 0
626 832 0
832 921 0
627 675 0
632 930 0
666 972 0
972 696 0
985 940 0
745 747 0
747 879 0
762 910 0
789 817 0
817 975 0
817 993 0
795 857 0
857 825 0
877 893 0
877 907 0
