78 79 0
1 9 0
1 39 0
1 45 0
1 48 0
1 53 0
39 13 0
39 31 0
39 37 0
39 51 0
39 58 0
2 29 0
2 38 0
2 54 0
2 71 0
2 67 0
54 15 0
3 6 0
3 41 0
6 41 0
6 52 0
6 59 0
4 36 0
4 42 0
4 52 0
4 72 0
5 63 0
5 75 0
63 27 0
63 31 0
63 44 0
7 17 0
7 61 0
7 79 0
7 73 0
8 10 0
10 31 0
10 52 0
10 62 0
31 24 0
31 73 0
11 69 0
69 20 0
12 14 0
12 65 0
13 64 0
64 52 0
64 53 0
64 66 0
16 46 0
16 56 0
46 25 0
18 30 0
30 26 0
19 70 0
19 76 0
70 43 0
21 22 0
21 28 0
22 25 0
23 80 0
80 28 0
80 74 0
32 51 0
32 77 0
51 50 0
34 66 0
34 79 0
66 47 0
35 79 0
79 78 0
40 67 0
43 55 0
55 47 0
47 57 0
49 71 0
71 68 0
71 77 0
53 78 0
78 74 0
