677 699 0
1 20 0
1 132 0
1 199 0
1 403 0
1 515 0
199 79 0
199 148 0
2 254 0
2 277 0
2 410 0
2 475 0
2 658 0
254 351 0
254 416 0
254 165 0
254 278 0
410 146 0
410 386 0
3 256 0
3 293 0
3 386 0
256 38 0
256 110 0
256 606 0
293 418 0
293 436 0
293 443 0
4 413 0
413 607 0
413 115 0
413 280 0
5 41 0
41 328 0
41 496 0
41 643 0
6 131 0
6 149 0
6 321 0
6 344 0
131 217 0
131 381 0
7 17 0
7 106 0
7 272 0
7 405 0
7 528 0
17 147 0
17 208 0
17 464 0
106 43 0
106 268 0
106 646 0
272 133 0
272 428 0
272 565 0
8 31 0
31 439 0
31 632 0
31 633 0
31 653 0
9 120 0
120 308 0
120 381 0
120 382 0
120 544 0
10 146 0
146 377 0
146 554 0
11 266 0
266 420 0
266 477 0
266 524 0
12 60 0
12 113 0
12 560 0
12 329 0
13 480 0
480 69 0
480 246 0
14 298 0
14 371 0
14 396 0
14 458 0
371 652 0
371 109 0
371 172 0
15 307 0
15 491 0
15 633 0
15 679 0
16 134 0
16 279 0
16 622 0
134 166 0
134 531 0
134 622 0
147 127 0
147 292 0
147 483 0
18 454 0
454 419 0
454 464 0
454 495 0
19 79 0
79 189 0
79 241 0
79 251 0
79 299 0
79 681 0
21 65 0
21 124 0
21 172 0
21 291 0
21 336 0
65 310 0
65 476 0
65 509 0
124 407 0
172 227 0
172 640 0
291 198 0
22 122 0
22 339 0
22 349 0
22 513 0
122 39 0
122 174 0
122 460 0
23 627 0
627 461 0
627 556 0
24 351 0
351 404 0
351 626 0
25 34 0
25 194 0
25 229 0
25 340 0
34 118 0
34 212 0
34 230 0
194 115 0
194 593 0
194 687 0
194 689 0
229 37 0
229 81 0
229 182 0
229 311 0
26 28 0
28 33 0
28 398 0
28 511 0
27 84 0
84 210 0
84 579 0
84 659 0
29 92 0
92 53 0
92 164 0
92 420 0
30 46 0
30 538 0
46 208 0
46 262 0
46 567 0
632 153 0
32 696 0
696 553 0
35 51 0
35 64 0
35 397 0
35 482 0
51 63 0
51 76 0
51 200 0
36 318 0
318 432 0
318 529 0
37 332 0
37 652 0
39 280 0
39 383 0
39 567 0
280 78 0
280 222 0
280 224 0
40 534 0
40 613 0
40 633 0
534 82 0
534 156 0
534 507 0
534 418 0
534 73 0
42 294 0
294 181 0
294 312 0
294 675 0
44 217 0
217 73 0
217 263 0
217 490 0
217 369 0
217 541 0
45 483 0
483 285 0
483 319 0
208 551 0
47 138 0
47 191 0
47 375 0
47 455 0
48 530 0
530 136 0
530 379 0
530 213 0
530 202 0
530 227 0
49 100 0
49 165 0
49 240 0
49 407 0
100 119 0
100 180 0
100 620 0
165 163 0
50 429 0
429 155 0
429 451 0
63 393 0
63 560 0
52 569 0
569 75 0
569 126 0
569 420 0
569 189 0
54 292 0
292 391 0
292 650 0
55 203 0
203 57 0
203 236 0
203 571 0
56 321 0
56 401 0
56 540 0
56 680 0
321 608 0
321 613 0
58 336 0
336 104 0
336 290 0
59 279 0
279 87 0
279 163 0
279 502 0
61 393 0
61 656 0
61 664 0
61 670 0
393 547 0
393 676 0
393 381 0
62 110 0
62 226 0
62 323 0
62 434 0
62 634 0
110 537 0
226 171 0
226 596 0
226 686 0
323 486 0
323 510 0
323 595 0
66 200 0
200 552 0
200 623 0
67 202 0
67 274 0
67 390 0
67 665 0
67 689 0
68 634 0
634 125 0
634 324 0
69 652 0
70 584 0
584 325 0
584 365 0
584 296 0
71 691 0
691 137 0
691 227 0
691 601 0
72 174 0
174 167 0
174 350 0
174 437 0
73 86 0
73 372 0
86 121 0
86 355 0
86 364 0
74 303 0
74 394 0
74 490 0
74 492 0
74 560 0
490 389 0
490 402 0
76 258 0
76 630 0
76 657 0
77 427 0
427 220 0
427 302 0
427 558 0
78 414 0
78 423 0
78 448 0
414 499 0
414 668 0
414 685 0
423 204 0
423 238 0
423 403 0
423 141 0
423 649 0
189 528 0
241 442 0
241 551 0
251 94 0
251 528 0
80 460 0
460 578 0
460 655 0
83 222 0
222 358 0
222 440 0
85 195 0
85 227 0
85 276 0
85 446 0
88 117 0
117 296 0
117 522 0
117 636 0
89 487 0
487 360 0
90 168 0
90 347 0
90 377 0
90 468 0
91 648 0
648 275 0
93 154 0
93 197 0
93 213 0
197 233 0
197 493 0
94 181 0
94 322 0
94 453 0
181 341 0
181 395 0
95 231 0
231 236 0
231 644 0
231 663 0
96 173 0
173 356 0
173 560 0
173 666 0
173 684 0
97 145 0
145 257 0
145 300 0
145 512 0
98 315 0
315 449 0
315 695 0
315 163 0
99 313 0
99 369 0
99 457 0
99 609 0
369 551 0
101 399 0
399 301 0
399 346 0
399 535 0
102 175 0
175 184 0
175 257 0
175 447 0
103 260 0
260 192 0
260 384 0
260 432 0
260 570 0
105 317 0
317 177 0
317 286 0
317 383 0
107 386 0
386 334 0
386 542 0
108 264 0
108 463 0
108 472 0
108 600 0
109 159 0
109 295 0
109 517 0
111 240 0
240 211 0
240 484 0
112 677 0
677 327 0
677 359 0
677 687 0
114 335 0
335 284 0
335 375 0
335 481 0
116 148 0
148 259 0
148 535 0
296 129 0
296 338 0
308 400 0
308 416 0
123 309 0
123 489 0
123 549 0
123 690 0
489 372 0
127 141 0
127 142 0
127 237 0
127 683 0
128 635 0
635 215 0
635 345 0
129 235 0
129 527 0
129 660 0
130 193 0
130 376 0
130 562 0
130 631 0
135 375 0
135 558 0
135 639 0
375 582 0
375 654 0
139 493 0
493 576 0
493 350 0
140 407 0
407 366 0
143 157 0
157 343 0
157 592 0
157 622 0
144 278 0
144 411 0
144 464 0
144 550 0
144 671 0
278 639 0
464 523 0
257 153 0
257 408 0
377 152 0
150 395 0
395 467 0
395 568 0
151 676 0
676 508 0
152 535 0
152 640 0
152 643 0
535 187 0
153 332 0
153 558 0
153 640 0
332 406 0
332 435 0
332 448 0
158 469 0
469 234 0
469 536 0
160 610 0
610 267 0
610 383 0
161 597 0
597 236 0
162 186 0
186 178 0
186 382 0
186 612 0
169 614 0
614 473 0
170 661 0
661 219 0
661 265 0
356 561 0
350 416 0
176 392 0
176 409 0
176 622 0
176 698 0
179 435 0
435 465 0
435 589 0
183 362 0
362 223 0
362 387 0
362 348 0
362 388 0
185 288 0
288 205 0
288 330 0
288 506 0
187 252 0
187 348 0
187 647 0
348 639 0
188 564 0
564 228 0
564 250 0
564 668 0
190 639 0
639 398 0
639 455 0
192 551 0
192 581 0
551 329 0
551 609 0
593 338 0
196 594 0
594 352 0
233 282 0
233 314 0
233 498 0
198 457 0
198 471 0
198 553 0
198 628 0
457 519 0
553 561 0
553 333 0
553 341 0
201 638 0
638 383 0
206 216 0
216 430 0
216 519 0
216 694 0
207 528 0
528 289 0
209 255 0
255 405 0
255 689 0
213 341 0
341 382 0
341 538 0
214 442 0
442 269 0
442 462 0
218 645 0
645 287 0
645 354 0
221 438 0
438 253 0
438 537 0
438 577 0
438 432 0
224 533 0
224 559 0
224 700 0
225 400 0
400 579 0
400 586 0
400 625 0
232 417 0
417 488 0
417 633 0
417 448 0
239 385 0
385 297 0
385 378 0
242 262 0
262 434 0
262 501 0
243 340 0
340 270 0
340 503 0
244 581 0
581 271 0
581 425 0
245 575 0
575 367 0
247 652 0
652 590 0
248 678 0
678 422 0
249 573 0
573 361 0
416 441 0
416 466 0
261 618 0
618 316 0
434 403 0
434 472 0
501 387 0
420 582 0
273 398 0
273 682 0
273 693 0
273 697 0
398 608 0
281 402 0
402 506 0
402 667 0
283 669 0
669 342 0
669 431 0
669 472 0
418 689 0
304 523 0
523 424 0
305 599 0
599 380 0
599 479 0
306 621 0
621 450 0
320 426 0
426 389 0
426 506 0
426 555 0
326 674 0
674 363 0
674 456 0
331 598 0
598 455 0
598 474 0
406 459 0
406 591 0
406 619 0
333 470 0
333 494 0
333 605 0
337 521 0
521 668 0
338 537 0
338 633 0
382 548 0
538 372 0
353 433 0
433 472 0
433 587 0
433 602 0
357 613 0
613 546 0
387 566 0
368 539 0
539 421 0
370 662 0
662 444 0
662 452 0
372 562 0
373 624 0
624 557 0
374 566 0
566 415 0
566 526 0
548 485 0
547 532 0
579 699 0
579 478 0
506 689 0
408 505 0
408 561 0
408 642 0
412 500 0
412 585 0
412 604 0
445 478 0
478 518 0
478 673 0
516 692 0
692 580 0
668 642 0
699 622 0
633 642 0
