985 999 0
1 332 0
332 68 0
332 733 0
332 775 0
2 362 0
2 655 0
2 671 0
2 690 0
3 148 0
3 398 0
3 515 0
3 950 0
4 484 0
484 764 0
484 851 0
484 871 0
5 155 0
5 200 0
5 225 0
5 481 0
5 678 0
200 30 0
200 62 0
6 265 0
6 577 0
6 594 0
6 891 0
577 475 0
577 100 0
577 461 0
577 192 0
7 415 0
415 232 0
415 78 0
415 682 0
8 109 0
8 141 0
8 606 0
8 981 0
109 45 0
109 101 0
109 295 0
109 512 0
141 320 0
141 680 0
141 853 0
9 27 0
27 24 0
27 191 0
10 720 0
720 705 0
720 744 0
720 413 0
11 722 0
722 203 0
722 904 0
722 690 0
12 839 0
839 346 0
839 357 0
839 595 0
13 959 0
959 586 0
14 250 0
14 408 0
14 429 0
14 950 0
408 581 0
408 295 0
15 64 0
15 347 0
15 403 0
15 841 0
15 963 0
64 718 0
64 945 0
64 964 0
347 269 0
347 310 0
347 636 0
403 35 0
403 789 0
403 939 0
16 475 0
475 258 0
475 351 0
475 724 0
475 735 0
17 986 0
986 651 0
18 765 0
765 102 0
765 845 0
19 254 0
19 412 0
19 442 0
19 542 0
19 548 0
412 42 0
412 196 0
412 648 0
20 366 0
366 618 0
366 684 0
366 542 0
21 154 0
21 213 0
21 498 0
21 643 0
154 137 0
154 409 0
154 833 0
213 160 0
213 346 0
213 772 0
22 87 0
22 96 0
22 755 0
22 846 0
22 864 0
87 823 0
87 143 0
23 414 0
414 405 0
414 560 0
414 568 0
24 132 0
24 814 0
132 708 0
132 802 0
132 956 0
25 712 0
712 305 0
712 937 0
712 53 0
712 671 0
26 563 0
563 197 0
563 239 0
563 248 0
28 107 0
107 44 0
107 499 0
107 574 0
29 887 0
887 628 0
887 706 0
887 337 0
30 113 0
30 267 0
30 665 0
30 812 0
113 468 0
113 592 0
31 55 0
31 75 0
31 143 0
31 978 0
55 218 0
55 754 0
75 255 0
75 388 0
75 480 0
32 59 0
32 120 0
32 508 0
32 806 0
59 453 0
59 566 0
59 751 0
120 99 0
120 351 0
120 852 0
33 621 0
621 394 0
621 452 0
621 717 0
34 308 0
308 136 0
308 186 0
308 321 0
308 506 0
36 161 0
36 273 0
36 300 0
36 985 0
161 492 0
161 648 0
37 360 0
360 301 0
360 444 0
38 235 0
235 487 0
235 798 0
235 875 0
39 170 0
39 699 0
39 757 0
170 292 0
170 639 0
699 205 0
699 730 0
699 894 0
40 931 0
931 188 0
931 316 0
41 54 0
41 108 0
41 392 0
41 580 0
54 425 0
54 435 0
54 824 0
42 601 0
42 776 0
42 869 0
43 478 0
478 418 0
478 853 0
478 941 0
46 807 0
807 538 0
807 653 0
47 806 0
806 449 0
806 538 0
48 168 0
48 292 0
168 420 0
168 805 0
168 820 0
49 264 0
49 632 0
49 860 0
49 866 0
50 311 0
50 564 0
50 648 0
50 942 0
311 236 0
311 523 0
311 840 0
564 56 0
564 296 0
564 827 0
51 78 0
51 389 0
51 495 0
51 867 0
78 204 0
78 263 0
78 721 0
52 641 0
641 491 0
641 609 0
53 454 0
53 459 0
53 756 0
454 447 0
459 92 0
459 115 0
459 801 0
425 216 0
425 575 0
435 420 0
435 851 0
435 560 0
218 80 0
218 303 0
218 509 0
57 123 0
57 520 0
57 619 0
123 73 0
123 690 0
123 717 0
123 918 0
520 303 0
520 555 0
520 759 0
520 919 0
58 288 0
58 477 0
58 656 0
58 786 0
453 216 0
453 266 0
453 192 0
453 306 0
60 240 0
60 279 0
60 337 0
60 701 0
61 126 0
126 65 0
126 326 0
126 657 0
62 192 0
62 335 0
62 644 0
335 98 0
335 153 0
335 391 0
63 505 0
505 504 0
505 608 0
505 924 0
505 925 0
66 756 0
756 349 0
756 531 0
67 606 0
606 181 0
606 863 0
69 229 0
229 504 0
229 729 0
229 958 0
70 413 0
70 578 0
70 725 0
70 805 0
413 125 0
413 277 0
578 97 0
578 193 0
578 929 0
71 947 0
947 497 0
947 549 0
947 439 0
72 742 0
742 185 0
742 679 0
73 402 0
73 615 0
74 721 0
721 163 0
721 165 0
255 221 0
255 975 0
255 989 0
76 575 0
575 337 0
575 471 0
575 677 0
77 885 0
885 625 0
204 439 0
204 663 0
204 816 0
263 271 0
263 432 0
79 111 0
79 282 0
79 662 0
79 725 0
282 696 0
282 130 0
81 380 0
380 226 0
380 455 0
380 465 0
380 954 0
82 660 0
660 309 0
660 710 0
660 717 0
83 949 0
949 175 0
949 558 0
949 324 0
949 284 0
84 461 0
461 228 0
461 996 0
85 208 0
85 340 0
85 428 0
85 850 0
86 494 0
494 116 0
494 247 0
494 539 0
494 303 0
88 91 0
91 363 0
91 886 0
91 982 0
89 598 0
598 198 0
598 717 0
598 880 0
90 224 0
90 431 0
90 692 0
90 750 0
90 816 0
692 777 0
692 397 0
93 271 0
93 295 0
93 689 0
93 791 0
93 817 0
271 766 0
271 838 0
271 892 0
295 342 0
689 820 0
689 551 0
791 658 0
94 391 0
391 602 0
391 957 0
95 158 0
158 533 0
158 688 0
158 890 0
97 637 0
97 830 0
97 849 0
97 946 0
98 404 0
98 635 0
98 642 0
100 499 0
100 566 0
100 886 0
499 777 0
566 201 0
566 292 0
103 676 0
676 139 0
676 411 0
104 144 0
104 237 0
104 395 0
104 773 0
104 993 0
237 130 0
237 239 0
395 194 0
395 551 0
395 881 0
105 227 0
227 239 0
227 529 0
227 715 0
106 122 0
122 210 0
122 359 0
122 902 0
110 249 0
110 253 0
110 324 0
110 356 0
110 984 0
249 125 0
324 299 0
324 490 0
324 667 0
112 581 0
581 373 0
581 437 0
581 998 0
468 539 0
468 420 0
114 498 0
498 164 0
117 467 0
117 751 0
117 927 0
117 930 0
751 376 0
118 727 0
727 368 0
727 573 0
727 864 0
119 553 0
553 673 0
553 737 0
121 821 0
821 511 0
690 526 0
124 713 0
713 393 0
713 401 0
713 465 0
125 312 0
125 778 0
127 981 0
981 217 0
981 231 0
128 591 0
591 304 0
591 504 0
591 649 0
129 669 0
669 695 0
669 866 0
669 299 0
669 954 0
130 160 0
130 246 0
130 616 0
160 173 0
160 367 0
160 383 0
160 768 0
131 230 0
131 259 0
131 537 0
131 818 0
133 565 0
133 630 0
133 672 0
133 800 0
134 814 0
814 828 0
814 883 0
135 502 0
502 547 0
502 743 0
502 855 0
138 281 0
281 315 0
281 320 0
281 489 0
281 322 0
140 352 0
352 527 0
352 770 0
320 898 0
680 892 0
142 962 0
962 486 0
962 684 0
962 524 0
962 795 0
143 541 0
143 557 0
143 633 0
541 396 0
541 517 0
541 944 0
541 635 0
557 514 0
557 562 0
557 990 0
633 785 0
145 438 0
438 428 0
438 779 0
438 813 0
146 441 0
441 290 0
441 473 0
441 876 0
147 451 0
451 500 0
451 583 0
451 741 0
149 843 0
843 437 0
843 613 0
843 926 0
150 732 0
732 334 0
732 659 0
732 428 0
151 619 0
619 407 0
619 534 0
152 550 0
550 583 0
550 597 0
550 622 0
153 465 0
153 473 0
153 805 0
465 462 0
473 543 0
473 585 0
473 545 0
156 234 0
156 797 0
156 862 0
156 974 0
157 379 0
379 847 0
379 917 0
379 974 0
533 490 0
533 528 0
533 589 0
159 388 0
388 167 0
388 238 0
173 530 0
173 567 0
173 367 0
173 605 0
367 220 0
492 199 0
492 781 0
492 888 0
162 965 0
965 460 0
165 974 0
165 980 0
974 923 0
166 180 0
166 507 0
166 543 0
166 853 0
420 841 0
169 554 0
554 272 0
554 450 0
554 725 0
292 978 0
171 973 0
973 723 0
172 683 0
683 521 0
683 866 0
683 994 0
174 400 0
174 427 0
174 816 0
400 428 0
400 820 0
176 469 0
469 570 0
469 800 0
469 842 0
177 838 0
838 440 0
178 434 0
434 604 0
434 950 0
434 992 0
179 480 0
480 661 0
480 767 0
182 493 0
493 291 0
493 439 0
493 588 0
183 731 0
731 209 0
731 753 0
731 331 0
184 929 0
929 276 0
929 693 0
929 376 0
187 997 0
997 219 0
189 299 0
189 317 0
189 353 0
189 980 0
190 327 0
190 463 0
190 571 0
190 639 0
193 252 0
193 771 0
193 825 0
194 724 0
194 772 0
194 784 0
194 800 0
724 670 0
772 935 0
772 490 0
195 519 0
519 313 0
519 859 0
196 321 0
196 716 0
196 928 0
321 551 0
201 331 0
201 829 0
201 980 0
331 364 0
331 433 0
202 284 0
202 343 0
202 506 0
202 837 0
284 635 0
439 794 0
206 433 0
433 811 0
207 337 0
207 428 0
207 818 0
207 820 0
211 306 0
306 289 0
306 921 0
306 487 0
212 318 0
318 319 0
318 470 0
214 266 0
266 646 0
266 726 0
215 624 0
624 501 0
624 786 0
624 593 0
624 987 0
216 322 0
216 535 0
216 569 0
216 787 0
535 377 0
220 697 0
220 711 0
220 902 0
222 938 0
938 268 0
938 422 0
938 700 0
223 777 0
777 338 0
777 809 0
239 542 0
239 696 0
239 878 0
504 341 0
504 351 0
233 545 0
545 323 0
545 406 0
696 518 0
696 596 0
696 988 0
878 805 0
241 854 0
854 788 0
242 257 0
257 700 0
257 848 0
257 971 0
243 432 0
432 539 0
432 933 0
244 402 0
402 365 0
245 858 0
858 583 0
858 587 0
858 908 0
251 913 0
913 286 0
913 733 0
913 903 0
256 823 0
823 590 0
823 774 0
700 482 0
700 841 0
260 643 0
643 635 0
643 675 0
643 920 0
261 482 0
482 671 0
482 895 0
482 948 0
262 525 0
525 354 0
525 456 0
525 784 0
525 685 0
270 508 0
508 294 0
508 819 0
766 274 0
766 328 0
766 822 0
275 942 0
942 905 0
277 293 0
277 466 0
277 960 0
278 707 0
707 447 0
707 516 0
707 556 0
280 808 0
808 536 0
808 603 0
283 627 0
627 639 0
627 810 0
627 835 0
285 382 0
382 485 0
382 816 0
382 836 0
287 826 0
826 336 0
826 417 0
342 374 0
342 647 0
342 743 0
297 670 0
670 457 0
670 859 0
298 513 0
513 424 0
513 639 0
513 761 0
302 397 0
397 370 0
397 657 0
307 528 0
528 674 0
314 383 0
383 355 0
383 464 0
667 524 0
667 874 0
325 790 0
790 410 0
329 532 0
532 640 0
532 725 0
532 745 0
330 968 0
968 792 0
968 899 0
364 561 0
364 685 0
364 749 0
333 426 0
426 804 0
426 870 0
426 877 0
339 780 0
780 474 0
780 634 0
341 743 0
341 820 0
743 522 0
344 881 0
881 372 0
881 476 0
345 754 0
754 559 0
754 872 0
346 399 0
346 934 0
399 611 0
399 654 0
399 748 0
348 746 0
746 421 0
746 437 0
746 446 0
350 972 0
972 793 0
358 995 0
995 657 0
361 423 0
423 375 0
423 610 0
423 829 0
369 614 0
614 506 0
614 893 0
614 897 0
371 762 0
762 419 0
762 752 0
377 540 0
377 714 0
377 784 0
378 387 0
387 804 0
387 861 0
387 900 0
381 844 0
844 416 0
844 626 0
844 733 0
384 593 0
384 631 0
384 678 0
384 955 0
385 612 0
612 652 0
612 832 0
612 784 0
386 584 0
584 544 0
584 864 0
584 966 0
390 592 0
592 629 0
560 666 0
416 936 0
430 526 0
526 650 0
526 896 0
539 681 0
436 615 0
615 645 0
615 678 0
615 882 0
437 572 0
572 733 0
572 864 0
572 918 0
443 932 0
932 691 0
445 936 0
936 496 0
936 739 0
936 916 0
447 796 0
448 617 0
617 703 0
617 857 0
458 824 0
824 664 0
824 760 0
824 538 0
462 719 0
462 728 0
462 763 0
472 551 0
551 694 0
479 991 0
991 868 0
483 874 0
874 576 0
874 686 0
874 853 0
488 943 0
943 799 0
503 623 0
503 704 0
503 758 0
506 1000 0
1000 678 0
510 817 0
817 914 0
817 922 0
522 698 0
522 769 0
522 954 0
522 970 0
546 757 0
757 600 0
757 638 0
552 898 0
898 740 0
898 969 0
733 685 0
579 589 0
589 912 0
589 952 0
582 794 0
794 607 0
794 999 0
599 892 0
892 687 0
892 738 0
620 856 0
856 702 0
856 953 0
648 663 0
663 935 0
657 879 0
879 684 0
666 739 0
666 831 0
666 910 0
668 681 0
681 734 0
681 736 0
709 940 0
940 906 0
747 796 0
796 951 0
796 983 0
774 841 0
783 901 0
901 865 0
784 803 0
924 980 0
