757 799 0
1 138 0
1 220 0
1 524 0
138 186 0
138 648 0
138 737 0
220 233 0
220 692 0
220 733 0
2 373 0
373 172 0
373 251 0
3 145 0
3 226 0
3 287 0
3 331 0
226 118 0
226 393 0
226 647 0
4 122 0
122 9 0
122 370 0
122 619 0
5 490 0
490 369 0
490 395 0
490 144 0
6 42 0
42 140 0
42 282 0
42 240 0
7 88 0
88 23 0
88 305 0
88 365 0
88 435 0
8 119 0
8 240 0
119 9 0
119 45 0
119 349 0
119 565 0
9 348 0
10 233 0
10 268 0
233 66 0
233 184 0
233 262 0
11 32 0
32 269 0
32 508 0
32 715 0
32 800 0
12 386 0
12 431 0
12 593 0
12 792 0
13 317 0
13 501 0
13 602 0
13 663 0
13 671 0
501 178 0
14 21 0
14 265 0
14 496 0
21 117 0
21 253 0
21 555 0
265 129 0
265 718 0
265 756 0
15 642 0
642 494 0
642 151 0
16 257 0
257 519 0
257 797 0
257 660 0
17 26 0
17 82 0
17 412 0
17 414 0
17 449 0
26 344 0
26 390 0
26 464 0
26 786 0
82 606 0
82 677 0
82 782 0
412 345 0
412 115 0
412 672 0
18 393 0
393 447 0
393 548 0
19 217 0
217 86 0
217 413 0
217 55 0
217 747 0
20 125 0
20 684 0
20 762 0
125 428 0
125 465 0
22 184 0
184 354 0
184 306 0
184 454 0
24 130 0
24 222 0
24 297 0
24 322 0
24 354 0
24 775 0
130 35 0
130 256 0
130 352 0
130 364 0
130 710 0
222 211 0
222 502 0
297 58 0
297 61 0
297 255 0
297 608 0
322 423 0
322 451 0
322 457 0
322 562 0
25 616 0
616 488 0
616 43 0
27 388 0
388 440 0
28 500 0
500 86 0
500 310 0
500 298 0
29 102 0
102 55 0
102 200 0
102 435 0
102 716 0
30 748 0
748 539 0
748 611 0
748 121 0
748 182 0
748 132 0
31 359 0
359 236 0
359 309 0
269 314 0
269 403 0
33 62 0
33 201 0
33 328 0
33 571 0
33 629 0
328 136 0
328 790 0
34 316 0
316 315 0
316 323 0
316 376 0
35 143 0
35 292 0
35 424 0
143 219 0
143 197 0
36 351 0
36 403 0
36 691 0
351 225 0
351 460 0
37 126 0
37 250 0
37 311 0
37 346 0
37 430 0
37 514 0
37 660 0
126 291 0
126 687 0
126 606 0
126 692 0
250 347 0
250 624 0
311 487 0
346 195 0
346 207 0
430 118 0
38 469 0
469 614 0
469 766 0
469 150 0
469 183 0
39 408 0
408 240 0
408 598 0
408 651 0
40 394 0
40 686 0
40 742 0
40 751 0
394 244 0
394 404 0
686 681 0
686 745 0
41 193 0
41 374 0
41 505 0
41 544 0
193 268 0
193 300 0
193 624 0
140 450 0
140 467 0
140 618 0
43 260 0
43 467 0
260 162 0
260 420 0
260 510 0
260 452 0
260 674 0
44 419 0
44 585 0
44 646 0
44 783 0
419 242 0
46 232 0
232 246 0
232 315 0
232 398 0
47 94 0
47 112 0
47 459 0
47 467 0
94 73 0
94 113 0
94 486 0
112 99 0
112 214 0
48 551 0
551 678 0
49 139 0
139 100 0
139 171 0
139 264 0
50 557 0
557 277 0
557 303 0
51 726 0
726 120 0
726 179 0
726 572 0
52 98 0
52 336 0
52 482 0
98 473 0
98 666 0
98 689 0
98 704 0
336 87 0
336 365 0
336 444 0
336 157 0
336 446 0
53 333 0
333 183 0
54 574 0
574 106 0
574 330 0
56 80 0
56 229 0
56 512 0
56 604 0
229 67 0
229 205 0
229 559 0
57 211 0
211 223 0
211 409 0
59 321 0
321 380 0
321 414 0
321 572 0
321 623 0
60 579 0
579 259 0
63 707 0
707 68 0
64 147 0
64 491 0
64 550 0
64 617 0
65 523 0
523 271 0
523 320 0
66 700 0
67 85 0
67 434 0
67 533 0
85 110 0
85 114 0
69 219 0
219 114 0
219 187 0
219 595 0
70 243 0
243 280 0
243 482 0
71 110 0
110 592 0
110 641 0
110 797 0
72 415 0
72 529 0
72 595 0
72 597 0
72 663 0
72 788 0
595 150 0
73 93 0
73 104 0
73 197 0
73 371 0
73 486 0
93 414 0
93 650 0
104 481 0
74 272 0
74 382 0
74 383 0
272 261 0
272 325 0
382 144 0
382 291 0
382 513 0
75 372 0
372 144 0
372 286 0
76 504 0
504 241 0
504 502 0
504 135 0
504 223 0
77 503 0
77 543 0
503 135 0
503 327 0
503 377 0
503 635 0
503 239 0
503 777 0
78 242 0
242 502 0
242 683 0
242 699 0
242 354 0
79 288 0
288 188 0
288 407 0
288 589 0
288 750 0
81 676 0
676 290 0
676 727 0
606 800 0
83 466 0
466 304 0
84 610 0
610 151 0
610 194 0
610 791 0
86 660 0
89 799 0
799 435 0
90 363 0
363 209 0
363 284 0
363 459 0
91 175 0
91 543 0
91 732 0
91 733 0
543 95 0
543 573 0
543 604 0
543 182 0
92 101 0
101 134 0
101 157 0
101 168 0
113 340 0
113 495 0
113 538 0
113 636 0
95 315 0
95 518 0
95 572 0
95 669 0
315 247 0
315 400 0
518 360 0
96 334 0
96 416 0
96 443 0
96 751 0
334 267 0
334 456 0
416 312 0
416 401 0
97 769 0
769 389 0
769 578 0
99 131 0
99 218 0
99 554 0
99 603 0
157 118 0
157 203 0
157 452 0
103 173 0
103 195 0
173 156 0
173 235 0
173 313 0
173 634 0
173 746 0
105 443 0
443 163 0
443 493 0
443 661 0
107 787 0
787 600 0
108 164 0
108 207 0
108 545 0
108 687 0
108 746 0
164 385 0
164 684 0
545 342 0
545 111 0
109 701 0
701 357 0
701 521 0
111 167 0
111 318 0
111 421 0
318 414 0
318 499 0
114 397 0
114 751 0
397 294 0
397 489 0
115 345 0
116 195 0
195 187 0
195 631 0
118 223 0
118 438 0
118 604 0
118 625 0
223 567 0
438 203 0
121 216 0
121 624 0
121 706 0
216 198 0
216 622 0
216 695 0
624 240 0
624 687 0
123 436 0
436 298 0
124 524 0
524 483 0
524 744 0
428 772 0
291 449 0
687 751 0
687 798 0
127 514 0
127 542 0
127 664 0
127 772 0
514 467 0
542 752 0
542 254 0
542 776 0
128 591 0
591 208 0
352 163 0
132 647 0
132 670 0
647 656 0
647 758 0
647 278 0
133 405 0
405 146 0
405 264 0
405 481 0
135 567 0
136 437 0
136 485 0
136 693 0
485 227 0
137 441 0
441 547 0
186 401 0
450 355 0
450 457 0
141 615 0
615 296 0
142 706 0
706 343 0
706 614 0
148 206 0
148 282 0
148 285 0
148 573 0
148 757 0
282 797 0
149 522 0
522 170 0
150 467 0
467 573 0
151 621 0
621 327 0
152 462 0
462 183 0
462 210 0
462 738 0
153 795 0
795 307 0
154 668 0
668 563 0
155 353 0
353 221 0
156 238 0
203 263 0
203 335 0
203 643 0
158 753 0
753 338 0
159 429 0
159 564 0
159 586 0
160 377 0
377 580 0
161 227 0
161 498 0
161 560 0
161 614 0
227 445 0
227 553 0
227 608 0
227 731 0
560 475 0
560 582 0
163 536 0
536 215 0
536 249 0
385 165 0
385 339 0
166 231 0
166 266 0
166 306 0
166 573 0
166 625 0
166 725 0
306 327 0
573 367 0
573 275 0
573 255 0
169 559 0
559 275 0
559 329 0
559 785 0
559 188 0
174 308 0
174 596 0
174 609 0
174 690 0
174 789 0
609 449 0
176 567 0
567 289 0
567 339 0
177 566 0
566 572 0
178 358 0
178 426 0
178 487 0
487 689 0
180 342 0
342 455 0
181 262 0
262 470 0
262 765 0
182 279 0
279 281 0
279 381 0
183 594 0
185 790 0
790 417 0
790 717 0
187 755 0
755 276 0
189 532 0
532 639 0
190 476 0
190 546 0
190 577 0
190 593 0
191 627 0
627 278 0
192 391 0
192 513 0
192 712 0
192 779 0
513 541 0
268 248 0
268 575 0
268 696 0
196 484 0
484 341 0
199 418 0
418 593 0
202 499 0
499 685 0
499 752 0
499 768 0
204 657 0
657 365 0
657 275 0
205 324 0
205 550 0
205 571 0
205 798 0
324 270 0
324 339 0
550 270 0
571 293 0
571 715 0
798 314 0
209 427 0
209 593 0
212 507 0
212 570 0
212 698 0
212 781 0
213 497 0
497 396 0
214 433 0
214 452 0
214 778 0
413 422 0
413 424 0
224 472 0
224 590 0
224 708 0
224 734 0
224 739 0
472 400 0
472 509 0
228 383 0
383 362 0
383 549 0
383 584 0
230 556 0
556 356 0
234 461 0
461 459 0
237 729 0
729 759 0
729 770 0
238 492 0
238 669 0
238 688 0
239 300 0
300 515 0
300 587 0
300 710 0
245 424 0
252 378 0
378 535 0
254 337 0
254 427 0
337 258 0
427 368 0
427 486 0
255 314 0
510 411 0
314 274 0
314 794 0
270 506 0
270 786 0
270 625 0
273 534 0
534 455 0
534 665 0
283 348 0
348 414 0
292 481 0
292 552 0
292 613 0
292 628 0
481 509 0
481 650 0
293 583 0
293 599 0
293 620 0
293 702 0
295 654 0
654 448 0
298 347 0
347 694 0
299 680 0
680 453 0
301 576 0
576 458 0
576 637 0
302 367 0
794 775 0
319 743 0
743 605 0
743 626 0
326 722 0
722 399 0
327 761 0
332 541 0
350 360 0
350 691 0
360 689 0
691 644 0
691 721 0
691 793 0
361 406 0
406 588 0
459 700 0
366 526 0
526 402 0
526 488 0
384 411 0
411 525 0
411 607 0
401 496 0
496 410 0
422 554 0
593 670 0
425 709 0
709 463 0
772 698 0
435 594 0
594 719 0
594 760 0
439 742 0
449 797 0
766 486 0
471 581 0
581 652 0
581 679 0
581 741 0
474 764 0
764 516 0
477 684 0
684 655 0
684 697 0
478 638 0
638 653 0
480 700 0
700 632 0
700 754 0
635 528 0
635 713 0
635 736 0
531 762 0
762 630 0
558 626 0
558 663 0
670 692 0
670 780 0
670 800 0
618 763 0
618 773 0
780 774 0
751 710 0
751 735 0
698 711 0
698 740 0
714 774 0
750 777 0
