586 599 0
1 321 0
1 355 0
1 488 0
1 560 0
321 190 0
321 77 0
2 229 0
229 72 0
229 368 0
229 285 0
3 40 0
3 129 0
3 155 0
3 434 0
4 287 0
287 358 0
287 121 0
5 416 0
416 333 0
6 411 0
411 105 0
411 31 0
411 236 0
7 87 0
7 132 0
7 142 0
7 184 0
7 342 0
7 394 0
142 65 0
142 91 0
184 45 0
8 176 0
8 405 0
8 466 0
176 110 0
176 121 0
176 258 0
176 266 0
176 425 0
176 591 0
9 194 0
9 228 0
9 558 0
9 582 0
228 67 0
228 338 0
10 546 0
546 230 0
11 136 0
136 37 0
136 285 0
136 499 0
12 318 0
318 178 0
318 226 0
318 401 0
13 377 0
13 505 0
13 529 0
377 30 0
377 101 0
377 247 0
14 512 0
512 134 0
512 555 0
15 77 0
77 308 0
16 569 0
569 235 0
569 330 0
569 425 0
17 596 0
596 471 0
596 150 0
596 178 0
18 106 0
106 167 0
106 278 0
106 487 0
19 58 0
58 182 0
58 280 0
58 408 0
58 550 0
20 352 0
352 71 0
352 285 0
352 86 0
352 300 0
21 420 0
420 232 0
420 440 0
420 69 0
420 173 0
22 139 0
139 81 0
139 487 0
139 526 0
23 187 0
23 307 0
23 379 0
23 444 0
23 486 0
187 91 0
187 94 0
187 466 0
307 83 0
24 532 0
532 164 0
25 436 0
25 454 0
436 89 0
436 249 0
26 396 0
396 82 0
396 393 0
27 119 0
27 133 0
27 360 0
119 236 0
119 347 0
119 387 0
119 494 0
133 161 0
133 212 0
133 455 0
28 178 0
28 487 0
28 543 0
178 442 0
29 32 0
29 100 0
29 277 0
29 588 0
100 367 0
100 371 0
31 165 0
31 206 0
31 360 0
165 90 0
165 291 0
165 430 0
206 68 0
206 295 0
206 523 0
33 505 0
505 43 0
505 556 0
505 97 0
34 151 0
34 329 0
35 65 0
65 209 0
65 252 0
65 459 0
36 364 0
364 101 0
364 433 0
364 538 0
364 597 0
38 195 0
195 237 0
195 275 0
195 537 0
195 599 0
39 482 0
482 175 0
482 216 0
482 241 0
41 117 0
41 293 0
41 314 0
41 543 0
293 108 0
42 59 0
59 374 0
59 386 0
59 451 0
44 509 0
509 421 0
45 49 0
45 220 0
45 464 0
45 593 0
49 152 0
49 336 0
46 304 0
304 218 0
304 365 0
47 412 0
412 356 0
412 481 0
412 155 0
48 405 0
405 155 0
405 270 0
405 568 0
405 578 0
152 75 0
152 198 0
152 339 0
152 415 0
50 327 0
327 123 0
327 208 0
327 263 0
51 146 0
146 215 0
146 353 0
146 492 0
52 511 0
511 400 0
511 421 0
511 508 0
53 399 0
399 56 0
399 168 0
399 547 0
54 191 0
191 130 0
191 394 0
191 565 0
55 244 0
244 181 0
244 403 0
244 564 0
244 182 0
57 418 0
418 250 0
418 125 0
418 395 0
182 177 0
374 113 0
374 354 0
374 406 0
60 414 0
414 73 0
414 424 0
414 573 0
414 121 0
61 157 0
157 80 0
157 263 0
157 449 0
62 173 0
62 275 0
62 445 0
62 473 0
62 553 0
173 254 0
275 255 0
275 305 0
63 448 0
448 103 0
448 130 0
448 521 0
64 116 0
116 288 0
116 335 0
116 96 0
66 529 0
529 111 0
529 242 0
529 97 0
67 158 0
67 504 0
67 598 0
69 249 0
69 322 0
249 370 0
249 550 0
322 498 0
322 251 0
322 549 0
70 169 0
169 215 0
169 222 0
169 273 0
169 504 0
74 528 0
528 298 0
76 413 0
413 221 0
413 378 0
413 361 0
78 392 0
392 202 0
392 213 0
392 595 0
392 598 0
392 205 0
79 484 0
484 290 0
484 303 0
83 115 0
83 344 0
83 501 0
84 180 0
180 477 0
180 541 0
180 548 0
85 552 0
552 196 0
552 199 0
552 309 0
552 347 0
86 160 0
160 93 0
160 166 0
160 219 0
160 250 0
160 343 0
88 107 0
88 159 0
88 248 0
88 328 0
89 96 0
89 248 0
89 572 0
96 92 0
96 108 0
248 394 0
248 450 0
248 156 0
91 491 0
491 454 0
491 266 0
92 257 0
92 262 0
92 507 0
94 240 0
94 306 0
94 474 0
95 99 0
99 205 0
99 447 0
99 586 0
97 170 0
97 325 0
170 284 0
170 359 0
170 409 0
325 155 0
325 243 0
325 427 0
98 150 0
98 294 0
98 313 0
98 320 0
150 410 0
205 283 0
205 391 0
367 183 0
367 201 0
367 566 0
101 406 0
101 568 0
406 339 0
406 425 0
102 269 0
269 324 0
269 461 0
269 513 0
104 331 0
104 360 0
104 410 0
104 563 0
331 551 0
331 574 0
331 291 0
360 600 0
108 217 0
108 380 0
108 402 0
109 585 0
585 138 0
585 311 0
112 563 0
563 261 0
563 419 0
113 503 0
114 545 0
545 174 0
118 571 0
571 312 0
571 480 0
236 125 0
236 300 0
236 454 0
347 438 0
120 231 0
231 390 0
231 441 0
231 219 0
231 500 0
122 274 0
274 389 0
274 502 0
274 127 0
274 572 0
124 272 0
272 310 0
272 539 0
125 548 0
126 154 0
154 131 0
154 135 0
154 370 0
127 156 0
156 162 0
156 203 0
128 227 0
227 431 0
227 472 0
130 163 0
130 479 0
130 598 0
163 192 0
163 259 0
163 517 0
163 555 0
479 263 0
137 171 0
137 254 0
137 281 0
137 495 0
171 268 0
171 297 0
171 381 0
171 494 0
254 316 0
254 366 0
140 515 0
515 185 0
515 324 0
515 530 0
141 567 0
567 362 0
143 385 0
385 179 0
385 361 0
385 577 0
144 177 0
177 239 0
145 531 0
531 427 0
531 576 0
215 251 0
215 417 0
215 336 0
147 450 0
450 372 0
450 376 0
148 540 0
540 421 0
149 193 0
193 200 0
193 427 0
153 338 0
338 296 0
338 266 0
219 337 0
172 337 0
337 427 0
337 467 0
186 256 0
256 370 0
256 429 0
256 522 0
188 417 0
417 315 0
417 349 0
417 555 0
189 255 0
255 348 0
255 373 0
190 382 0
190 506 0
190 534 0
237 454 0
237 460 0
237 574 0
197 410 0
410 245 0
410 397 0
204 234 0
234 267 0
234 548 0
234 561 0
283 250 0
283 302 0
207 442 0
442 363 0
442 497 0
210 281 0
281 456 0
281 476 0
211 589 0
589 361 0
589 453 0
214 341 0
341 350 0
341 475 0
341 483 0
216 326 0
216 503 0
326 424 0
503 276 0
503 536 0
223 302 0
223 324 0
223 361 0
223 421 0
302 336 0
224 438 0
438 253 0
438 426 0
225 350 0
225 375 0
225 458 0
225 544 0
350 388 0
441 428 0
233 260 0
233 542 0
233 550 0
233 554 0
300 548 0
238 510 0
510 286 0
243 305 0
243 428 0
305 285 0
305 309 0
403 460 0
246 388 0
388 439 0
388 462 0
370 264 0
252 407 0
407 425 0
407 494 0
407 570 0
263 443 0
443 463 0
443 527 0
264 299 0
264 398 0
265 466 0
466 584 0
271 309 0
271 332 0
271 346 0
271 435 0
309 282 0
279 357 0
357 465 0
357 469 0
357 548 0
282 292 0
282 519 0
282 559 0
292 361 0
292 371 0
289 384 0
384 547 0
384 579 0
384 581 0
384 587 0
301 391 0
391 437 0
391 457 0
336 548 0
317 354 0
354 516 0
354 583 0
319 592 0
592 369 0
323 496 0
496 334 0
339 504 0
340 524 0
524 501 0
345 404 0
404 518 0
404 572 0
404 594 0
351 422 0
422 383 0
422 432 0
600 495 0
371 520 0
371 535 0
371 580 0
460 468 0
460 557 0
478 495 0
543 574 0
