949 999 0
1 844 0
844 238 0
844 650 0
844 361 0
844 100 0
2 722 0
722 75 0
722 274 0
722 105 0
3 349 0
3 778 0
349 124 0
349 433 0
349 470 0
349 874 0
4 552 0
552 440 0
5 746 0
746 333 0
746 64 0
746 700 0
6 512 0
512 164 0
512 372 0
512 108 0
7 415 0
7 805 0
7 998 0
415 45 0
415 424 0
415 549 0
415 806 0
415 846 0
415 888 0
8 119 0
8 379 0
119 135 0
119 578 0
119 147 0
119 788 0
9 979 0
979 71 0
979 685 0
10 206 0
206 84 0
206 694 0
11 510 0
510 217 0
510 405 0
510 499 0
12 904 0
904 317 0
13 108 0
13 182 0
13 315 0
13 635 0
108 214 0
182 750 0
315 329 0
315 350 0
14 585 0
585 127 0
585 199 0
15 87 0
87 23 0
87 147 0
87 755 0
87 909 0
16 515 0
16 595 0
16 735 0
16 635 0
515 81 0
515 871 0
595 38 0
595 173 0
595 184 0
17 414 0
414 94 0
414 316 0
414 533 0
414 607 0
18 35 0
18 573 0
18 750 0
35 39 0
35 80 0
35 283 0
35 827 0
19 88 0
19 130 0
19 775 0
88 78 0
88 161 0
88 291 0
20 623 0
623 518 0
623 776 0
21 643 0
643 121 0
643 291 0
643 115 0
643 929 0
22 508 0
22 626 0
22 763 0
508 500 0
508 586 0
508 654 0
23 190 0
23 216 0
23 497 0
190 433 0
190 646 0
190 776 0
24 28 0
24 153 0
24 165 0
24 392 0
24 810 0
24 824 0
28 314 0
28 130 0
25 380 0
25 390 0
25 593 0
25 705 0
25 744 0
380 37 0
380 532 0
380 376 0
390 115 0
390 993 0
390 279 0
26 243 0
26 540 0
243 386 0
243 463 0
243 484 0
243 608 0
27 277 0
277 399 0
277 603 0
29 284 0
29 359 0
29 617 0
29 797 0
284 86 0
284 573 0
284 566 0
30 456 0
456 77 0
456 452 0
456 519 0
456 74 0
31 393 0
393 457 0
393 491 0
393 691 0
393 40 0
32 963 0
963 404 0
33 565 0
565 70 0
34 905 0
905 362 0
39 545 0
36 300 0
36 779 0
36 817 0
300 311 0
300 386 0
779 334 0
779 889 0
37 189 0
37 281 0
37 347 0
37 584 0
37 618 0
281 314 0
281 560 0
281 661 0
281 789 0
281 993 0
38 625 0
38 653 0
38 902 0
625 96 0
625 205 0
625 70 0
625 312 0
653 978 0
653 79 0
653 91 0
653 197 0
40 166 0
40 231 0
166 113 0
166 346 0
166 410 0
166 450 0
41 202 0
41 537 0
41 781 0
41 927 0
202 105 0
42 46 0
42 220 0
42 236 0
42 938 0
46 346 0
46 597 0
46 981 0
220 131 0
220 290 0
236 489 0
236 602 0
236 942 0
43 332 0
43 496 0
43 691 0
43 803 0
43 882 0
332 378 0
332 980 0
691 379 0
691 647 0
44 750 0
750 481 0
750 699 0
346 763 0
346 568 0
47 747 0
747 128 0
747 395 0
48 376 0
376 802 0
376 860 0
376 86 0
49 329 0
49 719 0
49 839 0
329 586 0
329 846 0
329 174 0
329 877 0
50 941 0
941 422 0
941 389 0
51 427 0
51 464 0
51 613 0
51 858 0
51 969 0
427 363 0
427 384 0
427 497 0
427 532 0
52 881 0
881 641 0
53 917 0
917 662 0
917 115 0
54 428 0
428 213 0
428 536 0
55 344 0
344 365 0
344 488 0
344 986 0
344 996 0
56 477 0
56 739 0
56 871 0
56 964 0
57 197 0
57 248 0
57 283 0
57 413 0
57 488 0
57 683 0
197 497 0
248 288 0
248 423 0
283 279 0
283 469 0
413 767 0
413 441 0
58 295 0
295 162 0
295 480 0
295 609 0
295 69 0
59 191 0
191 81 0
191 534 0
191 696 0
60 327 0
60 425 0
60 568 0
60 768 0
327 81 0
425 458 0
425 721 0
425 172 0
425 808 0
61 902 0
902 564 0
902 820 0
62 836 0
836 503 0
836 591 0
63 568 0
568 352 0
64 542 0
64 661 0
542 110 0
65 196 0
65 200 0
65 597 0
65 975 0
66 208 0
66 242 0
66 389 0
66 411 0
66 680 0
208 137 0
208 306 0
208 893 0
242 72 0
242 226 0
242 278 0
389 726 0
67 89 0
67 545 0
67 863 0
89 192 0
89 680 0
89 716 0
68 870 0
870 141 0
69 115 0
115 557 0
70 980 0
72 578 0
73 309 0
73 311 0
73 353 0
73 533 0
309 507 0
309 715 0
311 74 0
311 475 0
74 543 0
76 79 0
76 319 0
76 610 0
76 695 0
76 885 0
79 186 0
319 947 0
319 503 0
77 592 0
77 940 0
186 439 0
186 698 0
81 454 0
454 136 0
454 331 0
454 879 0
82 539 0
539 112 0
539 462 0
539 918 0
83 970 0
970 280 0
970 934 0
85 482 0
482 308 0
86 947 0
147 810 0
192 158 0
192 343 0
192 825 0
192 924 0
192 990 0
680 273 0
680 156 0
90 101 0
101 686 0
101 810 0
101 955 0
91 326 0
91 453 0
91 531 0
326 811 0
453 170 0
453 391 0
453 688 0
453 766 0
531 589 0
531 920 0
531 371 0
92 725 0
92 853 0
92 950 0
92 871 0
725 193 0
725 293 0
93 139 0
139 246 0
139 436 0
139 533 0
139 828 0
139 930 0
95 442 0
442 486 0
442 525 0
442 801 0
97 507 0
507 659 0
98 727 0
727 342 0
727 670 0
727 871 0
727 910 0
99 231 0
99 563 0
99 726 0
231 222 0
231 258 0
231 313 0
231 676 0
231 807 0
563 273 0
563 609 0
563 784 0
100 411 0
100 839 0
411 177 0
411 679 0
102 163 0
102 354 0
102 532 0
102 540 0
102 543 0
103 270 0
270 752 0
270 965 0
270 155 0
104 384 0
104 396 0
384 230 0
384 364 0
105 133 0
105 168 0
105 573 0
133 730 0
133 832 0
133 861 0
133 999 0
168 144 0
168 224 0
168 292 0
168 410 0
573 374 0
573 981 0
573 123 0
573 170 0
106 424 0
106 529 0
106 791 0
106 858 0
424 502 0
107 716 0
716 478 0
716 645 0
214 526 0
214 570 0
214 939 0
109 449 0
449 257 0
449 458 0
449 907 0
111 794 0
794 262 0
113 340 0
113 688 0
114 498 0
498 241 0
498 293 0
498 835 0
557 252 0
557 874 0
116 829 0
829 188 0
117 501 0
501 194 0
501 276 0
118 294 0
294 736 0
294 741 0
294 859 0
294 894 0
578 475 0
578 816 0
578 297 0
578 452 0
120 693 0
693 256 0
693 758 0
122 469 0
469 527 0
469 792 0
123 126 0
126 470 0
126 690 0
124 546 0
124 581 0
124 729 0
124 837 0
125 972 0
972 891 0
470 465 0
470 683 0
470 875 0
470 944 0
129 221 0
129 473 0
129 835 0
129 959 0
221 328 0
221 406 0
221 555 0
221 708 0
473 340 0
473 983 0
473 811 0
130 520 0
130 637 0
130 705 0
130 984 0
132 296 0
296 335 0
296 435 0
296 968 0
296 540 0
730 145 0
730 715 0
134 235 0
235 244 0
235 575 0
235 246 0
235 728 0
138 841 0
841 323 0
841 771 0
246 167 0
246 174 0
246 938 0
533 251 0
533 744 0
140 592 0
592 337 0
592 864 0
142 708 0
708 225 0
708 711 0
708 158 0
143 554 0
554 223 0
554 310 0
554 222 0
554 852 0
145 154 0
145 516 0
145 842 0
516 159 0
146 360 0
146 642 0
146 672 0
360 877 0
360 980 0
148 447 0
148 667 0
148 852 0
148 858 0
148 911 0
149 764 0
764 486 0
150 441 0
441 219 0
441 587 0
151 566 0
566 207 0
566 915 0
152 767 0
767 397 0
155 179 0
155 180 0
179 302 0
179 584 0
179 953 0
179 994 0
156 544 0
156 545 0
544 234 0
544 401 0
545 639 0
545 938 0
157 378 0
157 656 0
378 259 0
378 804 0
159 684 0
159 850 0
159 940 0
160 838 0
838 780 0
838 471 0
167 267 0
167 320 0
167 353 0
169 500 0
169 776 0
500 594 0
500 674 0
170 543 0
171 673 0
673 298 0
673 421 0
172 318 0
172 656 0
318 420 0
318 800 0
318 822 0
318 669 0
318 952 0
175 748 0
748 476 0
748 615 0
176 215 0
215 437 0
215 669 0
215 804 0
215 883 0
178 580 0
580 646 0
580 677 0
584 291 0
180 367 0
180 629 0
180 890 0
180 953 0
181 763 0
763 598 0
183 809 0
809 275 0
809 381 0
809 466 0
185 297 0
297 400 0
297 948 0
187 252 0
252 386 0
252 524 0
433 875 0
433 386 0
193 426 0
193 522 0
193 621 0
195 535 0
535 374 0
535 523 0
497 291 0
198 819 0
819 666 0
201 471 0
201 630 0
201 666 0
201 789 0
201 945 0
203 935 0
935 370 0
204 635 0
635 504 0
635 540 0
635 833 0
209 387 0
209 388 0
209 503 0
209 843 0
210 778 0
778 264 0
778 656 0
778 840 0
778 943 0
211 811 0
811 937 0
212 406 0
406 336 0
406 448 0
216 322 0
216 644 0
218 279 0
279 357 0
279 373 0
328 273 0
328 916 0
226 576 0
576 355 0
576 403 0
576 506 0
576 562 0
227 228 0
227 271 0
227 286 0
227 804 0
227 292 0
271 292 0
271 634 0
271 712 0
229 468 0
468 732 0
468 958 0
676 466 0
232 674 0
674 410 0
233 668 0
233 810 0
233 817 0
668 866 0
668 946 0
668 956 0
668 986 0
668 305 0
237 255 0
255 558 0
255 847 0
255 860 0
239 765 0
765 432 0
765 756 0
240 559 0
559 757 0
386 868 0
245 254 0
254 353 0
254 417 0
254 814 0
247 868 0
249 487 0
487 282 0
250 382 0
382 675 0
382 737 0
382 869 0
251 253 0
251 735 0
251 977 0
251 924 0
735 768 0
735 417 0
353 561 0
260 305 0
260 622 0
260 681 0
260 846 0
305 341 0
261 786 0
786 461 0
263 787 0
787 345 0
265 923 0
923 706 0
266 418 0
266 420 0
266 671 0
266 897 0
420 325 0
268 988 0
988 299 0
988 431 0
269 505 0
505 303 0
505 348 0
634 649 0
272 599 0
599 648 0
599 374 0
599 782 0
273 707 0
273 839 0
707 293 0
707 804 0
707 810 0
314 479 0
314 492 0
314 795 0
560 291 0
285 856 0
856 356 0
287 419 0
419 394 0
419 682 0
419 896 0
288 474 0
288 798 0
288 873 0
873 325 0
873 821 0
289 446 0
446 377 0
446 551 0
291 876 0
876 738 0
876 790 0
293 709 0
709 430 0
709 543 0
335 775 0
301 715 0
715 571 0
304 773 0
773 361 0
341 371 0
341 458 0
341 704 0
341 965 0
307 848 0
848 633 0
316 683 0
316 712 0
321 743 0
743 438 0
324 962 0
962 723 0
962 924 0
325 845 0
845 375 0
330 409 0
330 543 0
330 760 0
330 933 0
543 350 0
338 726 0
726 538 0
726 912 0
339 961 0
961 455 0
961 784 0
340 583 0
340 628 0
340 921 0
488 775 0
488 783 0
350 611 0
350 943 0
611 761 0
351 509 0
509 528 0
561 702 0
561 777 0
358 855 0
855 443 0
361 579 0
361 863 0
579 864 0
363 445 0
363 688 0
363 862 0
363 872 0
366 640 0
640 402 0
368 521 0
368 588 0
368 656 0
521 417 0
521 899 0
369 734 0
734 620 0
375 452 0
375 636 0
375 900 0
452 776 0
379 385 0
379 416 0
383 658 0
658 687 0
396 467 0
396 774 0
396 831 0
396 869 0
396 919 0
398 821 0
821 408 0
821 476 0
405 556 0
407 913 0
913 857 0
412 701 0
701 541 0
423 460 0
423 728 0
423 880 0
429 783 0
783 465 0
783 812 0
434 601 0
601 466 0
486 627 0
444 817 0
817 949 0
451 724 0
451 932 0
451 936 0
451 940 0
459 916 0
916 762 0
466 754 0
754 614 0
683 775 0
472 768 0
768 619 0
768 714 0
768 982 0
475 682 0
475 699 0
682 626 0
483 993 0
993 596 0
993 600 0
485 761 0
761 514 0
627 690 0
493 555 0
555 922 0
555 974 0
494 633 0
633 874 0
495 556 0
556 830 0
499 899 0
594 745 0
594 867 0
502 859 0
502 931 0
931 839 0
503 769 0
503 998 0
769 704 0
998 632 0
511 857 0
857 954 0
513 805 0
805 678 0
805 968 0
517 530 0
530 770 0
547 971 0
971 567 0
548 886 0
886 703 0
550 903 0
903 604 0
569 590 0
569 742 0
981 839 0
577 690 0
690 657 0
816 785 0
816 813 0
626 655 0
626 713 0
631 980 0
980 638 0
980 878 0
651 966 0
966 753 0
656 839 0
663 878 0
878 712 0
665 901 0
901 796 0
704 719 0
712 781 0
712 887 0
712 895 0
733 960 0
960 884 0
751 983 0
983 977 0
780 877 0
851 947 0
851 957 0
947 906 0
957 925 0
957 987 0
863 976 0
