800 799 0
1 81 0
1 113 0
1 242 0
1 259 0
81 316 0
81 490 0
81 614 0
2 225 0
225 266 0
225 605 0
225 779 0
3 726 0
726 357 0
726 376 0
726 735 0
4 187 0
187 344 0
187 393 0
187 638 0
5 557 0
557 155 0
557 500 0
557 281 0
6 249 0
249 219 0
249 437 0
249 523 0
7 89 0
7 251 0
7 337 0
89 36 0
89 264 0
89 273 0
89 493 0
8 170 0
170 175 0
170 350 0
170 608 0
9 263 0
9 266 0
9 452 0
9 543 0
266 630 0
266 667 0
10 461 0
461 411 0
461 610 0
461 608 0
11 392 0
11 450 0
11 485 0
11 792 0
450 323 0
450 587 0
450 311 0
12 656 0
656 107 0
656 319 0
656 410 0
13 106 0
13 150 0
13 687 0
13 722 0
14 408 0
14 672 0
14 690 0
14 698 0
672 96 0
672 409 0
672 163 0
15 414 0
15 697 0
15 713 0
15 758 0
16 786 0
786 111 0
786 301 0
786 556 0
17 34 0
17 141 0
17 209 0
17 434 0
34 90 0
34 474 0
34 524 0
18 662 0
662 77 0
662 346 0
662 451 0
662 350 0
19 78 0
78 121 0
78 386 0
78 540 0
20 24 0
20 207 0
20 258 0
20 454 0
207 38 0
207 143 0
207 154 0
21 308 0
21 328 0
21 439 0
21 655 0
21 717 0
308 582 0
308 646 0
439 119 0
439 153 0
22 330 0
330 176 0
330 576 0
330 609 0
23 153 0
153 65 0
153 368 0
153 496 0
25 311 0
311 80 0
311 221 0
26 444 0
444 224 0
444 244 0
444 175 0
444 482 0
27 296 0
296 117 0
296 676 0
296 739 0
28 621 0
621 315 0
621 334 0
621 343 0
29 453 0
453 162 0
453 545 0
30 93 0
30 205 0
30 319 0
30 329 0
31 179 0
31 362 0
31 569 0
31 599 0
32 72 0
32 387 0
32 596 0
32 764 0
72 61 0
72 158 0
72 252 0
387 604 0
387 731 0
387 65 0
387 86 0
33 105 0
33 257 0
33 279 0
33 666 0
33 688 0
105 412 0
105 541 0
105 712 0
257 703 0
257 729 0
279 159 0
279 520 0
279 593 0
90 253 0
90 371 0
90 374 0
90 554 0
35 168 0
35 364 0
35 401 0
35 639 0
35 775 0
364 458 0
364 582 0
364 703 0
401 526 0
36 124 0
36 596 0
37 516 0
37 525 0
37 719 0
516 67 0
516 622 0
516 248 0
525 201 0
525 355 0
525 45 0
525 399 0
38 348 0
38 371 0
38 480 0
39 403 0
403 87 0
403 381 0
403 609 0
40 477 0
40 503 0
40 640 0
40 781 0
477 171 0
477 206 0
41 201 0
41 254 0
41 300 0
41 618 0
201 264 0
254 261 0
254 262 0
254 472 0
42 426 0
42 467 0
42 685 0
42 716 0
43 173 0
43 518 0
43 546 0
43 731 0
44 619 0
619 169 0
619 85 0
619 571 0
45 100 0
45 505 0
45 784 0
46 659 0
659 208 0
659 341 0
47 688 0
688 73 0
688 194 0
48 524 0
524 193 0
524 714 0
49 182 0
49 272 0
49 455 0
49 738 0
49 791 0
182 285 0
182 294 0
182 459 0
272 586 0
50 129 0
129 338 0
129 377 0
129 685 0
51 267 0
51 304 0
51 547 0
51 686 0
267 474 0
267 499 0
52 677 0
52 694 0
52 706 0
52 785 0
694 533 0
53 664 0
664 440 0
664 476 0
54 646 0
646 681 0
646 725 0
55 145 0
145 120 0
145 447 0
145 361 0
145 736 0
56 581 0
581 83 0
581 423 0
57 123 0
57 433 0
57 562 0
57 585 0
58 116 0
58 492 0
58 514 0
58 709 0
116 151 0
116 287 0
116 394 0
59 396 0
396 298 0
396 428 0
396 523 0
60 628 0
628 271 0
628 147 0
628 479 0
61 445 0
61 470 0
61 657 0
62 693 0
693 64 0
693 620 0
693 65 0
63 512 0
512 210 0
512 342 0
512 608 0
65 146 0
146 197 0
146 553 0
146 783 0
66 661 0
661 575 0
661 633 0
68 247 0
68 489 0
247 333 0
247 425 0
247 692 0
69 671 0
671 523 0
671 616 0
671 777 0
671 175 0
70 160 0
160 540 0
160 577 0
160 727 0
71 502 0
502 82 0
502 487 0
502 378 0
74 700 0
700 421 0
700 635 0
700 306 0
75 399 0
399 166 0
399 699 0
76 579 0
579 186 0
579 380 0
579 269 0
79 320 0
320 167 0
320 178 0
316 319 0
316 493 0
316 668 0
84 756 0
756 488 0
756 629 0
756 734 0
85 206 0
85 580 0
206 493 0
580 565 0
580 572 0
580 780 0
580 371 0
86 251 0
86 280 0
251 144 0
251 284 0
251 488 0
88 324 0
324 405 0
324 532 0
324 668 0
264 148 0
264 323 0
91 94 0
94 331 0
94 550 0
94 552 0
92 589 0
589 108 0
589 597 0
589 758 0
95 770 0
770 407 0
770 435 0
770 556 0
96 346 0
96 361 0
96 429 0
346 250 0
361 114 0
97 265 0
97 510 0
97 562 0
97 728 0
98 189 0
189 270 0
189 309 0
189 120 0
189 654 0
99 631 0
631 424 0
631 658 0
101 703 0
703 527 0
703 744 0
102 109 0
109 269 0
109 402 0
109 707 0
103 587 0
587 660 0
587 800 0
104 212 0
104 218 0
104 488 0
104 558 0
269 303 0
269 564 0
110 158 0
158 157 0
158 522 0
112 133 0
112 624 0
112 645 0
112 760 0
624 678 0
624 459 0
624 526 0
114 560 0
114 601 0
114 651 0
115 126 0
126 128 0
126 501 0
126 648 0
151 180 0
151 517 0
151 776 0
118 192 0
118 292 0
118 303 0
118 542 0
192 317 0
192 369 0
192 753 0
292 226 0
292 397 0
292 528 0
119 142 0
119 172 0
119 769 0
120 723 0
122 457 0
457 418 0
457 536 0
124 154 0
124 474 0
124 710 0
154 487 0
154 638 0
474 769 0
125 588 0
128 303 0
128 305 0
128 649 0
127 275 0
275 183 0
275 240 0
275 363 0
303 493 0
130 250 0
250 276 0
250 689 0
131 456 0
456 147 0
456 326 0
456 689 0
456 732 0
132 748 0
748 530 0
748 567 0
748 583 0
134 614 0
614 484 0
614 548 0
135 370 0
370 471 0
370 674 0
136 229 0
229 379 0
229 634 0
137 718 0
718 232 0
718 486 0
718 290 0
138 653 0
653 365 0
653 531 0
139 163 0
163 156 0
163 508 0
140 644 0
644 152 0
644 389 0
644 306 0
143 353 0
143 378 0
143 720 0
143 752 0
378 255 0
447 335 0
447 255 0
147 148 0
147 708 0
148 281 0
148 701 0
149 340 0
340 268 0
340 609 0
340 682 0
487 719 0
487 289 0
540 591 0
540 710 0
161 335 0
335 231 0
335 711 0
335 721 0
164 354 0
354 539 0
354 771 0
354 799 0
165 564 0
564 384 0
564 598 0
171 260 0
171 538 0
171 765 0
174 665 0
665 312 0
665 343 0
665 607 0
177 294 0
294 325 0
294 519 0
181 360 0
360 441 0
360 627 0
360 482 0
285 691 0
285 751 0
285 790 0
184 398 0
398 235 0
398 332 0
398 357 0
185 526 0
526 277 0
526 422 0
188 473 0
188 561 0
188 746 0
188 782 0
473 415 0
473 475 0
473 214 0
309 255 0
190 230 0
230 213 0
230 464 0
230 604 0
191 373 0
373 573 0
373 758 0
373 789 0
195 649 0
649 468 0
649 574 0
196 618 0
618 291 0
618 495 0
198 458 0
458 563 0
458 745 0
199 400 0
199 584 0
199 731 0
199 749 0
200 322 0
322 722 0
322 754 0
322 795 0
202 506 0
506 683 0
506 787 0
203 355 0
355 350 0
355 443 0
355 730 0
355 773 0
204 772 0
772 321 0
772 366 0
211 606 0
606 245 0
606 231 0
606 747 0
214 359 0
214 390 0
214 551 0
215 288 0
215 436 0
215 537 0
216 708 0
708 239 0
708 602 0
217 382 0
217 430 0
217 482 0
217 535 0
220 678 0
678 794 0
678 797 0
222 724 0
724 236 0
724 345 0
724 319 0
223 394 0
394 416 0
394 626 0
227 252 0
252 599 0
252 647 0
228 600 0
600 446 0
600 612 0
231 459 0
231 741 0
459 273 0
233 255 0
255 460 0
255 798 0
234 337 0
337 290 0
337 367 0
337 497 0
237 759 0
759 427 0
759 552 0
759 669 0
238 483 0
238 539 0
238 590 0
238 778 0
539 696 0
539 475 0
241 763 0
763 438 0
763 556 0
763 743 0
243 729 0
729 578 0
729 357 0
246 642 0
642 281 0
642 534 0
642 544 0
248 290 0
248 533 0
290 358 0
290 650 0
256 623 0
256 701 0
256 742 0
256 768 0
273 666 0
666 676 0
666 758 0
274 409 0
409 613 0
409 684 0
278 650 0
650 469 0
650 478 0
280 388 0
280 530 0
280 695 0
281 559 0
559 307 0
559 417 0
559 755 0
282 431 0
282 504 0
282 549 0
283 302 0
302 420 0
302 462 0
286 741 0
741 339 0
741 406 0
287 488 0
287 766 0
766 596 0
289 299 0
289 352 0
289 383 0
358 357 0
358 608 0
358 429 0
293 499 0
499 356 0
499 413 0
295 696 0
696 507 0
696 673 0
297 542 0
542 641 0
542 689 0
542 737 0
300 636 0
300 702 0
300 767 0
305 351 0
305 395 0
305 675 0
306 630 0
306 643 0
630 685 0
643 529 0
643 568 0
643 617 0
582 562 0
310 679 0
679 733 0
679 762 0
313 533 0
533 750 0
314 667 0
667 494 0
667 774 0
318 704 0
704 570 0
323 552 0
323 692 0
552 347 0
327 509 0
509 465 0
509 615 0
509 731 0
336 592 0
592 463 0
592 513 0
343 586 0
343 761 0
586 788 0
761 482 0
347 372 0
347 448 0
347 498 0
349 490 0
490 363 0
490 555 0
375 723 0
723 515 0
385 594 0
594 603 0
594 638 0
594 715 0
391 489 0
489 442 0
489 562 0
489 625 0
404 652 0
652 466 0
652 663 0
652 638 0
415 521 0
415 670 0
415 796 0
419 511 0
419 566 0
419 668 0
419 757 0
429 475 0
429 596 0
475 523 0
432 591 0
591 611 0
591 740 0
449 719 0
719 637 0
719 705 0
481 595 0
595 632 0
595 793 0
595 668 0
491 680 0
680 764 0
556 710 0
710 609 0
647 764 0
