564 599 0
1 248 0
248 140 0
2 164 0
2 171 0
2 382 0
2 387 0
2 462 0
2 467 0
171 37 0
382 571 0
3 111 0
111 46 0
111 145 0
111 265 0
111 370 0
4 79 0
4 139 0
79 49 0
79 62 0
79 179 0
79 256 0
79 425 0
79 427 0
5 136 0
136 60 0
136 88 0
136 597 0
6 13 0
13 10 0
13 83 0
13 120 0
13 228 0
13 572 0
7 21 0
7 106 0
7 144 0
7 274 0
21 154 0
21 216 0
21 347 0
8 334 0
334 134 0
334 412 0
334 75 0
334 444 0
9 152 0
9 423 0
9 515 0
9 523 0
152 26 0
423 173 0
423 476 0
423 502 0
10 408 0
10 418 0
10 434 0
408 32 0
408 53 0
11 124 0
11 302 0
11 402 0
11 420 0
11 490 0
124 202 0
124 591 0
124 434 0
302 170 0
12 159 0
159 121 0
159 348 0
159 428 0
159 446 0
159 368 0
159 493 0
83 240 0
83 437 0
83 539 0
83 592 0
14 337 0
337 80 0
337 523 0
15 40 0
40 18 0
40 176 0
40 209 0
16 56 0
56 66 0
56 141 0
56 247 0
17 71 0
71 62 0
71 168 0
71 513 0
19 589 0
589 429 0
20 37 0
20 189 0
20 344 0
20 441 0
20 524 0
37 52 0
37 89 0
189 43 0
189 160 0
344 373 0
154 64 0
154 127 0
154 492 0
216 115 0
216 575 0
22 129 0
22 346 0
22 347 0
22 419 0
129 102 0
129 205 0
346 60 0
346 176 0
347 332 0
347 348 0
23 439 0
439 303 0
439 574 0
439 55 0
439 60 0
24 99 0
99 231 0
99 421 0
99 569 0
25 278 0
278 102 0
26 52 0
26 306 0
26 321 0
26 419 0
52 240 0
52 415 0
52 494 0
306 68 0
306 538 0
321 87 0
321 142 0
27 256 0
27 355 0
27 359 0
27 378 0
27 553 0
256 559 0
28 379 0
379 395 0
379 200 0
379 501 0
29 240 0
29 251 0
29 273 0
29 474 0
240 132 0
251 310 0
251 400 0
273 313 0
30 243 0
30 268 0
30 339 0
30 499 0
30 563 0
31 288 0
288 259 0
288 421 0
32 405 0
32 450 0
405 48 0
405 85 0
405 102 0
33 170 0
170 86 0
170 91 0
170 320 0
170 551 0
34 199 0
34 232 0
34 460 0
34 555 0
35 213 0
35 328 0
35 528 0
35 537 0
213 122 0
213 193 0
36 74 0
74 228 0
74 403 0
74 556 0
89 175 0
89 239 0
89 280 0
89 333 0
89 399 0
89 424 0
89 558 0
38 262 0
262 322 0
262 324 0
39 86 0
39 158 0
39 368 0
39 527 0
86 276 0
86 538 0
158 126 0
176 450 0
176 477 0
41 185 0
41 212 0
41 364 0
41 568 0
41 580 0
185 477 0
185 495 0
212 58 0
212 534 0
212 578 0
212 57 0
364 377 0
364 451 0
42 211 0
211 73 0
211 484 0
211 547 0
211 234 0
44 67 0
67 57 0
67 250 0
67 315 0
45 524 0
524 388 0
524 145 0
524 196 0
47 96 0
47 155 0
47 161 0
47 401 0
155 201 0
155 388 0
155 530 0
50 380 0
380 72 0
380 186 0
380 362 0
51 177 0
177 130 0
177 200 0
177 283 0
177 392 0
54 424 0
424 354 0
424 366 0
55 193 0
55 275 0
55 482 0
193 65 0
193 441 0
275 109 0
275 575 0
66 349 0
66 493 0
57 201 0
59 97 0
59 326 0
59 477 0
97 175 0
97 292 0
97 512 0
97 578 0
60 495 0
61 88 0
61 135 0
61 517 0
61 557 0
61 573 0
62 234 0
63 147 0
147 330 0
147 504 0
250 115 0
68 78 0
68 356 0
68 583 0
356 350 0
69 239 0
239 187 0
239 371 0
70 410 0
410 139 0
410 140 0
410 280 0
410 281 0
410 440 0
72 142 0
72 375 0
72 516 0
72 575 0
142 126 0
142 509 0
142 573 0
375 76 0
375 230 0
375 293 0
228 482 0
75 95 0
75 540 0
95 224 0
95 395 0
95 459 0
95 600 0
77 434 0
434 131 0
434 376 0
179 575 0
179 578 0
81 182 0
182 153 0
182 338 0
182 461 0
182 509 0
82 495 0
495 138 0
84 316 0
316 416 0
87 265 0
87 305 0
87 325 0
87 369 0
265 272 0
265 566 0
305 184 0
305 486 0
175 183 0
280 123 0
399 198 0
90 539 0
539 112 0
91 319 0
91 336 0
92 119 0
92 153 0
92 450 0
119 234 0
119 285 0
119 320 0
119 484 0
93 195 0
93 283 0
93 397 0
93 510 0
283 374 0
94 532 0
532 208 0
532 564 0
532 581 0
532 132 0
292 298 0
98 488 0
488 271 0
488 289 0
488 421 0
100 258 0
258 181 0
258 365 0
101 598 0
598 221 0
598 436 0
598 139 0
102 238 0
103 398 0
398 535 0
398 545 0
104 165 0
165 233 0
165 555 0
165 490 0
105 559 0
559 307 0
107 314 0
314 114 0
108 291 0
291 223 0
109 367 0
109 393 0
109 419 0
109 448 0
109 591 0
367 444 0
367 512 0
393 506 0
393 145 0
419 323 0
110 116 0
116 409 0
116 444 0
116 468 0
113 191 0
113 299 0
113 343 0
299 180 0
115 342 0
115 588 0
117 536 0
536 311 0
536 443 0
118 230 0
118 295 0
118 308 0
118 348 0
122 146 0
122 183 0
122 196 0
122 227 0
122 595 0
183 267 0
123 140 0
123 163 0
123 474 0
140 128 0
140 186 0
140 433 0
202 137 0
202 151 0
202 585 0
125 486 0
126 188 0
188 458 0
188 484 0
188 577 0
133 279 0
279 383 0
139 201 0
201 215 0
201 261 0
201 513 0
143 592 0
592 236 0
148 167 0
148 348 0
148 493 0
148 562 0
149 590 0
590 194 0
150 374 0
374 162 0
151 363 0
363 301 0
363 432 0
153 218 0
218 178 0
218 369 0
156 593 0
593 533 0
593 512 0
593 200 0
157 272 0
272 372 0
166 312 0
312 253 0
312 254 0
169 319 0
319 414 0
319 499 0
319 184 0
172 489 0
489 269 0
489 435 0
489 565 0
174 584 0
584 282 0
450 214 0
450 270 0
477 257 0
477 531 0
180 464 0
180 544 0
180 554 0
184 394 0
190 241 0
241 192 0
241 294 0
241 471 0
441 206 0
197 225 0
197 254 0
197 396 0
197 543 0
254 389 0
254 529 0
254 558 0
203 540 0
540 384 0
540 388 0
540 520 0
204 246 0
204 479 0
204 499 0
204 548 0
205 358 0
205 505 0
358 222 0
505 242 0
505 391 0
206 266 0
206 287 0
206 309 0
206 369 0
206 457 0
207 360 0
207 444 0
207 447 0
209 415 0
209 566 0
415 324 0
415 499 0
415 519 0
210 349 0
349 317 0
484 538 0
217 255 0
217 327 0
217 332 0
217 462 0
217 498 0
219 582 0
582 340 0
582 482 0
220 326 0
326 454 0
326 472 0
326 542 0
226 523 0
229 571 0
237 276 0
276 244 0
276 473 0
245 394 0
245 422 0
245 483 0
394 411 0
394 525 0
422 290 0
247 351 0
247 541 0
247 575 0
351 286 0
351 385 0
249 596 0
596 381 0
252 350 0
350 431 0
260 284 0
260 331 0
260 490 0
260 494 0
490 455 0
263 465 0
465 506 0
264 357 0
264 401 0
401 500 0
271 323 0
271 493 0
323 466 0
277 304 0
277 512 0
298 353 0
298 386 0
296 480 0
480 300 0
466 403 0
454 442 0
336 413 0
336 519 0
345 549 0
549 526 0
500 581 0
403 515 0
515 452 0
515 496 0
515 508 0
417 576 0
576 438 0
430 594 0
594 469 0
594 474 0
433 442 0
442 518 0
453 580 0
580 561 0
456 599 0
599 507 0
487 581 0
581 546 0
555 568 0
