674 699 0
1 635 0
635 15 0
635 397 0
2 557 0
557 62 0
557 375 0
557 415 0
3 75 0
3 275 0
3 629 0
3 643 0
75 117 0
75 279 0
75 381 0
75 161 0
75 623 0
4 46 0
4 55 0
4 182 0
4 454 0
5 446 0
446 103 0
446 9 0
446 234 0
6 212 0
212 149 0
212 341 0
7 294 0
294 584 0
294 23 0
294 617 0
8 187 0
8 485 0
8 501 0
8 633 0
187 202 0
187 305 0
485 369 0
485 377 0
485 516 0
9 243 0
9 264 0
9 693 0
243 125 0
243 152 0
243 450 0
264 386 0
264 398 0
264 479 0
10 199 0
199 245 0
199 347 0
199 646 0
11 408 0
408 423 0
408 558 0
408 615 0
408 666 0
12 184 0
184 312 0
184 389 0
184 591 0
13 399 0
13 496 0
13 528 0
399 27 0
399 429 0
399 382 0
399 664 0
496 261 0
496 378 0
14 85 0
85 23 0
85 551 0
85 624 0
85 633 0
16 113 0
16 158 0
16 329 0
16 331 0
16 678 0
17 230 0
230 448 0
230 222 0
230 563 0
18 34 0
18 663 0
18 688 0
18 697 0
19 40 0
40 300 0
40 374 0
40 688 0
20 135 0
135 353 0
135 559 0
135 677 0
21 127 0
21 154 0
21 269 0
127 305 0
127 350 0
127 367 0
127 445 0
154 522 0
154 383 0
22 59 0
22 278 0
22 577 0
22 622 0
23 231 0
231 29 0
231 30 0
231 499 0
231 590 0
24 674 0
674 151 0
25 396 0
25 425 0
25 435 0
25 500 0
25 548 0
435 291 0
26 281 0
281 84 0
281 238 0
281 444 0
28 161 0
28 256 0
28 306 0
28 630 0
161 257 0
256 116 0
256 593 0
31 87 0
31 146 0
31 338 0
31 609 0
87 57 0
87 291 0
146 214 0
146 257 0
32 149 0
32 533 0
32 575 0
32 581 0
32 646 0
149 310 0
149 616 0
149 386 0
533 394 0
575 338 0
575 528 0
575 116 0
33 495 0
495 207 0
495 646 0
35 344 0
344 507 0
344 592 0
344 681 0
36 117 0
117 73 0
117 259 0
117 424 0
37 196 0
37 205 0
37 438 0
37 439 0
196 273 0
196 519 0
196 463 0
38 123 0
38 228 0
38 492 0
38 527 0
38 654 0
123 204 0
123 310 0
228 71 0
228 142 0
228 519 0
39 82 0
39 131 0
39 528 0
82 262 0
82 280 0
82 426 0
41 442 0
442 156 0
42 63 0
42 270 0
42 484 0
63 213 0
63 218 0
63 603 0
270 235 0
270 474 0
270 597 0
270 499 0
43 222 0
43 284 0
43 433 0
43 451 0
222 185 0
44 142 0
142 112 0
142 431 0
45 194 0
194 360 0
194 476 0
47 394 0
394 401 0
394 531 0
394 162 0
48 345 0
345 412 0
345 644 0
345 319 0
49 121 0
121 385 0
121 581 0
50 620 0
620 109 0
51 120 0
51 167 0
51 221 0
51 579 0
51 699 0
167 441 0
167 583 0
167 647 0
52 67 0
67 84 0
67 86 0
67 381 0
53 150 0
150 91 0
150 428 0
150 681 0
54 465 0
465 579 0
56 244 0
244 282 0
244 351 0
244 494 0
244 390 0
57 98 0
57 353 0
57 415 0
98 164 0
98 632 0
98 686 0
58 443 0
443 318 0
443 356 0
443 159 0
60 475 0
475 148 0
61 279 0
279 89 0
279 348 0
279 440 0
64 669 0
669 619 0
65 128 0
65 316 0
65 340 0
66 657 0
657 197 0
657 314 0
657 400 0
84 544 0
68 671 0
671 561 0
69 608 0
608 140 0
608 675 0
70 571 0
571 373 0
71 251 0
71 364 0
71 659 0
71 662 0
251 581 0
251 204 0
72 405 0
405 299 0
405 414 0
405 340 0
73 164 0
73 337 0
73 386 0
73 389 0
164 237 0
164 482 0
337 403 0
337 159 0
74 650 0
650 190 0
650 513 0
381 346 0
76 612 0
612 224 0
612 320 0
77 679 0
679 321 0
679 498 0
679 122 0
78 421 0
421 260 0
421 307 0
79 354 0
79 601 0
354 143 0
354 148 0
354 201 0
354 217 0
354 382 0
80 434 0
434 188 0
434 258 0
434 486 0
81 605 0
605 203 0
605 473 0
262 328 0
262 587 0
83 99 0
99 201 0
99 382 0
99 576 0
99 637 0
88 459 0
459 342 0
459 389 0
90 569 0
569 554 0
92 587 0
587 105 0
587 611 0
93 523 0
523 227 0
523 318 0
94 255 0
255 276 0
255 486 0
255 537 0
95 189 0
95 203 0
95 534 0
95 656 0
203 240 0
203 543 0
203 350 0
96 249 0
96 340 0
96 460 0
96 526 0
340 366 0
97 155 0
155 148 0
155 162 0
155 226 0
155 379 0
155 512 0
201 180 0
201 376 0
201 449 0
100 315 0
100 318 0
100 325 0
100 684 0
101 136 0
101 200 0
101 208 0
101 556 0
200 131 0
200 524 0
102 501 0
501 139 0
501 223 0
501 639 0
104 242 0
104 380 0
104 419 0
104 488 0
380 214 0
380 277 0
106 192 0
192 179 0
192 565 0
192 651 0
192 682 0
107 383 0
107 390 0
107 480 0
107 509 0
383 126 0
383 362 0
108 292 0
292 285 0
292 400 0
110 114 0
110 175 0
110 274 0
110 358 0
110 503 0
114 248 0
114 365 0
114 463 0
111 272 0
111 357 0
111 498 0
111 499 0
248 229 0
248 332 0
248 333 0
248 606 0
365 185 0
365 628 0
115 634 0
634 198 0
634 400 0
634 456 0
116 319 0
116 358 0
319 186 0
319 220 0
118 211 0
118 333 0
118 598 0
118 604 0
333 453 0
333 519 0
119 493 0
493 210 0
122 308 0
122 558 0
122 645 0
308 171 0
558 508 0
124 582 0
582 349 0
582 307 0
582 636 0
305 282 0
350 401 0
129 209 0
209 401 0
209 455 0
209 536 0
130 180 0
180 372 0
180 655 0
180 689 0
131 387 0
131 436 0
131 502 0
132 463 0
463 586 0
133 240 0
133 331 0
133 384 0
240 168 0
240 172 0
240 541 0
240 627 0
134 371 0
134 422 0
134 472 0
134 640 0
353 265 0
137 269 0
269 355 0
269 607 0
138 484 0
484 195 0
484 363 0
484 655 0
141 593 0
593 464 0
593 530 0
143 297 0
143 384 0
297 247 0
297 287 0
297 322 0
144 324 0
144 468 0
144 581 0
144 600 0
145 437 0
437 388 0
437 415 0
437 172 0
437 672 0
214 454 0
214 471 0
147 645 0
645 471 0
645 614 0
645 182 0
645 282 0
148 202 0
202 327 0
202 162 0
202 458 0
310 295 0
310 393 0
153 343 0
343 331 0
343 555 0
343 566 0
522 401 0
226 273 0
226 524 0
156 366 0
156 649 0
156 601 0
366 330 0
366 580 0
366 681 0
366 440 0
157 216 0
216 376 0
216 392 0
216 415 0
216 661 0
159 313 0
313 457 0
313 487 0
313 506 0
313 653 0
160 204 0
204 296 0
204 417 0
204 432 0
204 506 0
163 395 0
163 409 0
163 640 0
163 658 0
165 564 0
564 486 0
166 696 0
696 181 0
441 290 0
441 370 0
169 641 0
641 483 0
170 183 0
183 411 0
183 516 0
183 570 0
171 339 0
171 410 0
171 515 0
171 516 0
173 632 0
632 304 0
632 651 0
174 449 0
449 648 0
176 384 0
384 219 0
177 334 0
334 358 0
334 478 0
334 562 0
178 525 0
525 539 0
182 626 0
626 186 0
185 330 0
185 516 0
330 338 0
330 456 0
516 665 0
186 288 0
186 469 0
191 277 0
277 452 0
277 660 0
193 403 0
403 358 0
403 361 0
403 462 0
273 215 0
273 416 0
273 542 0
543 257 0
506 291 0
206 406 0
206 440 0
206 683 0
206 498 0
401 628 0
376 461 0
217 338 0
217 413 0
217 462 0
217 519 0
413 400 0
413 486 0
413 695 0
220 404 0
220 491 0
220 574 0
220 579 0
225 239 0
239 389 0
239 514 0
239 549 0
232 233 0
232 331 0
232 352 0
232 427 0
232 591 0
331 291 0
236 594 0
594 289 0
594 254 0
594 550 0
241 687 0
687 298 0
282 266 0
246 518 0
518 547 0
250 524 0
524 655 0
252 692 0
692 622 0
253 267 0
253 317 0
253 346 0
254 508 0
254 540 0
540 303 0
257 623 0
257 693 0
693 498 0
328 263 0
328 368 0
328 430 0
265 326 0
265 407 0
265 520 0
265 578 0
265 591 0
266 447 0
266 646 0
268 497 0
497 309 0
271 420 0
271 535 0
271 546 0
283 505 0
505 572 0
286 686 0
686 301 0
291 368 0
293 596 0
596 517 0
302 642 0
642 335 0
642 454 0
307 528 0
528 639 0
311 631 0
631 481 0
323 670 0
670 529 0
453 521 0
336 616 0
616 567 0
616 588 0
359 649 0
649 573 0
649 618 0
391 583 0
583 418 0
583 489 0
402 601 0
601 532 0
601 552 0
601 595 0
456 591 0
471 667 0
477 628 0
628 651 0
628 680 0
480 681 0
544 637 0
544 668 0
544 690 0
568 589 0
589 638 0
647 682 0
