775 799 0
1 4 0
1 219 0
1 223 0
1 391 0
1 766 0
1 793 0
4 384 0
219 100 0
219 416 0
223 192 0
223 58 0
223 226 0
391 592 0
391 719 0
391 394 0
2 351 0
351 212 0
351 274 0
351 426 0
3 595 0
595 462 0
5 318 0
5 330 0
5 633 0
318 176 0
318 258 0
318 661 0
318 688 0
6 330 0
330 18 0
330 151 0
7 55 0
7 524 0
7 637 0
7 716 0
55 133 0
55 172 0
8 59 0
59 327 0
59 517 0
9 320 0
9 457 0
9 651 0
9 709 0
10 135 0
10 290 0
10 636 0
10 485 0
135 655 0
290 168 0
290 196 0
290 768 0
11 218 0
11 285 0
11 586 0
11 708 0
218 19 0
218 201 0
218 303 0
218 784 0
285 35 0
285 209 0
285 528 0
586 230 0
586 698 0
12 138 0
12 385 0
12 494 0
12 665 0
12 732 0
138 173 0
138 731 0
13 574 0
574 115 0
574 270 0
574 446 0
574 661 0
14 86 0
14 406 0
14 546 0
14 626 0
14 798 0
86 564 0
86 787 0
15 136 0
15 594 0
15 618 0
15 650 0
16 276 0
276 303 0
276 476 0
276 490 0
276 675 0
17 541 0
541 243 0
541 266 0
541 544 0
18 474 0
18 610 0
18 785 0
474 52 0
474 161 0
474 426 0
20 203 0
20 269 0
20 328 0
20 460 0
20 565 0
460 509 0
460 719 0
21 746 0
746 445 0
746 485 0
746 539 0
746 225 0
22 339 0
22 403 0
22 409 0
22 440 0
22 687 0
339 599 0
23 698 0
698 641 0
24 92 0
24 129 0
24 589 0
24 686 0
92 156 0
92 275 0
92 321 0
129 81 0
129 695 0
25 428 0
428 281 0
428 441 0
26 505 0
505 147 0
505 162 0
505 298 0
505 538 0
505 262 0
27 275 0
275 221 0
275 341 0
275 366 0
28 754 0
754 191 0
754 396 0
754 793 0
29 286 0
286 325 0
286 353 0
286 764 0
30 522 0
522 761 0
31 109 0
109 189 0
109 250 0
109 400 0
32 663 0
663 661 0
663 689 0
663 713 0
33 230 0
230 195 0
230 359 0
34 177 0
177 64 0
177 666 0
177 762 0
36 192 0
36 412 0
36 549 0
192 232 0
192 552 0
37 172 0
172 496 0
172 633 0
172 724 0
38 79 0
38 122 0
38 305 0
38 640 0
39 91 0
91 197 0
91 402 0
91 614 0
40 190 0
190 248 0
190 410 0
41 312 0
41 376 0
41 631 0
41 633 0
41 747 0
376 438 0
42 509 0
509 294 0
43 582 0
582 429 0
44 421 0
44 552 0
44 632 0
44 774 0
421 592 0
421 565 0
552 438 0
45 165 0
165 225 0
165 695 0
165 370 0
165 776 0
46 81 0
81 434 0
81 467 0
47 644 0
644 368 0
644 484 0
644 618 0
644 620 0
48 394 0
394 121 0
394 361 0
49 737 0
737 159 0
737 295 0
737 331 0
50 262 0
50 618 0
50 623 0
50 656 0
262 600 0
618 83 0
51 69 0
51 245 0
51 350 0
51 647 0
53 144 0
53 306 0
53 652 0
53 679 0
53 714 0
652 76 0
652 226 0
54 283 0
283 264 0
283 675 0
56 563 0
563 241 0
57 763 0
763 587 0
58 114 0
58 195 0
58 430 0
114 60 0
114 106 0
114 337 0
195 289 0
60 279 0
60 395 0
60 591 0
61 603 0
603 373 0
62 493 0
62 518 0
62 609 0
62 708 0
493 622 0
518 185 0
518 265 0
518 308 0
518 678 0
518 222 0
518 334 0
63 437 0
437 504 0
437 534 0
437 530 0
437 413 0
65 357 0
357 561 0
357 648 0
357 791 0
66 261 0
261 180 0
261 348 0
261 430 0
67 168 0
168 366 0
168 593 0
68 299 0
299 532 0
299 550 0
299 742 0
70 680 0
680 158 0
680 317 0
680 125 0
71 760 0
760 443 0
72 84 0
72 337 0
84 232 0
84 453 0
84 576 0
84 661 0
84 711 0
73 179 0
73 184 0
73 188 0
73 202 0
73 214 0
179 244 0
179 229 0
74 580 0
580 112 0
75 89 0
89 569 0
89 570 0
89 733 0
76 146 0
76 334 0
76 472 0
76 658 0
76 664 0
77 141 0
77 331 0
77 710 0
77 734 0
331 533 0
331 653 0
78 718 0
718 535 0
718 633 0
718 167 0
718 175 0
80 738 0
738 336 0
434 302 0
434 358 0
82 597 0
597 243 0
597 365 0
597 523 0
83 164 0
83 305 0
83 370 0
83 401 0
164 296 0
164 498 0
305 200 0
305 643 0
305 658 0
370 243 0
232 536 0
232 155 0
232 199 0
453 236 0
576 233 0
85 105 0
85 131 0
85 470 0
85 675 0
87 296 0
296 199 0
296 235 0
88 525 0
525 215 0
525 234 0
90 770 0
770 799 0
402 417 0
402 653 0
402 150 0
156 263 0
156 677 0
156 682 0
93 611 0
611 436 0
611 516 0
611 585 0
94 454 0
454 228 0
454 568 0
95 311 0
95 322 0
95 393 0
95 482 0
311 196 0
311 619 0
322 621 0
96 657 0
657 152 0
657 431 0
657 651 0
97 257 0
257 313 0
257 685 0
98 249 0
249 375 0
249 413 0
249 448 0
249 530 0
99 456 0
456 310 0
456 778 0
456 475 0
100 186 0
100 700 0
100 786 0
101 730 0
730 612 0
102 571 0
571 332 0
571 358 0
571 755 0
103 727 0
727 143 0
727 378 0
727 255 0
104 521 0
521 668 0
106 246 0
106 387 0
106 683 0
106 766 0
107 545 0
545 194 0
545 247 0
545 268 0
108 289 0
289 363 0
289 662 0
110 127 0
127 155 0
127 301 0
127 519 0
111 260 0
260 231 0
260 564 0
260 704 0
113 492 0
492 354 0
492 430 0
492 562 0
116 123 0
116 169 0
116 382 0
116 692 0
169 133 0
169 239 0
169 251 0
117 175 0
117 182 0
117 559 0
117 584 0
175 712 0
118 438 0
438 366 0
438 481 0
119 433 0
119 648 0
119 748 0
119 773 0
648 252 0
120 413 0
120 478 0
120 676 0
120 687 0
120 798 0
413 415 0
478 196 0
478 549 0
124 309 0
124 471 0
124 632 0
125 132 0
125 142 0
125 338 0
132 211 0
132 392 0
132 601 0
142 590 0
142 600 0
142 695 0
126 307 0
307 242 0
307 255 0
155 173 0
128 667 0
667 130 0
667 651 0
133 220 0
133 502 0
133 750 0
134 166 0
134 208 0
134 353 0
134 427 0
137 610 0
610 395 0
610 660 0
610 777 0
610 308 0
139 533 0
533 292 0
533 418 0
533 564 0
140 592 0
592 254 0
592 480 0
590 653 0
145 451 0
145 452 0
145 728 0
145 789 0
451 196 0
451 578 0
451 621 0
148 229 0
229 149 0
229 744 0
150 344 0
150 412 0
344 390 0
344 400 0
344 649 0
153 236 0
236 556 0
236 691 0
154 416 0
416 355 0
416 439 0
416 446 0
173 608 0
173 790 0
263 304 0
263 708 0
157 543 0
543 160 0
163 442 0
442 217 0
442 795 0
225 609 0
167 417 0
417 181 0
417 489 0
417 625 0
170 573 0
573 268 0
573 340 0
573 397 0
171 605 0
605 243 0
608 621 0
174 302 0
302 362 0
302 606 0
178 319 0
178 408 0
178 459 0
178 600 0
244 358 0
244 412 0
183 278 0
278 381 0
278 668 0
278 699 0
187 567 0
567 347 0
567 352 0
567 353 0
193 717 0
717 637 0
198 726 0
726 466 0
726 628 0
726 636 0
199 231 0
231 267 0
231 463 0
200 207 0
200 388 0
200 645 0
204 609 0
609 360 0
609 707 0
205 238 0
238 293 0
238 654 0
238 752 0
206 743 0
743 237 0
743 386 0
210 745 0
745 752 0
213 273 0
273 389 0
273 475 0
273 602 0
214 308 0
214 655 0
308 697 0
216 599 0
599 473 0
222 252 0
222 288 0
252 412 0
252 637 0
252 752 0
224 621 0
621 420 0
621 553 0
226 596 0
226 762 0
596 383 0
762 426 0
227 267 0
267 405 0
267 487 0
536 646 0
233 450 0
233 465 0
233 584 0
239 315 0
239 401 0
315 259 0
315 588 0
315 635 0
401 549 0
401 785 0
240 259 0
259 503 0
259 634 0
243 731 0
358 349 0
358 705 0
358 758 0
251 501 0
251 577 0
251 583 0
412 511 0
637 722 0
253 712 0
712 632 0
712 672 0
712 684 0
255 288 0
255 653 0
288 423 0
288 757 0
256 297 0
256 356 0
256 369 0
256 430 0
268 335 0
268 785 0
268 787 0
335 708 0
785 550 0
271 655 0
655 613 0
272 532 0
272 766 0
272 771 0
272 797 0
532 304 0
277 719 0
719 314 0
719 792 0
280 696 0
696 527 0
696 550 0
282 400 0
282 469 0
282 515 0
282 581 0
400 708 0
284 475 0
284 483 0
284 604 0
475 367 0
475 520 0
287 500 0
500 486 0
500 628 0
291 415 0
415 537 0
415 753 0
298 643 0
300 651 0
300 768 0
651 321 0
304 342 0
304 584 0
342 316 0
342 554 0
342 558 0
342 749 0
342 794 0
643 508 0
643 715 0
316 364 0
321 384 0
321 565 0
384 367 0
384 463 0
384 549 0
565 364 0
565 697 0
323 338 0
338 329 0
338 455 0
338 564 0
324 326 0
326 616 0
326 741 0
333 578 0
578 447 0
578 674 0
337 345 0
337 531 0
558 495 0
343 422 0
343 665 0
343 690 0
343 735 0
665 511 0
346 526 0
526 398 0
349 540 0
349 725 0
353 463 0
353 560 0
758 414 0
758 446 0
364 432 0
364 782 0
371 635 0
635 379 0
635 425 0
372 673 0
673 510 0
673 701 0
374 383 0
383 530 0
383 642 0
383 679 0
377 461 0
461 630 0
461 694 0
380 646 0
399 780 0
780 617 0
549 783 0
404 498 0
498 607 0
407 787 0
787 449 0
411 769 0
769 679 0
511 630 0
419 444 0
419 529 0
419 615 0
424 619 0
619 514 0
619 548 0
435 638 0
638 557 0
458 768 0
768 507 0
768 639 0
630 464 0
464 722 0
468 697 0
697 488 0
697 756 0
477 495 0
499 722 0
722 547 0
722 721 0
506 765 0
765 598 0
765 658 0
512 800 0
800 739 0
513 729 0
729 551 0
668 731 0
542 572 0
542 575 0
550 736 0
564 693 0
627 788 0
788 647 0
636 731 0
731 733 0
720 767 0
