1000 999 0
1 388 0
1 474 0
1 678 0
1 874 0
474 239 0
474 775 0
474 814 0
2 97 0
97 490 0
97 898 0
97 964 0
3 404 0
404 608 0
404 688 0
404 790 0
4 492 0
492 42 0
492 506 0
492 922 0
5 979 0
979 155 0
979 391 0
979 528 0
6 225 0
225 203 0
225 245 0
225 306 0
7 470 0
470 147 0
470 573 0
470 512 0
8 677 0
677 217 0
677 675 0
9 603 0
603 43 0
603 649 0
603 746 0
10 625 0
625 835 0
625 912 0
11 294 0
294 546 0
294 647 0
294 939 0
12 17 0
17 248 0
17 286 0
17 327 0
17 902 0
13 709 0
709 347 0
709 372 0
14 165 0
14 323 0
14 403 0
14 849 0
15 823 0
823 260 0
823 932 0
823 314 0
16 798 0
798 144 0
798 657 0
248 77 0
248 576 0
286 657 0
286 753 0
18 202 0
18 531 0
18 721 0
18 928 0
19 257 0
19 446 0
19 533 0
19 683 0
257 148 0
257 545 0
257 548 0
257 835 0
446 82 0
446 416 0
446 557 0
20 469 0
20 504 0
20 737 0
20 878 0
469 190 0
469 544 0
469 775 0
469 148 0
469 622 0
21 309 0
21 664 0
21 685 0
21 871 0
664 89 0
664 236 0
22 961 0
961 363 0
961 802 0
961 329 0
23 793 0
793 727 0
793 757 0
793 983 0
793 701 0
24 65 0
24 519 0
24 782 0
24 1000 0
25 805 0
805 489 0
805 895 0
805 494 0
26 279 0
279 488 0
279 496 0
27 189 0
189 235 0
189 425 0
189 617 0
28 440 0
440 377 0
440 552 0
29 208 0
208 373 0
208 513 0
208 898 0
30 429 0
30 590 0
30 667 0
30 732 0
429 206 0
429 728 0
429 731 0
590 191 0
590 384 0
590 994 0
31 101 0
31 634 0
31 839 0
31 946 0
101 318 0
101 324 0
101 612 0
32 209 0
32 249 0
32 370 0
32 608 0
32 739 0
209 722 0
209 736 0
33 116 0
33 346 0
33 849 0
33 885 0
34 753 0
753 478 0
753 430 0
35 300 0
300 131 0
300 397 0
300 794 0
36 316 0
36 665 0
36 804 0
36 958 0
665 775 0
37 121 0
37 356 0
37 500 0
37 936 0
38 171 0
171 360 0
171 582 0
171 787 0
39 259 0
39 303 0
39 704 0
39 921 0
40 687 0
687 196 0
687 293 0
687 597 0
41 380 0
380 94 0
380 212 0
44 866 0
866 280 0
866 838 0
866 821 0
45 342 0
342 142 0
342 160 0
342 872 0
342 929 0
46 652 0
652 112 0
652 527 0
652 720 0
47 263 0
263 282 0
263 387 0
263 495 0
263 835 0
263 919 0
48 614 0
48 726 0
614 297 0
614 364 0
614 441 0
49 228 0
228 151 0
228 264 0
228 762 0
50 87 0
50 114 0
50 553 0
50 834 0
87 77 0
87 291 0
114 502 0
114 497 0
114 631 0
51 521 0
521 417 0
521 943 0
521 773 0
52 210 0
52 487 0
52 567 0
210 550 0
210 613 0
210 655 0
487 224 0
487 410 0
487 491 0
53 796 0
796 164 0
796 175 0
796 981 0
796 124 0
54 56 0
56 222 0
56 582 0
56 811 0
55 903 0
903 748 0
903 831 0
57 622 0
622 311 0
622 668 0
58 591 0
591 299 0
591 716 0
591 936 0
59 852 0
852 695 0
852 807 0
852 704 0
60 538 0
538 424 0
538 752 0
538 582 0
61 463 0
463 355 0
463 436 0
463 471 0
62 691 0
62 791 0
62 884 0
62 988 0
691 215 0
691 568 0
691 214 0
63 663 0
663 289 0
663 767 0
663 799 0
64 136 0
136 679 0
136 699 0
66 233 0
66 764 0
66 806 0
233 402 0
233 722 0
67 145 0
67 554 0
67 586 0
145 109 0
145 152 0
145 394 0
145 648 0
68 837 0
837 281 0
837 307 0
837 445 0
69 313 0
313 459 0
313 509 0
313 544 0
313 984 0
70 509 0
70 697 0
70 861 0
70 972 0
509 736 0
509 77 0
71 170 0
170 241 0
170 276 0
170 928 0
72 497 0
497 75 0
73 216 0
73 340 0
73 486 0
73 923 0
216 180 0
216 201 0
216 461 0
74 196 0
74 426 0
74 738 0
74 889 0
196 765 0
196 768 0
76 204 0
204 106 0
204 561 0
204 755 0
77 462 0
78 141 0
78 332 0
78 395 0
78 800 0
141 291 0
141 420 0
141 899 0
79 560 0
560 413 0
560 539 0
560 794 0
80 354 0
354 254 0
354 369 0
81 99 0
81 322 0
81 358 0
81 754 0
83 674 0
674 343 0
674 578 0
84 554 0
554 207 0
554 853 0
554 890 0
85 353 0
353 358 0
353 522 0
353 779 0
86 214 0
214 596 0
214 651 0
88 231 0
231 110 0
231 221 0
231 872 0
89 724 0
89 890 0
89 931 0
724 262 0
90 916 0
916 447 0
916 457 0
916 937 0
91 586 0
586 830 0
586 156 0
92 184 0
184 494 0
184 555 0
184 917 0
93 278 0
93 392 0
93 462 0
93 719 0
95 305 0
305 394 0
305 670 0
305 864 0
96 927 0
927 507 0
927 673 0
927 873 0
98 211 0
211 632 0
211 771 0
211 992 0
100 756 0
756 633 0
756 770 0
756 777 0
756 156 0
318 161 0
318 494 0
318 950 0
102 816 0
816 517 0
816 718 0
816 657 0
103 505 0
505 564 0
505 235 0
505 693 0
104 694 0
694 430 0
694 160 0
694 515 0
105 277 0
277 123 0
277 704 0
277 954 0
107 113 0
107 421 0
107 503 0
107 725 0
421 262 0
421 524 0
421 891 0
108 860 0
860 140 0
860 359 0
860 762 0
111 201 0
201 157 0
201 601 0
502 479 0
502 607 0
502 658 0
115 418 0
418 527 0
418 637 0
418 905 0
418 495 0
117 611 0
611 247 0
611 467 0
611 715 0
118 643 0
118 708 0
118 789 0
118 904 0
708 461 0
119 783 0
783 705 0
783 763 0
783 355 0
783 526 0
120 199 0
120 526 0
120 619 0
120 968 0
526 230 0
122 599 0
599 298 0
599 317 0
599 762 0
124 473 0
124 620 0
473 877 0
473 883 0
125 656 0
656 334 0
656 815 0
126 361 0
126 482 0
126 494 0
126 744 0
127 422 0
422 290 0
422 537 0
422 358 0
128 575 0
575 444 0
575 702 0
575 933 0
129 468 0
468 205 0
468 348 0
468 723 0
130 174 0
130 566 0
130 673 0
130 876 0
132 451 0
451 493 0
451 547 0
451 834 0
133 960 0
960 244 0
960 455 0
960 243 0
134 589 0
589 193 0
589 449 0
589 462 0
135 825 0
825 594 0
825 834 0
825 944 0
137 197 0
197 462 0
197 495 0
197 579 0
138 842 0
842 329 0
842 514 0
842 829 0
139 574 0
139 666 0
139 863 0
574 804 0
574 936 0
291 701 0
291 704 0
143 741 0
741 809 0
741 936 0
741 982 0
146 508 0
508 229 0
508 713 0
508 981 0
149 365 0
365 230 0
365 258 0
365 740 0
150 666 0
666 269 0
666 827 0
153 237 0
237 352 0
237 400 0
237 630 0
154 848 0
848 336 0
848 414 0
848 952 0
156 330 0
156 518 0
330 394 0
330 630 0
330 911 0
518 345 0
518 847 0
518 897 0
158 220 0
220 427 0
220 512 0
220 879 0
159 226 0
226 438 0
226 481 0
226 937 0
160 723 0
161 671 0
161 726 0
161 832 0
671 230 0
671 863 0
671 561 0
162 828 0
828 274 0
828 947 0
828 950 0
163 850 0
850 615 0
850 723 0
850 544 0
166 200 0
200 351 0
200 546 0
200 571 0
167 623 0
623 243 0
623 600 0
623 918 0
168 218 0
218 302 0
218 746 0
218 868 0
169 856 0
856 331 0
856 845 0
856 951 0
172 869 0
869 466 0
869 950 0
869 953 0
173 722 0
722 818 0
722 915 0
722 632 0
176 899 0
899 256 0
899 975 0
177 736 0
736 406 0
736 618 0
178 310 0
310 253 0
310 804 0
310 887 0
179 182 0
179 338 0
179 706 0
179 931 0
180 810 0
180 826 0
180 908 0
181 707 0
707 587 0
707 977 0
707 506 0
183 477 0
477 371 0
477 444 0
477 628 0
185 924 0
924 551 0
924 786 0
186 894 0
894 379 0
894 442 0
894 553 0
187 411 0
411 285 0
411 511 0
411 527 0
188 273 0
273 192 0
273 255 0
235 480 0
190 640 0
190 730 0
190 836 0
194 888 0
888 460 0
888 581 0
888 289 0
195 448 0
448 335 0
448 773 0
448 792 0
198 858 0
858 325 0
858 914 0
858 804 0
203 350 0
203 870 0
203 875 0
350 326 0
350 696 0
350 733 0
632 553 0
213 304 0
304 219 0
304 541 0
304 553 0
215 358 0
215 909 0
215 968 0
223 645 0
645 430 0
645 610 0
645 750 0
227 870 0
870 319 0
870 609 0
230 265 0
230 906 0
265 349 0
265 435 0
265 817 0
232 314 0
232 484 0
232 501 0
232 676 0
314 653 0
314 821 0
402 396 0
402 542 0
402 759 0
234 684 0
684 766 0
684 892 0
684 863 0
480 357 0
480 598 0
480 840 0
236 593 0
236 907 0
236 941 0
238 588 0
588 772 0
588 794 0
588 841 0
239 423 0
239 986 0
239 998 0
240 289 0
240 498 0
240 780 0
240 871 0
240 901 0
289 453 0
289 844 0
242 995 0
995 646 0
243 428 0
243 832 0
428 563 0
428 585 0
428 993 0
246 732 0
732 851 0
732 976 0
250 272 0
250 355 0
250 770 0
250 955 0
355 667 0
251 595 0
595 267 0
595 329 0
595 543 0
252 653 0
653 344 0
653 669 0
653 710 0
261 855 0
855 472 0
262 773 0
262 978 0
282 383 0
282 711 0
282 821 0
266 324 0
324 846 0
324 926 0
268 891 0
891 389 0
891 862 0
270 940 0
940 401 0
940 893 0
940 528 0
940 896 0
271 465 0
465 450 0
465 604 0
465 863 0
275 882 0
882 283 0
882 580 0
383 296 0
383 627 0
383 813 0
284 458 0
284 616 0
284 650 0
458 433 0
458 662 0
458 967 0
616 321 0
616 686 0
616 997 0
616 871 0
650 297 0
650 827 0
287 295 0
287 398 0
287 506 0
287 584 0
287 893 0
506 638 0
288 735 0
735 307 0
735 339 0
735 393 0
453 673 0
701 499 0
701 717 0
292 635 0
635 510 0
635 989 0
546 385 0
297 667 0
301 801 0
801 467 0
801 742 0
801 758 0
394 661 0
307 734 0
734 485 0
734 558 0
734 641 0
308 605 0
605 910 0
605 937 0
605 959 0
312 776 0
776 333 0
776 703 0
315 682 0
315 723 0
315 822 0
315 973 0
723 638 0
320 729 0
729 561 0
729 689 0
729 819 0
328 965 0
965 431 0
965 957 0
965 898 0
329 765 0
765 911 0
765 937 0
337 568 0
568 441 0
568 925 0
341 561 0
341 644 0
341 761 0
341 859 0
362 381 0
381 535 0
381 747 0
381 978 0
364 461 0
364 821 0
364 620 0
461 981 0
366 631 0
631 408 0
631 966 0
367 745 0
745 512 0
745 572 0
745 962 0
368 382 0
382 532 0
382 583 0
382 849 0
374 692 0
692 636 0
692 820 0
375 991 0
991 452 0
991 996 0
991 981 0
376 690 0
690 439 0
690 797 0
378 768 0
768 642 0
768 974 0
385 405 0
385 751 0
385 985 0
386 516 0
516 528 0
516 672 0
516 774 0
390 483 0
483 444 0
483 712 0
483 785 0
399 476 0
476 608 0
476 659 0
476 710 0
608 620 0
407 654 0
407 881 0
407 950 0
407 956 0
409 437 0
437 746 0
437 784 0
437 938 0
412 533 0
533 520 0
533 795 0
415 900 0
900 432 0
900 803 0
900 999 0
900 834 0
527 832 0
419 781 0
781 559 0
781 592 0
781 863 0
420 434 0
420 464 0
420 942 0
430 775 0
746 913 0
441 680 0
443 540 0
540 602 0
540 824 0
540 630 0
444 638 0
454 567 0
567 935 0
567 969 0
456 778 0
778 525 0
778 681 0
778 928 0
467 812 0
467 913 0
812 529 0
812 534 0
812 629 0
812 714 0
475 698 0
698 556 0
698 657 0
698 769 0
499 629 0
499 760 0
499 808 0
499 833 0
638 911 0
512 570 0
570 680 0
570 928 0
570 952 0
528 523 0
523 582 0
523 680 0
523 794 0
524 565 0
524 710 0
524 949 0
524 999 0
832 992 0
530 621 0
621 880 0
621 920 0
536 814 0
814 930 0
814 948 0
549 906 0
906 963 0
906 970 0
562 576 0
576 660 0
576 934 0
569 639 0
639 630 0
639 893 0
639 990 0
680 913 0
680 987 0
577 717 0
717 843 0
717 945 0
606 661 0
661 700 0
661 971 0
612 749 0
612 857 0
612 980 0
620 762 0
620 849 0
624 867 0
867 626 0
867 865 0
657 667 0
913 898 0
987 909 0
987 999 0
683 1000 0
726 911 0
743 773 0
743 788 0
743 854 0
743 886 0
875 909 0
931 983 0
