775 799 0
1 63 0
1 111 0
1 524 0
63 149 0
63 220 0
63 747 0
2 123 0
2 317 0
2 717 0
2 740 0
123 340 0
3 566 0
566 258 0
566 261 0
566 552 0
566 226 0
566 244 0
566 246 0
566 392 0
4 79 0
79 39 0
79 501 0
79 682 0
5 129 0
5 438 0
129 57 0
129 67 0
129 214 0
129 668 0
129 559 0
6 335 0
335 183 0
335 392 0
7 213 0
213 134 0
213 271 0
213 462 0
8 159 0
8 477 0
8 491 0
8 534 0
159 56 0
159 462 0
477 404 0
477 27 0
477 481 0
9 375 0
375 357 0
375 529 0
375 370 0
10 580 0
580 608 0
580 737 0
580 118 0
580 440 0
580 264 0
11 324 0
11 339 0
11 480 0
11 576 0
12 406 0
12 559 0
12 669 0
12 763 0
559 95 0
559 19 0
13 716 0
716 698 0
14 372 0
372 264 0
372 704 0
372 778 0
15 77 0
15 418 0
15 442 0
15 574 0
77 401 0
77 635 0
77 465 0
418 352 0
418 46 0
418 733 0
16 422 0
422 112 0
422 259 0
422 332 0
17 603 0
603 249 0
603 228 0
603 310 0
18 68 0
18 277 0
18 489 0
18 495 0
18 644 0
489 312 0
489 408 0
19 109 0
19 142 0
19 758 0
109 179 0
109 283 0
142 36 0
142 404 0
20 32 0
20 471 0
20 515 0
20 728 0
21 347 0
21 525 0
21 583 0
21 625 0
347 269 0
347 395 0
347 658 0
525 441 0
525 770 0
525 135 0
22 125 0
125 410 0
125 442 0
125 684 0
23 191 0
191 216 0
191 744 0
24 754 0
754 544 0
754 266 0
25 65 0
25 202 0
25 280 0
25 282 0
202 67 0
202 584 0
26 359 0
359 169 0
359 699 0
359 787 0
27 209 0
27 278 0
27 299 0
27 739 0
299 291 0
299 552 0
299 438 0
28 463 0
463 206 0
463 683 0
463 687 0
29 208 0
29 452 0
29 490 0
29 528 0
30 575 0
575 238 0
575 112 0
575 768 0
31 307 0
307 176 0
307 244 0
307 678 0
307 722 0
33 200 0
33 571 0
33 602 0
33 788 0
200 35 0
200 378 0
200 476 0
200 710 0
571 346 0
34 95 0
95 611 0
95 643 0
36 106 0
36 120 0
36 465 0
106 88 0
120 267 0
120 333 0
120 650 0
120 694 0
37 736 0
736 232 0
38 46 0
46 175 0
46 767 0
40 672 0
672 499 0
41 354 0
41 524 0
41 628 0
41 783 0
524 43 0
524 350 0
524 671 0
42 59 0
42 228 0
42 257 0
42 417 0
42 679 0
59 61 0
228 350 0
228 511 0
43 66 0
43 711 0
43 731 0
44 519 0
44 560 0
519 464 0
519 639 0
519 118 0
519 748 0
45 435 0
435 110 0
435 282 0
435 742 0
47 387 0
387 343 0
387 527 0
387 613 0
48 436 0
48 586 0
48 683 0
48 799 0
49 352 0
352 403 0
352 596 0
50 203 0
50 210 0
50 576 0
50 692 0
51 800 0
800 245 0
800 304 0
52 512 0
512 83 0
512 455 0
512 244 0
53 503 0
503 293 0
54 80 0
80 254 0
80 367 0
80 568 0
55 85 0
55 172 0
55 222 0
55 231 0
55 376 0
85 421 0
85 583 0
172 790 0
172 495 0
56 255 0
56 392 0
56 426 0
56 517 0
56 540 0
517 381 0
58 420 0
58 449 0
58 574 0
58 685 0
60 624 0
624 229 0
624 161 0
624 543 0
61 151 0
61 218 0
61 225 0
218 351 0
218 567 0
218 560 0
62 225 0
62 328 0
62 631 0
62 636 0
62 792 0
225 121 0
64 119 0
64 137 0
64 327 0
64 549 0
67 556 0
556 130 0
556 464 0
556 732 0
69 368 0
368 265 0
368 488 0
368 505 0
70 204 0
204 166 0
204 398 0
204 478 0
204 554 0
71 786 0
786 233 0
72 81 0
81 338 0
81 364 0
81 717 0
73 558 0
73 595 0
73 635 0
558 93 0
558 121 0
558 423 0
74 726 0
726 217 0
726 256 0
75 224 0
224 98 0
224 260 0
224 294 0
224 501 0
76 84 0
76 190 0
76 301 0
76 751 0
401 464 0
401 92 0
78 268 0
78 289 0
78 360 0
78 790 0
268 272 0
268 535 0
268 745 0
289 169 0
289 694 0
289 327 0
82 241 0
82 733 0
241 455 0
241 522 0
241 557 0
421 195 0
421 242 0
421 453 0
86 188 0
86 626 0
86 654 0
86 680 0
87 179 0
179 132 0
179 386 0
88 126 0
88 365 0
88 498 0
498 312 0
498 96 0
89 112 0
89 266 0
89 333 0
89 383 0
89 636 0
266 583 0
333 416 0
383 316 0
383 584 0
90 481 0
481 212 0
481 336 0
91 215 0
91 226 0
91 252 0
91 563 0
226 312 0
226 428 0
92 157 0
92 385 0
92 530 0
157 219 0
157 306 0
157 466 0
157 762 0
385 156 0
385 162 0
385 361 0
385 677 0
385 769 0
93 404 0
93 590 0
93 642 0
404 515 0
94 415 0
94 433 0
94 442 0
94 473 0
96 326 0
96 424 0
96 587 0
97 553 0
553 173 0
99 128 0
99 282 0
99 541 0
99 705 0
282 312 0
282 785 0
100 300 0
300 370 0
300 598 0
101 234 0
234 302 0
234 329 0
234 389 0
102 262 0
102 462 0
102 642 0
262 146 0
262 497 0
262 538 0
103 659 0
659 279 0
104 650 0
104 794 0
650 562 0
105 671 0
671 133 0
671 315 0
107 320 0
107 457 0
107 515 0
107 657 0
107 796 0
457 341 0
457 530 0
515 340 0
108 645 0
645 290 0
111 127 0
111 572 0
111 578 0
111 620 0
578 795 0
113 316 0
316 504 0
316 552 0
114 135 0
114 478 0
114 551 0
114 666 0
135 789 0
478 153 0
115 445 0
445 391 0
445 490 0
445 536 0
116 582 0
582 514 0
582 455 0
582 545 0
117 311 0
117 416 0
117 438 0
117 794 0
311 174 0
311 122 0
311 425 0
416 389 0
118 367 0
367 267 0
367 615 0
267 350 0
267 490 0
121 548 0
548 189 0
548 523 0
548 707 0
122 140 0
140 145 0
140 351 0
140 547 0
124 621 0
621 192 0
621 250 0
131 184 0
131 185 0
131 734 0
131 635 0
184 154 0
184 413 0
184 447 0
184 474 0
185 199 0
185 246 0
185 274 0
185 287 0
136 638 0
638 356 0
638 574 0
138 163 0
138 165 0
138 459 0
138 640 0
163 141 0
163 330 0
139 605 0
605 275 0
605 288 0
605 156 0
145 555 0
145 618 0
145 651 0
351 717 0
351 694 0
141 310 0
141 630 0
141 665 0
141 741 0
310 684 0
143 438 0
438 695 0
438 770 0
144 579 0
579 439 0
579 264 0
579 612 0
147 597 0
597 198 0
597 428 0
597 764 0
148 469 0
469 240 0
469 617 0
469 169 0
150 735 0
735 348 0
735 758 0
735 313 0
152 602 0
602 388 0
602 493 0
153 366 0
153 500 0
153 729 0
155 379 0
155 462 0
155 714 0
155 719 0
462 330 0
462 595 0
462 413 0
219 539 0
158 652 0
652 664 0
160 297 0
297 532 0
297 604 0
297 585 0
297 607 0
161 285 0
161 414 0
161 585 0
161 712 0
285 458 0
285 561 0
285 691 0
414 447 0
414 485 0
414 776 0
414 782 0
164 771 0
771 373 0
166 362 0
167 451 0
451 235 0
451 564 0
451 722 0
168 664 0
169 318 0
318 530 0
170 584 0
584 513 0
584 546 0
171 360 0
360 660 0
360 746 0
360 791 0
177 734 0
734 619 0
734 696 0
178 319 0
178 344 0
178 697 0
319 342 0
319 487 0
319 661 0
344 276 0
344 411 0
344 494 0
180 286 0
180 382 0
180 430 0
180 562 0
382 592 0
382 363 0
181 789 0
789 325 0
789 654 0
789 730 0
182 790 0
790 688 0
246 547 0
186 363 0
363 599 0
363 765 0
363 237 0
187 362 0
362 570 0
362 599 0
193 253 0
253 483 0
253 610 0
253 260 0
253 667 0
194 331 0
331 323 0
331 472 0
196 588 0
588 265 0
197 264 0
197 495 0
197 599 0
495 405 0
495 450 0
378 389 0
201 656 0
656 371 0
656 456 0
205 795 0
795 502 0
207 448 0
448 599 0
448 622 0
448 743 0
211 775 0
775 369 0
221 291 0
221 501 0
291 400 0
291 522 0
223 633 0
633 273 0
294 370 0
312 581 0
428 636 0
428 447 0
227 550 0
550 409 0
350 610 0
511 655 0
230 794 0
794 720 0
794 323 0
236 283 0
283 295 0
283 397 0
237 323 0
323 599 0
239 370 0
239 531 0
239 700 0
239 772 0
370 635 0
243 592 0
592 479 0
592 636 0
592 727 0
247 797 0
797 470 0
797 574 0
248 708 0
708 390 0
251 609 0
609 454 0
263 637 0
637 389 0
265 662 0
270 431 0
270 475 0
270 623 0
270 756 0
431 635 0
431 308 0
275 758 0
281 632 0
632 443 0
632 533 0
632 757 0
284 419 0
419 327 0
419 616 0
419 648 0
292 506 0
506 641 0
296 308 0
308 349 0
308 676 0
532 674 0
298 595 0
595 337 0
303 521 0
521 374 0
521 380 0
521 427 0
521 636 0
305 405 0
405 355 0
309 547 0
547 689 0
581 330 0
581 465 0
581 712 0
313 389 0
313 697 0
389 408 0
314 614 0
614 508 0
614 589 0
321 777 0
777 518 0
322 334 0
322 440 0
322 663 0
322 501 0
327 539 0
539 396 0
539 402 0
330 722 0
340 429 0
340 461 0
340 594 0
340 681 0
341 565 0
341 629 0
345 567 0
567 358 0
567 718 0
353 601 0
601 686 0
615 393 0
377 766 0
766 520 0
766 646 0
381 569 0
381 647 0
381 793 0
384 460 0
384 467 0
384 709 0
408 675 0
408 738 0
394 444 0
394 496 0
394 527 0
394 593 0
399 625 0
625 502 0
464 537 0
407 733 0
733 702 0
733 781 0
412 654 0
412 747 0
412 779 0
747 684 0
747 750 0
779 465 0
432 760 0
760 486 0
434 649 0
649 507 0
437 560 0
560 723 0
560 784 0
446 642 0
642 673 0
450 627 0
450 713 0
468 526 0
526 482 0
501 591 0
591 527 0
516 662 0
662 573 0
662 759 0
530 577 0
530 706 0
674 764 0
542 697 0
697 701 0
562 583 0
583 694 0
764 796 0
751 788 0
