855 899 0
1 337 0
1 614 0
1 631 0
337 66 0
337 103 0
337 719 0
2 119 0
2 572 0
2 576 0
2 687 0
2 839 0
576 109 0
3 886 0
886 688 0
4 248 0
4 428 0
4 579 0
248 362 0
248 441 0
248 565 0
248 713 0
248 796 0
5 131 0
5 360 0
5 496 0
5 789 0
131 182 0
131 517 0
131 523 0
360 201 0
360 267 0
360 619 0
6 505 0
6 635 0
6 705 0
6 756 0
505 529 0
7 755 0
755 38 0
755 663 0
8 375 0
375 223 0
375 336 0
375 885 0
9 122 0
9 229 0
9 691 0
9 793 0
122 121 0
122 213 0
122 266 0
122 694 0
10 874 0
874 157 0
874 273 0
874 208 0
11 672 0
672 286 0
672 407 0
672 627 0
12 754 0
754 364 0
13 859 0
859 483 0
14 39 0
39 343 0
39 618 0
39 688 0
15 226 0
15 396 0
15 408 0
15 752 0
226 40 0
226 188 0
226 588 0
408 114 0
16 464 0
464 406 0
17 474 0
17 555 0
17 619 0
17 692 0
555 77 0
555 816 0
619 380 0
18 80 0
80 371 0
80 383 0
80 271 0
80 887 0
19 379 0
19 453 0
19 611 0
19 653 0
19 847 0
453 213 0
453 469 0
453 681 0
611 746 0
611 154 0
611 35 0
20 669 0
669 397 0
21 365 0
21 574 0
21 595 0
21 736 0
21 894 0
365 356 0
365 329 0
595 551 0
22 126 0
126 71 0
126 334 0
126 870 0
126 607 0
23 266 0
266 522 0
266 765 0
24 35 0
35 57 0
35 285 0
35 290 0
25 162 0
25 589 0
25 618 0
25 631 0
25 828 0
25 842 0
26 702 0
702 172 0
702 130 0
702 253 0
27 622 0
622 410 0
622 606 0
622 141 0
622 824 0
28 826 0
826 145 0
826 174 0
826 704 0
29 88 0
29 288 0
29 466 0
29 527 0
88 208 0
88 885 0
288 473 0
288 652 0
30 96 0
96 99 0
96 305 0
96 332 0
31 584 0
584 561 0
584 814 0
32 298 0
298 475 0
298 217 0
33 524 0
524 526 0
34 604 0
604 296 0
57 94 0
57 154 0
57 395 0
57 825 0
57 871 0
36 93 0
36 271 0
36 367 0
36 423 0
93 107 0
93 299 0
271 680 0
37 144 0
37 215 0
37 278 0
37 695 0
37 815 0
37 900 0
215 153 0
215 263 0
215 476 0
215 578 0
278 399 0
278 840 0
40 282 0
40 484 0
40 758 0
40 871 0
41 581 0
581 165 0
581 626 0
42 307 0
42 436 0
42 534 0
42 610 0
42 802 0
42 855 0
43 249 0
43 559 0
43 808 0
249 51 0
249 146 0
249 254 0
44 168 0
44 291 0
168 111 0
168 431 0
168 560 0
168 666 0
45 87 0
45 592 0
45 685 0
45 822 0
46 493 0
493 532 0
47 723 0
723 56 0
723 286 0
723 63 0
723 612 0
48 356 0
356 267 0
356 276 0
356 448 0
356 733 0
49 689 0
689 117 0
50 549 0
549 270 0
51 338 0
51 449 0
51 606 0
338 240 0
338 335 0
338 537 0
338 378 0
52 392 0
392 231 0
392 244 0
53 90 0
53 138 0
53 425 0
53 461 0
53 738 0
90 77 0
90 626 0
90 706 0
425 86 0
425 648 0
54 384 0
384 308 0
384 818 0
55 105 0
55 462 0
55 476 0
105 156 0
105 357 0
105 451 0
105 563 0
105 679 0
105 725 0
105 736 0
105 781 0
94 148 0
94 503 0
94 790 0
154 807 0
395 283 0
395 690 0
395 329 0
58 103 0
58 318 0
58 442 0
58 466 0
58 729 0
103 146 0
103 214 0
103 624 0
318 210 0
318 391 0
442 227 0
442 331 0
442 751 0
59 457 0
457 466 0
457 730 0
60 772 0
772 262 0
61 85 0
61 456 0
61 473 0
61 699 0
85 70 0
85 315 0
85 508 0
85 882 0
456 299 0
473 201 0
473 856 0
473 167 0
62 204 0
204 193 0
204 284 0
204 563 0
204 866 0
63 109 0
63 891 0
109 370 0
109 806 0
64 671 0
671 652 0
65 852 0
852 703 0
66 67 0
66 289 0
66 470 0
66 665 0
67 260 0
67 624 0
260 175 0
260 353 0
260 445 0
260 648 0
260 768 0
68 137 0
68 264 0
68 378 0
68 544 0
68 843 0
69 744 0
744 795 0
744 831 0
744 117 0
744 99 0
72 125 0
72 385 0
72 416 0
72 739 0
72 762 0
125 106 0
125 155 0
125 507 0
385 133 0
385 214 0
385 698 0
416 208 0
416 652 0
416 729 0
73 117 0
73 164 0
73 359 0
73 428 0
73 741 0
117 571 0
164 321 0
164 496 0
359 173 0
359 324 0
359 252 0
74 398 0
74 429 0
74 609 0
74 870 0
75 292 0
75 325 0
75 817 0
75 822 0
76 205 0
205 199 0
205 346 0
205 528 0
77 404 0
77 632 0
77 691 0
77 694 0
77 838 0
632 132 0
632 254 0
694 227 0
78 246 0
246 358 0
246 558 0
79 272 0
79 426 0
79 477 0
79 870 0
371 171 0
371 749 0
81 216 0
81 514 0
81 645 0
81 784 0
216 704 0
216 857 0
216 866 0
514 186 0
514 393 0
82 628 0
628 617 0
628 640 0
83 179 0
83 310 0
83 565 0
83 654 0
84 891 0
891 780 0
315 551 0
86 344 0
86 590 0
86 598 0
86 881 0
344 413 0
344 529 0
89 596 0
596 203 0
626 330 0
91 180 0
180 130 0
180 311 0
180 480 0
92 469 0
469 279 0
469 656 0
95 319 0
95 342 0
95 402 0
95 822 0
95 687 0
402 225 0
402 355 0
99 354 0
305 135 0
305 557 0
97 821 0
821 776 0
98 123 0
98 434 0
98 547 0
98 830 0
100 388 0
388 187 0
388 499 0
388 662 0
101 708 0
708 607 0
708 113 0
708 199 0
708 299 0
708 357 0
102 428 0
428 727 0
146 413 0
146 439 0
104 745 0
745 580 0
745 753 0
357 551 0
357 840 0
451 230 0
107 110 0
107 228 0
107 320 0
107 605 0
228 341 0
228 422 0
108 699 0
699 189 0
699 312 0
699 718 0
111 254 0
111 316 0
111 746 0
254 171 0
112 143 0
112 476 0
112 709 0
112 807 0
143 303 0
143 471 0
143 647 0
143 851 0
476 181 0
476 740 0
476 839 0
113 167 0
113 575 0
575 531 0
575 810 0
575 867 0
114 124 0
114 219 0
114 843 0
114 880 0
843 224 0
843 277 0
115 183 0
183 498 0
183 704 0
183 823 0
116 171 0
116 533 0
116 712 0
116 858 0
171 600 0
571 147 0
118 777 0
120 236 0
120 329 0
120 543 0
120 558 0
120 607 0
236 185 0
558 544 0
558 551 0
121 433 0
121 452 0
121 711 0
121 860 0
433 153 0
213 528 0
213 857 0
127 444 0
444 802 0
128 422 0
422 382 0
129 645 0
645 347 0
645 713 0
645 732 0
130 149 0
149 252 0
149 366 0
149 547 0
132 166 0
132 639 0
132 782 0
132 845 0
134 840 0
840 623 0
135 539 0
135 579 0
135 729 0
539 291 0
539 158 0
136 210 0
210 594 0
210 643 0
139 717 0
717 350 0
717 680 0
140 352 0
140 478 0
140 570 0
140 862 0
478 152 0
478 224 0
478 734 0
141 181 0
181 559 0
181 700 0
181 762 0
181 825 0
142 789 0
789 196 0
789 389 0
413 580 0
413 367 0
439 158 0
439 492 0
439 647 0
147 577 0
147 615 0
147 760 0
577 530 0
252 185 0
150 588 0
588 377 0
588 418 0
151 238 0
238 202 0
238 242 0
238 339 0
152 220 0
152 597 0
153 269 0
153 675 0
153 833 0
158 489 0
159 222 0
222 535 0
222 682 0
222 769 0
160 354 0
354 212 0
354 306 0
354 465 0
161 819 0
819 339 0
163 783 0
783 650 0
783 801 0
169 535 0
169 734 0
535 340 0
170 486 0
486 710 0
486 854 0
176 850 0
850 785 0
850 889 0
177 227 0
227 276 0
227 420 0
227 621 0
227 724 0
178 502 0
502 367 0
559 366 0
559 369 0
559 202 0
700 766 0
184 414 0
414 525 0
414 644 0
414 648 0
414 766 0
185 488 0
185 538 0
188 306 0
188 369 0
306 497 0
306 578 0
190 794 0
794 218 0
191 620 0
620 208 0
192 405 0
405 459 0
405 468 0
405 865 0
194 363 0
194 446 0
194 459 0
194 636 0
195 763 0
763 637 0
763 770 0
197 225 0
225 322 0
225 367 0
225 683 0
198 536 0
536 208 0
536 247 0
199 369 0
200 202 0
200 400 0
202 624 0
201 551 0
201 808 0
551 648 0
284 496 0
528 368 0
206 667 0
667 545 0
667 693 0
207 391 0
391 301 0
391 670 0
391 673 0
209 844 0
844 351 0
844 716 0
211 255 0
211 323 0
211 552 0
263 300 0
263 537 0
263 630 0
704 816 0
217 268 0
268 494 0
268 542 0
268 646 0
268 766 0
221 291 0
291 239 0
291 499 0
291 641 0
224 366 0
224 822 0
367 629 0
276 462 0
420 286 0
420 368 0
621 232 0
621 283 0
621 706 0
341 490 0
341 515 0
341 722 0
230 333 0
230 856 0
230 872 0
232 532 0
232 634 0
232 666 0
232 721 0
532 750 0
233 394 0
233 568 0
233 680 0
233 719 0
233 893 0
680 613 0
234 529 0
529 427 0
529 836 0
529 802 0
235 321 0
321 601 0
321 647 0
237 512 0
512 567 0
512 587 0
240 299 0
240 504 0
240 657 0
240 779 0
241 328 0
328 511 0
328 562 0
243 601 0
243 677 0
243 774 0
243 788 0
245 853 0
853 294 0
853 890 0
250 424 0
424 513 0
424 547 0
424 761 0
251 479 0
479 415 0
256 633 0
633 274 0
633 737 0
257 275 0
275 450 0
275 697 0
258 649 0
649 390 0
259 792 0
792 506 0
261 739 0
739 863 0
739 864 0
265 807 0
807 330 0
267 417 0
417 651 0
277 497 0
277 709 0
497 317 0
497 550 0
280 355 0
355 339 0
355 387 0
355 516 0
281 401 0
281 447 0
281 652 0
281 877 0
286 489 0
489 297 0
489 376 0
287 349 0
349 540 0
349 602 0
293 835 0
835 419 0
295 681 0
681 386 0
302 491 0
491 313 0
304 331 0
331 520 0
331 718 0
309 813 0
813 361 0
314 600 0
314 760 0
600 660 0
316 327 0
316 509 0
316 659 0
326 709 0
709 381 0
335 573 0
335 673 0
335 719 0
340 541 0
340 797 0
340 803 0
345 399 0
399 887 0
348 599 0
599 579 0
368 482 0
368 644 0
369 569 0
369 805 0
369 815 0
569 459 0
805 662 0
372 374 0
372 579 0
372 714 0
372 884 0
373 432 0
432 438 0
380 487 0
380 661 0
380 896 0
400 421 0
400 606 0
400 787 0
400 883 0
403 816 0
816 566 0
409 784 0
784 554 0
411 557 0
557 567 0
557 668 0
412 899 0
899 454 0
652 500 0
652 782 0
430 759 0
759 435 0
437 873 0
873 521 0
492 641 0
492 731 0
440 742 0
742 580 0
455 624 0
455 734 0
624 564 0
624 676 0
734 811 0
460 591 0
591 553 0
591 642 0
462 556 0
462 773 0
556 613 0
463 580 0
472 749 0
749 701 0
749 715 0
749 885 0
481 746 0
485 726 0
726 567 0
726 806 0
731 861 0
731 897 0
495 832 0
832 876 0
832 879 0
832 888 0
496 519 0
496 582 0
496 898 0
510 820 0
820 593 0
750 585 0
750 603 0
583 684 0
583 735 0
607 812 0
676 743 0
686 760 0
760 728 0
687 718 0
706 771 0
706 834 0
706 849 0
706 855 0
729 808 0
808 800 0
808 857 0
