569 599 0
1 78 0
1 202 0
1 227 0
1 299 0
78 2 0
78 49 0
78 273 0
2 90 0
2 243 0
2 520 0
3 175 0
3 184 0
3 279 0
3 339 0
175 155 0
175 371 0
175 500 0
184 243 0
184 244 0
184 402 0
184 428 0
184 157 0
184 554 0
279 219 0
279 344 0
4 117 0
117 114 0
117 125 0
117 147 0
5 50 0
5 97 0
5 514 0
50 45 0
50 137 0
50 161 0
50 410 0
6 158 0
6 194 0
6 402 0
6 482 0
158 124 0
158 134 0
158 192 0
158 534 0
194 73 0
194 83 0
194 285 0
194 101 0
7 92 0
92 76 0
92 375 0
92 529 0
92 584 0
8 388 0
388 436 0
9 13 0
13 112 0
13 153 0
13 365 0
13 64 0
10 31 0
10 207 0
10 214 0
10 416 0
10 475 0
207 247 0
207 228 0
214 57 0
214 100 0
11 154 0
154 21 0
154 148 0
154 512 0
154 196 0
12 64 0
12 96 0
12 283 0
12 401 0
12 422 0
96 124 0
96 347 0
283 218 0
283 230 0
283 271 0
401 222 0
401 591 0
401 33 0
112 54 0
112 124 0
153 84 0
153 98 0
14 541 0
541 470 0
541 516 0
541 551 0
15 357 0
357 77 0
357 372 0
16 238 0
16 367 0
16 409 0
238 95 0
238 229 0
238 553 0
17 267 0
267 123 0
267 126 0
267 55 0
18 79 0
18 190 0
18 203 0
18 294 0
18 435 0
79 53 0
79 201 0
190 47 0
190 100 0
190 170 0
190 319 0
190 545 0
203 48 0
203 287 0
203 335 0
203 487 0
19 29 0
19 225 0
19 296 0
19 383 0
19 444 0
19 464 0
19 513 0
19 586 0
29 132 0
29 145 0
464 409 0
20 351 0
351 496 0
351 47 0
351 136 0
21 62 0
21 253 0
62 353 0
62 490 0
62 550 0
62 554 0
22 40 0
40 366 0
40 418 0
40 473 0
40 509 0
40 587 0
23 166 0
166 67 0
166 449 0
166 509 0
166 531 0
166 556 0
24 409 0
25 176 0
176 91 0
176 94 0
176 542 0
26 213 0
26 245 0
26 294 0
213 109 0
213 129 0
213 140 0
27 101 0
101 111 0
101 120 0
28 331 0
28 334 0
28 422 0
28 530 0
28 544 0
422 152 0
132 68 0
132 341 0
132 502 0
30 99 0
99 150 0
99 171 0
99 284 0
99 370 0
99 394 0
32 63 0
32 350 0
32 384 0
32 499 0
33 110 0
33 391 0
33 461 0
391 137 0
34 73 0
73 321 0
73 573 0
35 54 0
54 319 0
54 429 0
36 575 0
575 138 0
37 192 0
192 305 0
192 515 0
38 160 0
38 177 0
38 428 0
38 572 0
160 123 0
39 537 0
537 107 0
537 301 0
537 197 0
537 440 0
41 108 0
108 185 0
108 275 0
108 542 0
42 428 0
42 476 0
42 518 0
42 543 0
476 162 0
476 493 0
43 157 0
43 307 0
43 361 0
43 443 0
44 181 0
181 182 0
181 200 0
181 247 0
46 55 0
46 320 0
46 448 0
46 504 0
55 140 0
55 250 0
47 264 0
47 342 0
264 133 0
264 83 0
264 172 0
48 352 0
48 392 0
352 469 0
49 215 0
49 317 0
49 451 0
215 139 0
137 259 0
137 380 0
51 220 0
51 260 0
51 356 0
51 569 0
220 186 0
220 84 0
52 218 0
218 75 0
53 398 0
53 474 0
53 548 0
474 390 0
140 487 0
140 191 0
140 582 0
56 186 0
186 262 0
186 472 0
57 143 0
57 228 0
57 293 0
57 598 0
143 305 0
228 174 0
228 236 0
228 311 0
228 109 0
58 139 0
139 400 0
139 483 0
139 533 0
59 144 0
144 298 0
144 440 0
60 269 0
60 332 0
60 421 0
60 440 0
61 333 0
333 399 0
333 485 0
65 174 0
174 382 0
174 588 0
66 538 0
538 287 0
538 306 0
538 457 0
538 477 0
68 245 0
68 249 0
68 272 0
68 384 0
245 463 0
272 230 0
272 85 0
272 128 0
69 359 0
359 235 0
359 252 0
359 114 0
359 182 0
70 164 0
70 169 0
70 287 0
70 396 0
71 390 0
390 179 0
72 268 0
72 374 0
72 381 0
72 545 0
74 165 0
74 318 0
74 384 0
74 489 0
74 595 0
165 210 0
384 305 0
384 437 0
80 322 0
80 380 0
80 406 0
80 415 0
80 495 0
322 242 0
322 309 0
380 247 0
380 315 0
406 113 0
81 149 0
81 282 0
81 304 0
82 312 0
312 170 0
83 531 0
84 171 0
171 136 0
171 239 0
171 311 0
85 178 0
178 193 0
178 281 0
178 567 0
86 552 0
552 290 0
87 168 0
168 156 0
168 231 0
168 295 0
168 585 0
88 250 0
250 434 0
250 592 0
89 285 0
285 189 0
285 274 0
285 394 0
285 317 0
93 327 0
327 232 0
124 126 0
124 326 0
124 564 0
97 191 0
97 278 0
97 431 0
97 447 0
191 135 0
98 265 0
98 460 0
98 508 0
98 584 0
460 519 0
100 325 0
100 545 0
325 151 0
325 224 0
111 392 0
102 555 0
555 424 0
103 526 0
526 233 0
104 254 0
254 362 0
254 467 0
105 580 0
580 180 0
580 205 0
106 128 0
128 196 0
109 217 0
109 440 0
217 121 0
114 297 0
297 542 0
115 495 0
495 246 0
495 527 0
116 152 0
116 212 0
116 542 0
152 453 0
152 503 0
152 563 0
152 578 0
212 156 0
118 330 0
330 316 0
119 131 0
119 241 0
119 486 0
121 257 0
121 276 0
121 315 0
122 517 0
517 389 0
123 335 0
123 529 0
335 288 0
335 387 0
127 392 0
392 586 0
196 210 0
129 259 0
130 340 0
130 347 0
130 507 0
130 582 0
347 135 0
341 188 0
341 300 0
134 173 0
134 373 0
134 385 0
135 141 0
135 209 0
135 336 0
259 162 0
259 561 0
533 367 0
142 271 0
271 248 0
145 436 0
145 484 0
145 488 0
436 441 0
146 514 0
514 199 0
514 491 0
156 162 0
156 210 0
156 404 0
210 338 0
210 358 0
210 571 0
159 413 0
413 405 0
163 426 0
426 197 0
509 463 0
167 568 0
568 557 0
170 183 0
170 345 0
183 313 0
239 433 0
193 219 0
182 222 0
243 303 0
243 402 0
402 294 0
187 292 0
292 344 0
292 478 0
292 494 0
195 291 0
291 438 0
198 339 0
339 522 0
339 206 0
200 367 0
200 368 0
367 386 0
367 454 0
201 270 0
201 378 0
201 492 0
201 554 0
378 361 0
378 445 0
204 498 0
498 314 0
498 414 0
206 230 0
230 364 0
208 593 0
593 446 0
593 562 0
571 412 0
211 455 0
211 479 0
211 501 0
479 452 0
216 313 0
313 281 0
219 485 0
485 289 0
485 417 0
221 247 0
222 425 0
222 468 0
222 528 0
223 397 0
397 234 0
397 281 0
226 266 0
266 229 0
266 531 0
236 363 0
311 342 0
229 280 0
280 277 0
280 286 0
280 407 0
237 308 0
308 376 0
240 263 0
263 457 0
263 531 0
263 535 0
251 519 0
519 546 0
519 550 0
253 273 0
253 317 0
253 361 0
253 450 0
361 466 0
361 579 0
361 600 0
255 594 0
594 302 0
256 403 0
403 354 0
258 441 0
441 532 0
261 379 0
261 423 0
288 310 0
289 343 0
289 547 0
294 599 0
599 404 0
315 439 0
315 493 0
439 324 0
323 430 0
430 328 0
329 442 0
442 482 0
387 527 0
342 348 0
342 565 0
342 566 0
345 480 0
345 511 0
345 570 0
346 540 0
540 427 0
540 589 0
360 502 0
502 419 0
502 523 0
466 529 0
579 497 0
586 530 0
393 458 0
458 545 0
591 564 0
411 412 0
412 581 0
420 521 0
521 534 0
521 549 0
435 493 0
