571 599 0
1 233 0
233 271 0
233 544 0
233 574 0
233 184 0
233 315 0
2 91 0
2 368 0
2 393 0
2 474 0
2 545 0
393 280 0
393 346 0
393 588 0
3 140 0
3 314 0
3 542 0
3 585 0
140 10 0
140 242 0
140 328 0
140 195 0
314 112 0
314 231 0
314 256 0
314 131 0
4 152 0
152 282 0
152 310 0
152 158 0
5 513 0
513 416 0
6 384 0
6 535 0
6 584 0
384 479 0
384 162 0
7 242 0
242 93 0
242 177 0
242 270 0
8 502 0
502 335 0
502 427 0
502 164 0
9 60 0
60 241 0
60 503 0
60 584 0
10 235 0
10 568 0
235 77 0
235 256 0
235 389 0
235 394 0
235 510 0
11 437 0
437 367 0
12 71 0
12 98 0
12 255 0
12 509 0
71 387 0
71 508 0
98 386 0
98 508 0
98 535 0
13 565 0
565 199 0
14 475 0
475 64 0
15 224 0
15 354 0
15 411 0
15 447 0
224 27 0
224 99 0
224 319 0
224 267 0
354 119 0
16 217 0
217 58 0
217 118 0
217 410 0
217 30 0
217 439 0
17 55 0
17 252 0
17 456 0
17 480 0
252 221 0
252 387 0
252 583 0
18 81 0
18 294 0
18 338 0
18 491 0
19 87 0
19 130 0
19 216 0
19 249 0
19 300 0
87 425 0
87 521 0
130 169 0
130 369 0
130 489 0
216 496 0
216 555 0
20 202 0
202 200 0
202 267 0
202 365 0
21 123 0
21 284 0
21 356 0
21 392 0
123 169 0
123 364 0
22 90 0
90 23 0
90 268 0
90 389 0
24 75 0
75 100 0
75 170 0
75 212 0
25 39 0
25 50 0
25 162 0
39 34 0
50 120 0
50 181 0
50 485 0
50 500 0
26 43 0
26 160 0
43 145 0
43 280 0
43 386 0
43 463 0
27 101 0
27 176 0
27 356 0
27 425 0
27 543 0
101 219 0
28 178 0
178 382 0
178 424 0
29 141 0
29 226 0
29 296 0
29 418 0
29 426 0
29 464 0
141 106 0
141 119 0
226 49 0
226 442 0
226 296 0
296 560 0
30 128 0
128 132 0
128 205 0
128 316 0
31 190 0
31 266 0
31 334 0
31 501 0
32 328 0
328 346 0
328 371 0
33 431 0
431 150 0
431 167 0
431 200 0
431 203 0
34 104 0
34 183 0
34 292 0
34 326 0
34 347 0
104 85 0
104 151 0
104 473 0
292 219 0
326 482 0
35 572 0
572 481 0
572 500 0
572 97 0
572 219 0
36 260 0
260 88 0
260 265 0
260 129 0
260 505 0
37 122 0
122 218 0
122 352 0
122 453 0
38 180 0
180 185 0
180 438 0
180 562 0
40 193 0
40 244 0
40 312 0
40 408 0
41 537 0
537 301 0
537 353 0
537 97 0
42 332 0
332 175 0
145 53 0
145 85 0
386 248 0
386 325 0
44 206 0
206 155 0
206 421 0
206 559 0
45 227 0
45 302 0
45 306 0
45 317 0
227 162 0
227 251 0
46 285 0
285 215 0
285 491 0
47 343 0
343 353 0
343 519 0
48 492 0
492 124 0
49 195 0
49 229 0
49 246 0
49 536 0
120 103 0
120 412 0
51 52 0
52 307 0
52 315 0
52 347 0
315 240 0
53 163 0
53 184 0
53 289 0
53 430 0
53 440 0
54 414 0
414 116 0
56 398 0
398 121 0
57 129 0
57 158 0
57 230 0
57 333 0
57 347 0
57 434 0
129 191 0
158 253 0
59 564 0
564 528 0
61 106 0
106 261 0
106 579 0
62 276 0
62 308 0
62 423 0
62 450 0
62 477 0
62 542 0
450 576 0
63 232 0
232 78 0
232 132 0
232 67 0
232 257 0
65 570 0
570 515 0
66 467 0
467 355 0
67 221 0
221 74 0
221 406 0
68 240 0
240 305 0
69 131 0
69 341 0
69 496 0
69 576 0
131 155 0
131 472 0
341 346 0
496 264 0
496 397 0
496 474 0
496 553 0
70 222 0
222 164 0
222 303 0
222 599 0
72 153 0
72 175 0
72 182 0
72 345 0
175 507 0
175 203 0
175 547 0
73 210 0
210 288 0
210 325 0
210 471 0
100 278 0
100 491 0
76 245 0
245 137 0
245 380 0
245 404 0
79 312 0
79 473 0
79 501 0
79 578 0
312 209 0
80 209 0
209 428 0
209 429 0
82 567 0
567 277 0
83 299 0
299 238 0
299 275 0
299 579 0
299 214 0
84 576 0
576 174 0
576 250 0
576 577 0
85 407 0
85 590 0
86 274 0
274 336 0
274 399 0
274 533 0
88 349 0
88 366 0
349 194 0
349 304 0
89 571 0
571 329 0
571 415 0
571 275 0
571 218 0
92 409 0
409 282 0
409 340 0
409 125 0
409 593 0
93 253 0
93 364 0
94 504 0
504 196 0
504 566 0
95 388 0
388 159 0
96 173 0
173 151 0
173 243 0
173 271 0
97 449 0
449 391 0
99 207 0
99 291 0
99 457 0
102 597 0
597 517 0
103 109 0
103 134 0
103 239 0
103 580 0
109 127 0
109 198 0
109 387 0
239 179 0
105 143 0
105 179 0
105 214 0
105 311 0
105 405 0
179 247 0
179 400 0
179 520 0
107 162 0
108 454 0
454 487 0
110 247 0
247 358 0
247 132 0
247 147 0
111 364 0
364 309 0
364 518 0
112 164 0
112 353 0
164 278 0
113 470 0
470 165 0
114 148 0
148 361 0
148 561 0
148 595 0
115 213 0
115 281 0
115 400 0
115 600 0
117 225 0
117 325 0
117 369 0
117 403 0
325 350 0
119 583 0
218 482 0
218 211 0
169 578 0
169 491 0
125 146 0
146 248 0
146 283 0
146 348 0
146 377 0
126 279 0
126 452 0
126 491 0
126 582 0
132 147 0
132 387 0
191 160 0
191 282 0
191 561 0
155 376 0
147 555 0
133 508 0
508 563 0
135 278 0
278 237 0
136 541 0
541 187 0
138 203 0
138 331 0
138 494 0
138 584 0
139 251 0
251 188 0
251 478 0
142 420 0
420 529 0
144 342 0
342 172 0
248 220 0
248 463 0
149 591 0
591 318 0
151 405 0
154 211 0
211 208 0
211 483 0
156 461 0
156 484 0
156 500 0
156 512 0
157 269 0
269 373 0
269 441 0
269 584 0
269 587 0
160 166 0
160 362 0
166 438 0
166 579 0
166 500 0
161 228 0
161 336 0
161 458 0
161 592 0
438 295 0
168 201 0
201 466 0
201 526 0
201 501 0
171 376 0
376 385 0
376 444 0
507 327 0
400 370 0
186 372 0
372 262 0
189 527 0
527 192 0
527 511 0
197 539 0
539 254 0
200 319 0
319 578 0
204 330 0
330 234 0
330 366 0
219 500 0
220 378 0
220 413 0
220 451 0
223 295 0
295 383 0
442 468 0
231 236 0
231 498 0
231 549 0
236 401 0
236 585 0
549 370 0
271 375 0
271 560 0
256 300 0
256 540 0
256 489 0
389 272 0
389 370 0
463 497 0
253 293 0
253 516 0
253 524 0
253 532 0
516 521 0
300 258 0
258 465 0
258 501 0
258 531 0
259 523 0
523 337 0
263 560 0
560 396 0
560 433 0
267 313 0
313 321 0
313 540 0
375 405 0
375 422 0
272 432 0
272 446 0
272 522 0
273 479 0
479 472 0
286 588 0
588 493 0
290 462 0
462 359 0
297 497 0
497 405 0
298 535 0
535 476 0
579 568 0
320 401 0
401 548 0
401 585 0
323 552 0
552 324 0
350 344 0
350 435 0
350 558 0
351 402 0
351 422 0
357 583 0
360 469 0
469 440 0
469 530 0
469 577 0
374 489 0
489 589 0
381 568 0
568 412 0
568 514 0
397 474 0
474 445 0
474 521 0
417 556 0
556 488 0
426 460 0
426 521 0
460 436 0
460 554 0
460 575 0
439 547 0
486 521 0
542 555 0
584 594 0
