662 699 0
1 146 0
1 269 0
1 444 0
1 685 0
2 363 0
363 190 0
3 308 0
3 389 0
3 596 0
3 600 0
3 633 0
308 342 0
4 324 0
324 173 0
324 630 0
324 634 0
324 49 0
5 259 0
5 394 0
259 115 0
259 166 0
259 417 0
6 697 0
697 119 0
697 329 0
7 321 0
7 362 0
7 524 0
7 530 0
321 151 0
321 293 0
362 238 0
362 295 0
8 56 0
56 83 0
56 194 0
56 244 0
9 84 0
84 62 0
84 220 0
84 236 0
84 434 0
84 407 0
10 271 0
10 300 0
10 328 0
10 407 0
10 415 0
271 243 0
271 254 0
300 131 0
300 350 0
300 582 0
328 450 0
328 28 0
11 470 0
470 118 0
470 216 0
12 489 0
489 192 0
13 46 0
46 72 0
46 85 0
46 143 0
14 235 0
235 217 0
235 502 0
235 598 0
15 188 0
188 284 0
188 372 0
188 415 0
188 548 0
16 473 0
473 105 0
17 39 0
17 410 0
17 478 0
17 584 0
39 30 0
39 521 0
39 627 0
410 352 0
478 361 0
18 36 0
36 257 0
36 485 0
19 248 0
248 54 0
248 172 0
248 272 0
248 438 0
20 266 0
266 176 0
266 218 0
266 650 0
21 101 0
21 164 0
21 281 0
21 447 0
101 40 0
101 204 0
101 295 0
101 532 0
164 58 0
164 112 0
164 567 0
22 277 0
22 375 0
22 281 0
277 108 0
277 422 0
277 614 0
277 636 0
23 151 0
23 178 0
23 307 0
151 246 0
151 512 0
151 569 0
178 464 0
178 612 0
178 679 0
24 539 0
539 461 0
25 261 0
25 309 0
25 331 0
25 672 0
309 64 0
309 487 0
309 615 0
26 452 0
452 270 0
452 354 0
27 586 0
586 206 0
28 86 0
28 138 0
28 301 0
86 438 0
29 202 0
29 219 0
29 367 0
29 377 0
202 162 0
202 275 0
202 412 0
202 458 0
202 620 0
219 305 0
219 447 0
367 75 0
367 118 0
367 139 0
367 142 0
30 326 0
31 177 0
31 356 0
31 375 0
31 554 0
177 131 0
177 544 0
356 172 0
356 346 0
32 167 0
32 305 0
167 54 0
167 211 0
167 311 0
33 213 0
213 390 0
213 441 0
213 584 0
213 602 0
34 376 0
376 492 0
376 589 0
376 221 0
35 476 0
476 67 0
476 477 0
476 83 0
37 537 0
537 302 0
38 449 0
449 144 0
449 314 0
449 604 0
40 156 0
40 683 0
41 218 0
41 282 0
41 289 0
218 88 0
218 421 0
218 632 0
42 49 0
42 314 0
42 381 0
42 525 0
49 251 0
314 88 0
43 289 0
289 75 0
289 510 0
289 649 0
44 88 0
44 375 0
44 396 0
88 378 0
88 516 0
88 587 0
375 142 0
375 512 0
375 232 0
45 368 0
368 121 0
368 206 0
368 260 0
47 93 0
47 225 0
47 533 0
93 153 0
93 336 0
93 350 0
93 430 0
93 451 0
48 284 0
48 455 0
48 469 0
48 554 0
284 425 0
284 394 0
455 229 0
50 582 0
582 474 0
582 77 0
582 236 0
51 299 0
299 361 0
299 366 0
299 482 0
52 670 0
670 315 0
53 447 0
447 440 0
447 553 0
447 174 0
447 232 0
447 236 0
54 103 0
54 428 0
54 690 0
103 325 0
103 552 0
103 686 0
55 76 0
76 304 0
76 546 0
76 570 0
76 681 0
83 60 0
83 615 0
57 640 0
640 444 0
59 542 0
542 136 0
542 186 0
60 226 0
60 258 0
60 267 0
60 565 0
258 131 0
258 594 0
61 561 0
561 97 0
62 96 0
62 396 0
62 407 0
62 506 0
96 63 0
96 172 0
96 540 0
396 85 0
396 580 0
396 330 0
396 275 0
64 66 0
64 347 0
64 547 0
65 135 0
65 349 0
65 374 0
135 91 0
135 149 0
135 180 0
68 94 0
68 159 0
68 166 0
94 419 0
94 439 0
159 384 0
159 426 0
69 700 0
700 291 0
70 341 0
341 110 0
341 118 0
341 123 0
341 597 0
71 621 0
621 591 0
621 192 0
73 460 0
460 171 0
74 114 0
74 639 0
74 642 0
114 82 0
114 193 0
114 355 0
114 400 0
114 406 0
114 630 0
75 578 0
75 618 0
77 104 0
77 273 0
104 351 0
104 420 0
104 434 0
104 554 0
78 145 0
78 330 0
78 475 0
78 665 0
330 160 0
79 142 0
79 364 0
79 390 0
79 647 0
142 480 0
142 491 0
364 611 0
364 683 0
364 692 0
80 127 0
127 102 0
127 390 0
127 406 0
127 82 0
81 443 0
443 137 0
443 532 0
220 587 0
220 618 0
220 644 0
85 100 0
85 140 0
100 439 0
100 642 0
140 200 0
140 465 0
140 637 0
87 663 0
663 445 0
378 205 0
378 402 0
89 575 0
575 337 0
90 608 0
608 274 0
92 519 0
519 343 0
153 494 0
153 615 0
350 251 0
350 326 0
350 514 0
95 696 0
696 498 0
172 221 0
98 338 0
338 189 0
338 204 0
338 327 0
99 152 0
152 528 0
152 657 0
204 120 0
204 550 0
295 417 0
295 615 0
351 342 0
351 415 0
420 239 0
434 390 0
106 201 0
106 232 0
106 275 0
107 613 0
613 503 0
613 508 0
109 645 0
645 509 0
111 594 0
594 369 0
594 654 0
113 490 0
490 128 0
490 180 0
490 629 0
115 240 0
115 518 0
115 607 0
116 273 0
273 360 0
273 576 0
273 681 0
117 541 0
541 253 0
541 538 0
118 569 0
120 234 0
122 573 0
573 126 0
123 306 0
306 141 0
306 215 0
306 332 0
306 533 0
124 689 0
689 175 0
689 520 0
125 574 0
574 322 0
574 462 0
390 228 0
406 238 0
129 536 0
536 522 0
130 160 0
160 399 0
160 619 0
160 682 0
131 444 0
131 556 0
556 170 0
556 649 0
132 247 0
132 340 0
132 647 0
132 666 0
133 134 0
133 169 0
133 641 0
169 246 0
169 399 0
139 174 0
139 349 0
174 402 0
349 263 0
349 408 0
349 463 0
200 358 0
480 408 0
147 208 0
208 339 0
208 353 0
208 401 0
148 487 0
487 197 0
487 316 0
150 205 0
205 374 0
205 495 0
246 264 0
246 433 0
154 377 0
377 625 0
377 646 0
155 417 0
417 298 0
156 310 0
156 416 0
157 439 0
157 499 0
439 397 0
439 513 0
158 380 0
380 435 0
380 486 0
399 649 0
161 238 0
238 318 0
238 469 0
163 165 0
163 311 0
163 359 0
163 471 0
311 305 0
166 339 0
166 435 0
166 451 0
166 508 0
166 555 0
451 239 0
508 229 0
508 649 0
168 437 0
437 249 0
437 623 0
170 398 0
170 671 0
170 677 0
221 286 0
179 429 0
429 344 0
429 603 0
180 198 0
180 418 0
180 615 0
198 385 0
198 414 0
198 453 0
418 499 0
615 554 0
181 305 0
305 411 0
305 516 0
182 618 0
618 643 0
183 644 0
644 404 0
184 523 0
523 387 0
185 472 0
185 535 0
185 587 0
185 680 0
535 428 0
187 432 0
432 294 0
432 436 0
191 196 0
196 365 0
196 532 0
192 424 0
192 544 0
424 616 0
195 543 0
543 250 0
543 312 0
199 425 0
199 497 0
199 653 0
425 585 0
425 678 0
425 691 0
203 346 0
346 280 0
346 657 0
346 292 0
550 423 0
550 500 0
374 494 0
374 499 0
206 529 0
529 234 0
207 433 0
433 214 0
433 584 0
209 393 0
393 230 0
210 307 0
307 493 0
307 504 0
212 225 0
225 234 0
225 505 0
421 231 0
421 265 0
421 590 0
222 229 0
229 698 0
223 450 0
450 303 0
224 583 0
583 507 0
234 252 0
227 358 0
358 431 0
358 527 0
228 383 0
228 622 0
228 699 0
233 394 0
394 335 0
394 488 0
252 296 0
252 357 0
252 669 0
237 283 0
283 255 0
283 577 0
469 592 0
239 491 0
239 609 0
491 683 0
241 588 0
588 569 0
242 288 0
242 327 0
288 361 0
288 373 0
288 468 0
245 688 0
688 379 0
264 382 0
264 391 0
264 403 0
251 276 0
276 446 0
276 483 0
276 598 0
276 684 0
256 293 0
293 413 0
293 534 0
262 506 0
506 370 0
506 599 0
268 320 0
320 348 0
320 386 0
320 598 0
278 279 0
278 392 0
278 479 0
281 287 0
281 419 0
281 579 0
281 619 0
419 598 0
619 402 0
282 292 0
282 317 0
285 694 0
694 290 0
286 333 0
286 533 0
286 675 0
297 578 0
578 549 0
578 676 0
313 631 0
631 484 0
631 563 0
319 514 0
323 499 0
499 653 0
630 327 0
630 438 0
326 466 0
326 526 0
326 662 0
327 600 0
600 544 0
334 592 0
342 405 0
342 511 0
683 427 0
373 494 0
494 564 0
494 595 0
494 652 0
388 562 0
562 558 0
402 454 0
402 572 0
572 448 0
572 593 0
409 557 0
557 660 0
598 459 0
428 555 0
428 571 0
603 459 0
438 544 0
544 660 0
456 593 0
593 481 0
459 614 0
497 517 0
497 559 0
624 639 0
639 673 0
642 664 0
