887 899 0
1 845 0
845 504 0
2 860 0
860 386 0
860 571 0
3 295 0
295 57 0
295 638 0
295 49 0
4 456 0
456 330 0
456 829 0
456 874 0
5 267 0
267 228 0
267 443 0
6 112 0
6 212 0
6 390 0
6 632 0
212 206 0
212 523 0
212 877 0
7 744 0
744 218 0
744 459 0
8 238 0
238 67 0
238 408 0
238 479 0
9 877 0
877 106 0
877 450 0
10 677 0
677 782 0
677 683 0
677 831 0
11 53 0
11 225 0
11 427 0
11 887 0
12 61 0
12 324 0
12 572 0
12 594 0
13 640 0
640 142 0
640 648 0
640 504 0
14 80 0
14 454 0
14 743 0
14 848 0
80 548 0
80 679 0
15 517 0
517 265 0
517 787 0
517 103 0
16 426 0
16 472 0
16 613 0
16 663 0
426 349 0
426 140 0
426 455 0
17 94 0
94 484 0
94 678 0
94 859 0
94 868 0
18 427 0
18 547 0
18 652 0
18 880 0
427 382 0
427 683 0
427 463 0
19 90 0
90 180 0
90 429 0
90 708 0
20 237 0
20 305 0
20 362 0
20 524 0
20 527 0
305 436 0
305 805 0
305 554 0
362 306 0
21 323 0
21 352 0
21 366 0
21 793 0
22 249 0
249 593 0
249 606 0
249 412 0
23 422 0
422 409 0
422 750 0
24 438 0
438 43 0
438 371 0
438 698 0
438 390 0
25 73 0
73 164 0
73 434 0
26 234 0
26 361 0
26 662 0
26 763 0
234 759 0
234 790 0
234 796 0
361 72 0
361 173 0
361 200 0
361 435 0
27 805 0
805 176 0
805 602 0
805 856 0
28 881 0
881 389 0
881 800 0
29 283 0
283 76 0
283 219 0
283 767 0
30 546 0
546 762 0
546 854 0
546 896 0
31 581 0
581 150 0
581 516 0
581 837 0
32 728 0
728 201 0
728 461 0
728 689 0
33 182 0
33 227 0
33 311 0
33 457 0
34 672 0
672 418 0
672 663 0
672 793 0
672 897 0
35 357 0
357 229 0
357 291 0
36 481 0
481 43 0
481 313 0
481 900 0
37 235 0
235 108 0
235 290 0
235 536 0
235 726 0
235 834 0
38 621 0
621 196 0
621 844 0
621 464 0
39 630 0
630 383 0
630 488 0
630 786 0
40 49 0
40 587 0
40 693 0
40 811 0
49 272 0
49 286 0
41 654 0
654 86 0
654 699 0
654 852 0
42 83 0
42 208 0
42 612 0
83 326 0
83 419 0
83 890 0
43 378 0
43 554 0
43 577 0
378 626 0
378 691 0
378 179 0
378 893 0
44 175 0
44 379 0
44 680 0
44 801 0
175 705 0
175 855 0
175 885 0
175 849 0
45 180 0
45 568 0
45 800 0
45 839 0
45 859 0
180 281 0
568 554 0
568 612 0
568 705 0
800 535 0
46 261 0
46 341 0
46 539 0
46 838 0
341 96 0
341 694 0
47 413 0
47 607 0
47 835 0
47 899 0
413 561 0
413 865 0
413 883 0
607 156 0
607 653 0
607 419 0
48 849 0
849 70 0
849 119 0
272 539 0
272 793 0
50 664 0
664 213 0
664 221 0
664 364 0
664 513 0
51 215 0
51 497 0
51 617 0
51 792 0
497 875 0
497 311 0
52 159 0
52 287 0
52 432 0
52 898 0
54 824 0
824 222 0
824 586 0
55 667 0
667 440 0
667 644 0
667 706 0
56 306 0
56 436 0
56 504 0
306 464 0
306 532 0
306 576 0
58 358 0
58 493 0
58 495 0
58 671 0
358 226 0
358 252 0
493 342 0
493 660 0
493 876 0
59 79 0
59 187 0
59 782 0
79 75 0
187 64 0
187 219 0
187 403 0
187 859 0
60 259 0
259 192 0
259 610 0
259 822 0
62 377 0
62 421 0
62 675 0
62 847 0
421 401 0
421 556 0
421 785 0
63 846 0
846 278 0
846 374 0
846 364 0
65 197 0
65 754 0
197 246 0
197 318 0
197 330 0
197 590 0
197 832 0
66 529 0
66 570 0
66 616 0
66 784 0
68 477 0
477 211 0
477 270 0
477 338 0
69 140 0
140 331 0
140 411 0
140 601 0
71 136 0
136 276 0
136 448 0
136 585 0
74 420 0
74 637 0
420 162 0
420 608 0
75 395 0
75 479 0
75 704 0
479 329 0
479 382 0
479 623 0
77 96 0
96 478 0
96 618 0
96 884 0
78 329 0
78 351 0
78 576 0
78 598 0
329 311 0
548 87 0
548 347 0
548 542 0
81 646 0
646 655 0
646 670 0
82 843 0
843 250 0
843 310 0
326 241 0
326 297 0
326 496 0
84 592 0
592 549 0
592 118 0
592 826 0
85 156 0
85 275 0
85 483 0
85 512 0
156 628 0
156 688 0
88 321 0
88 448 0
88 742 0
88 817 0
448 380 0
448 556 0
89 363 0
363 392 0
363 544 0
363 657 0
91 533 0
533 146 0
533 355 0
533 586 0
92 103 0
92 576 0
92 790 0
92 895 0
103 115 0
103 152 0
93 101 0
101 560 0
101 803 0
484 496 0
484 120 0
95 559 0
559 543 0
559 578 0
97 732 0
732 273 0
732 778 0
98 370 0
98 539 0
98 735 0
98 749 0
539 408 0
99 567 0
567 292 0
567 725 0
100 842 0
842 690 0
102 262 0
262 124 0
262 599 0
262 687 0
115 435 0
115 738 0
115 794 0
104 473 0
473 189 0
473 255 0
473 393 0
105 878 0
878 277 0
878 388 0
878 599 0
107 143 0
107 149 0
107 170 0
107 882 0
149 177 0
149 233 0
149 719 0
108 158 0
108 232 0
108 271 0
108 525 0
158 335 0
158 772 0
232 208 0
232 244 0
232 544 0
232 610 0
109 141 0
109 204 0
109 557 0
109 655 0
110 129 0
129 183 0
129 534 0
129 806 0
111 489 0
489 236 0
489 673 0
489 746 0
113 263 0
263 117 0
263 311 0
263 348 0
114 256 0
256 440 0
256 526 0
256 853 0
116 416 0
416 296 0
416 369 0
118 241 0
118 444 0
118 513 0
241 669 0
241 884 0
444 894 0
444 248 0
444 606 0
513 281 0
120 137 0
120 294 0
120 813 0
121 487 0
487 350 0
487 703 0
487 707 0
122 174 0
174 231 0
174 257 0
174 639 0
123 233 0
233 133 0
233 731 0
125 779 0
779 498 0
126 401 0
401 230 0
401 686 0
127 301 0
301 336 0
301 458 0
301 488 0
128 485 0
485 649 0
485 653 0
485 734 0
485 872 0
130 415 0
415 167 0
415 589 0
415 761 0
131 671 0
671 476 0
671 737 0
132 268 0
268 151 0
268 345 0
268 393 0
268 611 0
134 711 0
711 219 0
135 774 0
774 550 0
774 651 0
138 751 0
751 376 0
751 631 0
139 167 0
139 597 0
139 684 0
139 745 0
167 242 0
167 530 0
167 766 0
144 789 0
789 488 0
789 584 0
789 819 0
145 798 0
798 446 0
798 595 0
798 712 0
147 766 0
766 168 0
766 520 0
148 258 0
258 516 0
258 601 0
258 791 0
258 809 0
177 636 0
177 727 0
177 870 0
152 165 0
152 398 0
152 521 0
152 781 0
153 628 0
628 239 0
628 402 0
628 535 0
154 194 0
154 297 0
154 574 0
154 614 0
194 184 0
194 747 0
194 775 0
297 404 0
297 440 0
155 841 0
841 740 0
157 515 0
157 642 0
157 796 0
157 816 0
160 203 0
160 285 0
160 509 0
160 739 0
285 518 0
285 705 0
161 695 0
695 309 0
695 802 0
163 815 0
815 717 0
166 724 0
724 528 0
724 720 0
242 364 0
242 586 0
169 286 0
286 209 0
286 596 0
171 780 0
780 511 0
780 545 0
780 699 0
172 854 0
854 335 0
854 619 0
705 616 0
855 700 0
178 588 0
588 315 0
588 350 0
588 506 0
179 210 0
179 875 0
210 307 0
210 414 0
210 595 0
210 730 0
181 266 0
266 284 0
266 404 0
266 604 0
185 373 0
185 462 0
185 535 0
185 895 0
186 785 0
785 243 0
785 502 0
219 496 0
219 722 0
188 694 0
694 423 0
694 480 0
694 721 0
694 606 0
190 412 0
190 423 0
190 591 0
190 627 0
190 659 0
423 719 0
191 658 0
658 499 0
658 566 0
193 471 0
471 320 0
471 795 0
471 544 0
195 214 0
195 544 0
195 600 0
195 752 0
330 399 0
330 619 0
330 781 0
198 436 0
436 490 0
436 851 0
199 710 0
710 460 0
710 685 0
710 307 0
202 307 0
202 332 0
202 445 0
202 777 0
307 625 0
205 823 0
823 718 0
823 729 0
823 655 0
823 791 0
206 433 0
206 741 0
206 782 0
433 455 0
433 495 0
433 612 0
207 337 0
207 400 0
207 439 0
208 556 0
556 699 0
216 656 0
656 328 0
656 668 0
656 610 0
217 650 0
650 417 0
650 564 0
496 599 0
220 869 0
869 681 0
223 540 0
540 300 0
540 792 0
540 850 0
224 772 0
772 365 0
772 722 0
772 440 0
244 281 0
759 282 0
759 629 0
240 662 0
662 492 0
662 507 0
662 791 0
364 391 0
245 340 0
340 293 0
340 639 0
340 807 0
247 391 0
391 260 0
391 510 0
248 288 0
288 531 0
288 572 0
288 579 0
288 722 0
288 812 0
251 501 0
501 314 0
253 765 0
765 773 0
765 839 0
254 335 0
335 885 0
516 494 0
516 719 0
601 466 0
264 563 0
563 270 0
563 425 0
563 442 0
345 495 0
345 633 0
345 861 0
269 319 0
319 385 0
319 746 0
319 892 0
270 625 0
625 488 0
271 356 0
271 390 0
271 453 0
271 814 0
274 463 0
463 316 0
463 799 0
279 622 0
622 354 0
622 649 0
280 551 0
551 467 0
551 755 0
551 534 0
281 857 0
282 505 0
282 645 0
282 692 0
282 777 0
518 304 0
518 431 0
518 441 0
289 623 0
623 469 0
623 575 0
404 405 0
298 635 0
635 327 0
635 384 0
299 565 0
299 583 0
299 723 0
299 746 0
302 666 0
666 372 0
666 537 0
666 827 0
303 430 0
303 741 0
303 820 0
303 821 0
464 495 0
308 701 0
701 344 0
701 620 0
701 793 0
311 382 0
311 810 0
382 790 0
810 475 0
810 530 0
810 580 0
810 748 0
312 763 0
763 552 0
763 676 0
317 387 0
317 457 0
317 760 0
317 781 0
457 595 0
322 407 0
407 353 0
407 534 0
407 771 0
325 861 0
861 394 0
861 573 0
399 503 0
399 714 0
333 405 0
405 343 0
405 888 0
334 835 0
835 396 0
835 702 0
339 346 0
346 360 0
346 494 0
495 655 0
349 634 0
349 661 0
349 828 0
350 375 0
375 419 0
375 534 0
359 633 0
633 437 0
633 827 0
367 696 0
696 482 0
368 410 0
410 465 0
410 504 0
410 788 0
419 715 0
380 558 0
380 858 0
380 889 0
381 879 0
879 582 0
397 899 0
899 491 0
899 643 0
406 574 0
574 500 0
574 736 0
574 827 0
715 504 0
424 688 0
688 522 0
688 541 0
428 523 0
523 508 0
455 639 0
455 689 0
447 679 0
679 713 0
679 756 0
449 474 0
449 553 0
449 586 0
449 682 0
451 637 0
637 470 0
637 653 0
637 871 0
452 525 0
525 709 0
525 818 0
639 663 0
639 562 0
466 569 0
466 647 0
468 562 0
562 538 0
562 863 0
486 769 0
769 697 0
514 610 0
514 615 0
514 757 0
514 797 0
719 890 0
519 609 0
609 669 0
609 768 0
609 776 0
554 712 0
555 825 0
825 603 0
825 665 0
699 875 0
599 754 0
754 629 0
754 830 0
754 885 0
605 614 0
614 641 0
614 753 0
612 790 0
619 746 0
619 836 0
836 898 0
624 875 0
875 726 0
875 804 0
663 777 0
674 808 0
808 867 0
859 891 0
