658 699 0
1 226 0
1 398 0
1 469 0
1 573 0
1 686 0
2 32 0
2 40 0
2 92 0
2 230 0
32 446 0
32 596 0
32 618 0
40 351 0
40 417 0
40 664 0
3 259 0
3 460 0
3 661 0
259 252 0
259 7 0
259 285 0
4 449 0
449 167 0
449 238 0
5 308 0
308 505 0
6 198 0
198 101 0
198 525 0
7 66 0
7 245 0
66 81 0
66 210 0
66 235 0
245 436 0
245 444 0
245 559 0
8 90 0
8 487 0
8 519 0
90 61 0
90 425 0
90 635 0
90 460 0
9 141 0
9 302 0
9 559 0
9 571 0
141 298 0
141 601 0
141 487 0
302 125 0
302 183 0
302 262 0
302 695 0
302 130 0
302 305 0
10 530 0
530 42 0
530 310 0
530 439 0
530 300 0
11 169 0
169 37 0
169 410 0
12 77 0
12 127 0
12 394 0
12 467 0
77 152 0
77 243 0
77 605 0
13 50 0
13 240 0
13 291 0
13 310 0
13 579 0
50 18 0
50 635 0
240 365 0
240 605 0
14 296 0
14 519 0
14 526 0
14 606 0
296 282 0
296 382 0
296 506 0
519 525 0
519 604 0
519 65 0
15 38 0
15 585 0
38 194 0
38 468 0
38 675 0
16 26 0
16 231 0
16 275 0
16 507 0
26 535 0
26 600 0
231 92 0
231 211 0
231 484 0
17 600 0
600 392 0
600 548 0
18 79 0
18 205 0
18 224 0
18 470 0
18 582 0
18 588 0
18 663 0
205 247 0
205 451 0
224 661 0
224 250 0
470 104 0
470 213 0
19 388 0
388 511 0
20 560 0
560 53 0
21 407 0
407 508 0
407 589 0
22 635 0
635 187 0
635 188 0
23 150 0
23 395 0
23 571 0
24 447 0
447 208 0
25 241 0
241 157 0
241 396 0
535 118 0
535 257 0
27 540 0
540 327 0
540 406 0
540 432 0
540 677 0
28 179 0
28 329 0
28 654 0
28 571 0
29 119 0
29 186 0
29 295 0
29 445 0
119 112 0
119 359 0
119 389 0
119 390 0
30 57 0
30 149 0
30 283 0
30 478 0
30 598 0
30 604 0
30 655 0
283 615 0
283 372 0
478 97 0
478 166 0
478 332 0
31 48 0
31 271 0
31 484 0
31 559 0
48 641 0
48 696 0
271 65 0
271 152 0
271 254 0
271 341 0
33 133 0
33 515 0
33 520 0
133 71 0
133 457 0
133 472 0
34 45 0
34 199 0
34 250 0
45 172 0
45 304 0
45 587 0
45 494 0
45 611 0
199 102 0
199 196 0
199 384 0
35 242 0
35 334 0
35 538 0
35 619 0
334 118 0
334 612 0
36 281 0
281 175 0
281 507 0
281 111 0
468 73 0
39 189 0
39 428 0
39 494 0
39 543 0
39 620 0
494 75 0
351 73 0
351 97 0
41 546 0
546 108 0
546 115 0
546 504 0
43 251 0
251 207 0
251 258 0
251 450 0
44 460 0
460 126 0
460 527 0
172 314 0
172 366 0
172 564 0
304 454 0
587 113 0
46 106 0
106 105 0
106 151 0
106 563 0
47 249 0
249 140 0
249 441 0
249 666 0
49 312 0
312 70 0
312 471 0
51 234 0
234 223 0
234 581 0
52 601 0
52 606 0
601 62 0
601 214 0
601 94 0
54 112 0
112 185 0
112 220 0
112 436 0
112 443 0
55 145 0
145 265 0
145 355 0
145 358 0
56 374 0
56 419 0
56 572 0
56 659 0
58 515 0
515 699 0
515 227 0
515 185 0
59 641 0
641 367 0
641 476 0
60 98 0
98 275 0
98 292 0
98 321 0
61 132 0
61 135 0
61 341 0
61 474 0
132 130 0
132 306 0
132 423 0
135 107 0
135 297 0
63 371 0
371 174 0
371 220 0
371 666 0
64 213 0
64 349 0
64 586 0
64 633 0
64 634 0
213 121 0
213 624 0
586 672 0
65 309 0
65 390 0
65 695 0
309 666 0
390 573 0
390 270 0
67 526 0
526 93 0
526 679 0
526 91 0
68 323 0
323 237 0
69 305 0
305 144 0
305 383 0
70 345 0
70 411 0
70 522 0
345 485 0
345 91 0
345 102 0
345 131 0
71 111 0
71 228 0
71 325 0
111 97 0
228 138 0
228 350 0
228 397 0
228 503 0
72 532 0
532 303 0
532 665 0
532 129 0
532 677 0
73 84 0
73 289 0
73 433 0
73 501 0
74 547 0
547 358 0
75 525 0
75 574 0
75 642 0
525 338 0
76 615 0
615 400 0
615 521 0
152 558 0
152 501 0
152 589 0
78 114 0
114 122 0
114 409 0
114 638 0
80 262 0
262 639 0
262 652 0
82 297 0
297 254 0
297 491 0
83 440 0
440 146 0
85 217 0
217 227 0
217 429 0
217 681 0
86 644 0
644 507 0
87 310 0
87 400 0
87 461 0
310 597 0
400 363 0
88 154 0
154 391 0
154 496 0
89 218 0
89 357 0
218 117 0
218 160 0
218 378 0
218 279 0
425 197 0
91 338 0
338 448 0
338 474 0
338 492 0
338 510 0
338 183 0
92 146 0
146 542 0
94 327 0
94 484 0
95 360 0
360 507 0
96 272 0
96 523 0
96 543 0
96 622 0
97 340 0
97 575 0
97 630 0
275 379 0
99 682 0
682 381 0
100 694 0
694 328 0
102 290 0
290 605 0
103 434 0
434 120 0
434 182 0
104 501 0
104 578 0
104 612 0
105 158 0
105 439 0
105 583 0
158 270 0
158 287 0
158 493 0
158 608 0
109 606 0
606 229 0
606 320 0
110 605 0
605 412 0
605 628 0
185 230 0
220 672 0
122 461 0
122 498 0
122 672 0
116 603 0
603 572 0
118 325 0
118 385 0
385 307 0
385 173 0
385 637 0
121 279 0
121 372 0
279 211 0
461 148 0
461 636 0
123 230 0
230 253 0
230 343 0
124 624 0
624 164 0
624 373 0
125 131 0
125 137 0
125 306 0
125 459 0
125 691 0
131 558 0
306 380 0
306 193 0
128 456 0
456 190 0
129 311 0
129 592 0
311 480 0
311 550 0
134 687 0
687 518 0
687 698 0
687 295 0
136 247 0
136 278 0
136 335 0
247 227 0
247 623 0
247 559 0
139 380 0
380 156 0
380 173 0
298 260 0
298 376 0
298 453 0
298 658 0
142 278 0
278 319 0
278 444 0
278 617 0
143 206 0
143 244 0
143 362 0
143 463 0
147 192 0
147 202 0
147 354 0
147 667 0
147 684 0
558 317 0
558 541 0
153 495 0
495 331 0
495 612 0
155 647 0
647 372 0
647 488 0
270 203 0
270 300 0
287 171 0
287 663 0
287 335 0
159 462 0
159 541 0
159 590 0
462 505 0
462 680 0
161 173 0
161 222 0
161 520 0
161 572 0
173 286 0
222 484 0
222 522 0
162 533 0
533 250 0
533 261 0
163 203 0
203 195 0
203 613 0
203 648 0
165 316 0
316 463 0
166 293 0
166 342 0
166 545 0
168 370 0
370 573 0
170 399 0
399 512 0
399 668 0
171 193 0
171 439 0
193 324 0
286 335 0
176 555 0
555 330 0
177 669 0
669 248 0
178 502 0
502 250 0
502 294 0
502 660 0
180 356 0
356 549 0
181 191 0
191 318 0
191 531 0
191 567 0
191 573 0
184 553 0
553 215 0
195 201 0
195 420 0
195 677 0
201 332 0
201 384 0
196 216 0
196 266 0
196 528 0
200 562 0
562 264 0
204 322 0
322 402 0
209 243 0
243 263 0
243 273 0
211 223 0
211 418 0
223 274 0
418 551 0
212 584 0
584 607 0
219 313 0
219 358 0
219 477 0
219 481 0
358 332 0
358 667 0
221 451 0
451 479 0
451 651 0
484 364 0
225 404 0
404 250 0
350 341 0
232 616 0
616 422 0
616 566 0
233 357 0
357 580 0
357 619 0
357 629 0
236 239 0
236 336 0
236 346 0
236 520 0
246 335 0
335 464 0
258 551 0
258 439 0
255 454 0
454 299 0
454 539 0
454 666 0
256 486 0
486 572 0
267 274 0
267 284 0
267 389 0
274 353 0
274 452 0
268 631 0
631 482 0
631 599 0
269 602 0
602 288 0
379 424 0
276 537 0
537 500 0
537 662 0
277 384 0
384 352 0
280 435 0
435 517 0
284 315 0
284 361 0
284 427 0
427 324 0
295 619 0
619 372 0
619 563 0
301 386 0
386 650 0
597 612 0
463 507 0
324 473 0
324 626 0
326 430 0
326 552 0
332 364 0
332 590 0
590 673 0
333 542 0
542 437 0
542 466 0
464 522 0
337 585 0
585 625 0
341 583 0
583 661 0
344 411 0
411 368 0
347 377 0
377 426 0
377 439 0
348 661 0
661 413 0
661 431 0
363 570 0
365 401 0
365 513 0
365 591 0
365 623 0
573 663 0
387 483 0
483 442 0
389 416 0
389 499 0
389 686 0
403 551 0
551 536 0
408 498 0
498 490 0
498 693 0
415 611 0
611 609 0
611 643 0
420 571 0
420 678 0
420 685 0
571 563 0
421 696 0
458 487 0
487 497 0
522 543 0
465 556 0
556 646 0
489 541 0
541 595 0
543 676 0
524 632 0
632 594 0
557 592 0
592 565 0
592 684 0
