700 699 0
1 8 0
8 56 0
8 183 0
8 624 0
2 159 0
159 402 0
159 602 0
159 644 0
3 67 0
3 163 0
3 387 0
3 629 0
67 297 0
67 386 0
67 388 0
163 282 0
163 589 0
163 593 0
4 36 0
4 257 0
4 376 0
4 409 0
4 584 0
257 11 0
257 264 0
5 57 0
5 230 0
5 255 0
5 683 0
230 387 0
6 143 0
6 213 0
6 460 0
6 508 0
143 28 0
143 264 0
143 590 0
7 395 0
395 340 0
395 434 0
395 550 0
9 42 0
42 89 0
42 106 0
42 219 0
10 99 0
10 258 0
10 333 0
10 591 0
258 63 0
258 397 0
11 77 0
11 244 0
11 422 0
77 220 0
77 497 0
12 698 0
698 148 0
698 576 0
698 106 0
13 234 0
234 416 0
234 433 0
234 643 0
14 653 0
653 65 0
653 273 0
15 619 0
619 378 0
619 633 0
619 434 0
16 215 0
215 63 0
215 368 0
215 440 0
17 116 0
116 417 0
116 489 0
116 559 0
18 669 0
669 302 0
669 476 0
19 228 0
228 260 0
228 263 0
228 482 0
228 546 0
20 260 0
20 403 0
20 533 0
20 634 0
260 572 0
260 645 0
403 127 0
403 279 0
403 562 0
21 202 0
21 304 0
21 436 0
202 32 0
202 126 0
202 256 0
202 314 0
22 665 0
665 95 0
665 401 0
665 198 0
23 472 0
472 24 0
472 158 0
25 53 0
25 478 0
25 602 0
25 700 0
53 301 0
53 423 0
53 451 0
53 555 0
478 414 0
478 196 0
478 635 0
26 97 0
97 431 0
97 541 0
97 660 0
27 362 0
362 186 0
362 355 0
28 408 0
28 421 0
28 578 0
29 497 0
497 597 0
497 630 0
30 500 0
30 533 0
30 635 0
500 39 0
500 676 0
500 437 0
31 477 0
31 574 0
31 590 0
31 635 0
477 307 0
477 584 0
574 198 0
32 387 0
32 474 0
32 639 0
387 322 0
387 411 0
387 661 0
33 272 0
33 532 0
33 553 0
33 652 0
34 149 0
34 466 0
34 569 0
34 676 0
149 381 0
149 390 0
149 616 0
466 76 0
466 615 0
466 659 0
35 114 0
114 102 0
114 251 0
114 252 0
114 308 0
114 329 0
37 81 0
81 389 0
81 522 0
81 544 0
38 45 0
45 505 0
45 634 0
45 658 0
39 398 0
39 643 0
39 652 0
398 467 0
398 524 0
40 639 0
639 429 0
639 614 0
41 58 0
41 232 0
41 322 0
41 640 0
43 464 0
43 584 0
43 604 0
43 607 0
584 170 0
44 125 0
44 289 0
44 377 0
125 117 0
125 341 0
125 529 0
46 629 0
629 185 0
629 313 0
47 525 0
525 424 0
525 503 0
48 170 0
170 71 0
170 211 0
49 382 0
382 412 0
382 485 0
382 651 0
382 482 0
50 290 0
290 92 0
290 392 0
51 548 0
548 52 0
548 142 0
548 627 0
301 80 0
301 209 0
301 338 0
301 364 0
423 96 0
423 262 0
54 528 0
528 167 0
528 385 0
55 358 0
358 166 0
358 277 0
358 391 0
59 449 0
449 63 0
449 104 0
449 269 0
60 63 0
60 85 0
60 437 0
60 522 0
63 470 0
85 323 0
85 68 0
85 526 0
61 93 0
61 96 0
61 205 0
61 613 0
61 654 0
93 415 0
93 564 0
93 570 0
96 199 0
96 680 0
205 407 0
205 191 0
205 533 0
62 68 0
68 74 0
68 518 0
64 517 0
517 194 0
517 487 0
66 145 0
66 217 0
66 540 0
66 699 0
217 87 0
217 298 0
217 625 0
69 509 0
509 151 0
509 348 0
70 227 0
227 255 0
227 305 0
227 545 0
72 342 0
72 583 0
72 600 0
72 602 0
73 325 0
325 482 0
325 613 0
325 695 0
325 351 0
75 131 0
131 132 0
131 254 0
131 506 0
131 565 0
220 192 0
220 254 0
220 575 0
78 253 0
253 515 0
253 558 0
79 299 0
79 430 0
79 538 0
79 647 0
82 370 0
370 514 0
370 571 0
370 591 0
83 121 0
121 361 0
121 364 0
121 367 0
121 522 0
84 222 0
222 280 0
222 303 0
222 700 0
323 152 0
323 359 0
323 499 0
86 153 0
153 255 0
153 283 0
153 286 0
87 216 0
87 501 0
87 677 0
88 426 0
426 181 0
426 481 0
426 366 0
426 388 0
90 646 0
646 212 0
646 236 0
91 224 0
224 276 0
224 527 0
224 559 0
94 556 0
556 204 0
556 291 0
556 375 0
199 391 0
199 427 0
98 535 0
535 100 0
535 502 0
535 322 0
101 218 0
218 154 0
218 281 0
218 512 0
103 247 0
247 315 0
247 537 0
247 611 0
105 311 0
311 310 0
311 108 0
311 327 0
106 271 0
106 618 0
271 175 0
271 365 0
271 530 0
618 411 0
618 434 0
618 660 0
107 377 0
377 160 0
377 383 0
377 643 0
108 196 0
108 229 0
108 346 0
196 351 0
229 115 0
229 283 0
229 410 0
229 689 0
109 134 0
109 237 0
109 591 0
110 239 0
239 245 0
239 425 0
111 157 0
111 495 0
111 609 0
157 207 0
157 250 0
157 694 0
495 203 0
495 329 0
495 454 0
112 309 0
309 465 0
309 407 0
309 674 0
113 524 0
524 400 0
524 521 0
251 147 0
251 631 0
117 360 0
117 438 0
117 631 0
360 259 0
360 312 0
360 543 0
118 177 0
118 345 0
118 391 0
118 682 0
119 193 0
193 351 0
193 448 0
193 452 0
120 692 0
692 241 0
692 617 0
692 315 0
364 471 0
122 171 0
122 320 0
122 490 0
123 526 0
526 557 0
526 636 0
124 513 0
513 354 0
513 413 0
127 187 0
127 579 0
127 648 0
128 278 0
278 221 0
278 287 0
278 375 0
129 169 0
129 246 0
129 488 0
169 308 0
169 504 0
169 516 0
130 443 0
443 493 0
443 599 0
443 602 0
254 569 0
133 654 0
654 353 0
654 664 0
135 188 0
135 242 0
135 612 0
135 621 0
136 344 0
344 261 0
344 336 0
137 337 0
337 461 0
337 475 0
138 473 0
473 321 0
473 641 0
139 673 0
673 420 0
673 610 0
673 142 0
140 427 0
427 142 0
427 267 0
427 419 0
141 176 0
176 331 0
176 434 0
176 462 0
142 580 0
580 676 0
144 453 0
453 322 0
453 459 0
453 632 0
146 609 0
609 330 0
609 356 0
147 190 0
147 332 0
147 686 0
150 319 0
319 155 0
319 391 0
319 586 0
255 414 0
156 397 0
397 165 0
397 266 0
397 406 0
161 168 0
168 172 0
168 351 0
168 670 0
162 375 0
162 446 0
162 647 0
375 549 0
375 620 0
375 667 0
164 197 0
197 191 0
197 352 0
197 405 0
165 274 0
165 444 0
274 238 0
274 404 0
274 566 0
173 380 0
380 180 0
380 198 0
380 214 0
174 562 0
562 296 0
562 650 0
178 191 0
178 335 0
178 581 0
178 672 0
179 369 0
369 249 0
369 456 0
369 289 0
182 572 0
572 349 0
572 435 0
184 555 0
555 457 0
555 685 0
189 384 0
384 200 0
384 468 0
384 634 0
195 318 0
318 206 0
318 506 0
318 642 0
318 661 0
198 649 0
649 469 0
649 483 0
649 588 0
201 446 0
446 289 0
446 480 0
407 262 0
407 507 0
208 470 0
470 328 0
470 661 0
210 542 0
542 547 0
542 568 0
223 233 0
223 522 0
223 606 0
223 696 0
225 371 0
371 235 0
371 307 0
371 455 0
226 396 0
396 268 0
396 445 0
231 289 0
231 366 0
231 533 0
231 647 0
289 666 0
366 399 0
240 284 0
284 316 0
284 601 0
243 667 0
667 372 0
667 671 0
315 306 0
315 414 0
248 436 0
436 324 0
436 592 0
436 634 0
262 339 0
262 520 0
262 560 0
264 357 0
264 552 0
264 688 0
265 350 0
350 379 0
350 510 0
350 643 0
270 444 0
444 458 0
444 496 0
275 687 0
687 329 0
687 587 0
687 622 0
279 285 0
279 288 0
279 596 0
601 605 0
666 655 0
666 657 0
666 681 0
666 690 0
292 645 0
645 300 0
645 432 0
293 306 0
306 374 0
306 697 0
294 298 0
298 295 0
298 678 0
304 334 0
304 585 0
304 637 0
585 373 0
307 567 0
307 605 0
567 347 0
567 623 0
567 662 0
317 373 0
373 388 0
373 393 0
373 668 0
326 569 0
569 479 0
569 638 0
343 346 0
346 484 0
346 523 0
349 625 0
363 438 0
438 498 0
438 675 0
399 594 0
399 626 0
399 628 0
620 437 0
485 414 0
411 635 0
411 631 0
394 507 0
507 603 0
507 684 0
467 447 0
467 486 0
467 519 0
418 598 0
598 450 0
598 539 0
428 605 0
605 442 0
605 563 0
437 625 0
625 512 0
625 591 0
439 536 0
536 441 0
536 463 0
451 511 0
451 531 0
451 608 0
471 663 0
471 693 0
474 491 0
474 561 0
474 679 0
490 590 0
590 624 0
492 691 0
691 494 0
691 559 0
691 656 0
534 577 0
577 554 0
577 573 0
551 582 0
551 595 0
559 676 0
612 631 0
