773 799 0
1 335 0
335 498 0
335 103 0
335 778 0
2 753 0
753 218 0
3 40 0
40 324 0
40 516 0
40 686 0
4 660 0
660 83 0
660 438 0
660 739 0
5 26 0
26 140 0
26 454 0
26 621 0
6 742 0
742 73 0
742 518 0
742 527 0
742 667 0
7 68 0
68 604 0
68 691 0
68 712 0
8 741 0
741 300 0
9 451 0
451 39 0
451 369 0
451 788 0
10 463 0
463 38 0
463 328 0
463 777 0
463 427 0
11 92 0
92 232 0
92 379 0
92 456 0
92 560 0
92 657 0
12 715 0
715 256 0
715 386 0
715 195 0
715 313 0
13 57 0
13 103 0
13 312 0
13 520 0
13 539 0
13 749 0
103 504 0
520 297 0
520 42 0
520 482 0
14 271 0
14 301 0
14 610 0
14 785 0
15 345 0
345 315 0
345 498 0
345 716 0
16 59 0
16 299 0
16 651 0
16 774 0
59 289 0
59 522 0
59 583 0
17 515 0
515 155 0
515 244 0
515 417 0
18 511 0
511 654 0
511 678 0
511 55 0
511 685 0
19 56 0
19 270 0
19 630 0
19 674 0
56 286 0
56 647 0
56 650 0
20 671 0
671 138 0
671 552 0
671 560 0
21 377 0
377 104 0
377 218 0
377 574 0
22 78 0
22 670 0
22 676 0
78 258 0
78 531 0
78 640 0
670 364 0
670 607 0
23 48 0
23 624 0
23 644 0
23 746 0
23 747 0
48 113 0
48 212 0
48 447 0
24 114 0
114 29 0
114 106 0
114 539 0
25 42 0
42 321 0
42 452 0
42 641 0
27 791 0
791 378 0
28 144 0
144 107 0
144 232 0
144 780 0
29 390 0
30 360 0
360 251 0
360 362 0
360 221 0
31 490 0
490 98 0
490 495 0
490 559 0
490 582 0
32 80 0
32 135 0
32 470 0
32 701 0
33 289 0
289 130 0
289 539 0
289 772 0
34 318 0
318 47 0
318 139 0
318 461 0
318 509 0
35 179 0
35 266 0
35 325 0
35 445 0
325 108 0
325 493 0
36 84 0
36 406 0
36 423 0
84 350 0
84 681 0
84 784 0
37 164 0
37 361 0
37 634 0
37 726 0
164 183 0
164 595 0
164 646 0
324 242 0
324 313 0
324 595 0
41 517 0
517 283 0
517 462 0
517 523 0
452 295 0
43 158 0
158 151 0
158 433 0
158 533 0
44 412 0
412 118 0
412 241 0
412 264 0
45 586 0
586 272 0
586 344 0
586 415 0
586 777 0
46 50 0
46 512 0
46 658 0
46 796 0
50 214 0
50 297 0
113 91 0
113 131 0
113 402 0
49 204 0
49 465 0
49 513 0
49 632 0
204 480 0
204 554 0
204 587 0
204 606 0
214 488 0
214 692 0
214 736 0
51 183 0
183 185 0
183 261 0
183 461 0
52 149 0
149 168 0
149 479 0
149 613 0
53 173 0
53 330 0
53 455 0
53 493 0
173 120 0
173 156 0
173 394 0
330 146 0
330 150 0
330 584 0
54 636 0
636 706 0
55 353 0
55 526 0
353 526 0
353 591 0
286 60 0
286 471 0
286 472 0
58 650 0
650 458 0
650 519 0
522 379 0
522 478 0
61 181 0
61 240 0
61 439 0
61 446 0
61 561 0
61 698 0
240 277 0
240 398 0
439 295 0
439 390 0
439 426 0
439 469 0
62 203 0
203 109 0
203 448 0
203 689 0
63 723 0
723 367 0
723 431 0
723 688 0
64 141 0
141 111 0
141 478 0
141 541 0
65 248 0
65 284 0
65 447 0
248 128 0
248 238 0
248 293 0
248 322 0
284 170 0
284 317 0
284 627 0
66 538 0
538 356 0
538 363 0
538 398 0
538 500 0
538 668 0
67 168 0
67 424 0
67 605 0
67 672 0
168 476 0
168 297 0
69 459 0
459 82 0
459 101 0
459 655 0
70 661 0
661 161 0
661 165 0
661 273 0
71 329 0
329 303 0
329 662 0
329 701 0
72 397 0
397 127 0
397 505 0
397 631 0
74 545 0
545 95 0
545 502 0
545 695 0
75 537 0
537 213 0
537 383 0
537 790 0
76 102 0
76 151 0
76 231 0
76 347 0
76 489 0
151 188 0
231 192 0
231 209 0
77 683 0
683 525 0
79 160 0
160 194 0
160 304 0
160 569 0
81 153 0
81 154 0
81 596 0
81 761 0
350 416 0
350 172 0
350 493 0
85 121 0
85 547 0
85 612 0
85 760 0
121 106 0
121 466 0
547 341 0
547 365 0
547 592 0
86 212 0
212 419 0
212 638 0
87 535 0
535 105 0
535 117 0
535 283 0
88 445 0
88 555 0
88 654 0
88 725 0
445 602 0
89 461 0
89 474 0
89 615 0
89 712 0
461 573 0
90 783 0
783 314 0
783 273 0
783 487 0
379 322 0
379 309 0
93 612 0
612 590 0
612 453 0
94 123 0
123 220 0
123 492 0
123 738 0
95 112 0
95 755 0
112 275 0
112 712 0
112 743 0
96 369 0
96 498 0
96 689 0
96 681 0
369 277 0
369 597 0
498 770 0
97 436 0
436 228 0
436 107 0
436 268 0
99 597 0
597 169 0
597 534 0
100 478 0
100 593 0
100 619 0
100 707 0
478 292 0
106 110 0
110 573 0
110 653 0
110 758 0
107 259 0
107 262 0
107 676 0
259 262 0
259 755 0
262 162 0
262 507 0
262 794 0
108 407 0
108 428 0
108 781 0
573 275 0
275 423 0
275 587 0
115 381 0
381 186 0
381 410 0
116 343 0
343 290 0
343 564 0
343 711 0
343 654 0
118 305 0
118 497 0
118 666 0
305 338 0
305 429 0
305 469 0
119 800 0
800 434 0
122 527 0
122 560 0
122 569 0
122 687 0
527 676 0
124 549 0
549 754 0
125 147 0
147 137 0
147 454 0
147 477 0
126 376 0
376 167 0
376 199 0
376 475 0
127 172 0
127 628 0
172 178 0
128 466 0
128 595 0
129 457 0
457 354 0
457 466 0
457 398 0
132 342 0
132 348 0
132 427 0
132 485 0
133 193 0
193 272 0
193 352 0
193 441 0
134 223 0
134 464 0
134 525 0
134 684 0
136 210 0
210 142 0
210 255 0
139 171 0
139 411 0
139 676 0
171 152 0
171 483 0
411 189 0
411 294 0
411 777 0
143 333 0
143 600 0
143 616 0
143 743 0
145 770 0
770 281 0
770 298 0
148 152 0
152 336 0
157 309 0
309 196 0
309 580 0
159 628 0
628 230 0
628 659 0
163 207 0
163 393 0
163 606 0
163 525 0
595 784 0
595 403 0
166 543 0
543 191 0
178 484 0
178 504 0
174 480 0
480 187 0
480 577 0
175 703 0
703 625 0
176 285 0
176 500 0
176 668 0
176 682 0
500 497 0
177 611 0
611 245 0
611 380 0
611 633 0
484 405 0
484 551 0
484 769 0
180 757 0
757 491 0
182 568 0
568 432 0
568 616 0
184 201 0
184 454 0
184 548 0
184 648 0
454 416 0
188 332 0
188 563 0
188 733 0
190 388 0
388 326 0
388 667 0
388 697 0
192 536 0
192 712 0
192 717 0
192 735 0
272 666 0
195 359 0
195 680 0
359 265 0
359 450 0
359 460 0
359 561 0
680 327 0
680 606 0
197 602 0
602 276 0
602 767 0
602 440 0
198 302 0
302 221 0
302 542 0
302 544 0
199 430 0
199 623 0
199 724 0
430 494 0
430 553 0
430 565 0
430 793 0
430 658 0
623 226 0
623 274 0
623 296 0
200 526 0
526 649 0
202 554 0
554 234 0
554 663 0
205 311 0
311 221 0
311 404 0
311 473 0
206 483 0
483 340 0
483 374 0
483 400 0
483 646 0
208 435 0
435 244 0
435 585 0
435 734 0
435 616 0
209 401 0
209 610 0
209 782 0
211 260 0
211 440 0
211 496 0
211 714 0
440 503 0
215 227 0
215 249 0
215 400 0
215 510 0
216 237 0
237 244 0
237 501 0
237 789 0
237 795 0
217 656 0
656 422 0
218 666 0
218 764 0
666 406 0
219 323 0
219 403 0
219 494 0
219 732 0
403 287 0
403 382 0
221 587 0
222 295 0
295 372 0
295 637 0
224 486 0
486 267 0
486 283 0
486 308 0
225 438 0
225 571 0
225 596 0
438 269 0
571 373 0
571 423 0
229 499 0
499 254 0
499 620 0
499 633 0
499 794 0
233 622 0
622 437 0
234 591 0
234 596 0
235 310 0
310 495 0
310 677 0
310 776 0
236 755 0
755 481 0
244 647 0
239 762 0
762 319 0
277 355 0
277 601 0
277 603 0
242 444 0
242 721 0
242 771 0
243 764 0
764 252 0
764 468 0
246 673 0
673 263 0
247 704 0
704 529 0
250 629 0
629 399 0
629 443 0
253 504 0
504 387 0
504 395 0
257 581 0
581 273 0
581 370 0
581 756 0
269 385 0
269 576 0
269 702 0
273 559 0
273 681 0
559 503 0
681 668 0
423 282 0
587 525 0
587 775 0
278 643 0
643 351 0
279 337 0
279 667 0
279 731 0
279 745 0
667 373 0
280 740 0
740 532 0
282 447 0
282 676 0
282 724 0
447 722 0
283 744 0
744 654 0
287 508 0
287 713 0
287 727 0
508 367 0
508 583 0
288 367 0
288 392 0
288 575 0
288 590 0
288 690 0
367 384 0
367 724 0
291 467 0
291 693 0
291 701 0
291 729 0
292 375 0
292 645 0
292 679 0
297 406 0
406 658 0
406 792 0
306 787 0
787 400 0
307 476 0
476 614 0
476 797 0
495 416 0
313 655 0
316 506 0
316 557 0
320 760 0
760 339 0
760 346 0
322 709 0
331 773 0
773 655 0
334 503 0
503 558 0
349 389 0
349 442 0
349 569 0
349 642 0
349 590 0
569 792 0
416 427 0
591 528 0
591 763 0
357 482 0
482 664 0
482 752 0
358 799 0
799 425 0
366 382 0
382 594 0
382 719 0
384 413 0
384 572 0
384 779 0
368 709 0
709 639 0
371 737 0
737 408 0
737 426 0
737 633 0
373 633 0
373 701 0
390 598 0
390 700 0
390 798 0
391 665 0
665 514 0
396 583 0
583 418 0
583 550 0
404 455 0
455 540 0
455 699 0
455 748 0
409 562 0
562 420 0
562 530 0
562 466 0
410 689 0
414 708 0
708 524 0
427 556 0
421 497 0
497 449 0
497 705 0
426 539 0
556 546 0
453 525 0
453 701 0
466 567 0
567 578 0
469 724 0
724 738 0
493 790 0
521 669 0
669 561 0
669 566 0
655 668 0
