593 599 0
1 501 0
501 77 0
501 51 0
501 487 0
2 69 0
2 116 0
2 392 0
2 453 0
116 157 0
116 492 0
3 18 0
18 255 0
18 355 0
4 189 0
189 166 0
189 384 0
189 583 0
5 79 0
5 325 0
5 455 0
5 467 0
325 256 0
325 183 0
325 156 0
6 269 0
269 423 0
269 574 0
269 594 0
7 432 0
432 383 0
432 91 0
432 474 0
8 577 0
577 553 0
577 392 0
577 249 0
577 48 0
9 243 0
9 318 0
9 480 0
9 508 0
243 400 0
243 525 0
10 307 0
307 96 0
307 231 0
11 51 0
11 114 0
11 427 0
11 569 0
51 157 0
51 539 0
12 270 0
270 71 0
270 74 0
270 425 0
13 222 0
222 296 0
222 497 0
222 519 0
14 548 0
548 181 0
548 431 0
15 564 0
564 454 0
564 426 0
564 541 0
16 25 0
16 95 0
16 254 0
16 400 0
25 266 0
25 275 0
95 167 0
95 369 0
17 98 0
98 277 0
98 292 0
98 305 0
19 399 0
399 246 0
399 460 0
399 80 0
20 483 0
483 507 0
483 588 0
483 296 0
21 208 0
208 228 0
208 435 0
208 445 0
208 464 0
22 330 0
330 247 0
330 371 0
23 437 0
437 523 0
437 543 0
437 574 0
24 68 0
24 303 0
24 359 0
24 506 0
68 71 0
68 296 0
68 481 0
303 87 0
303 158 0
303 566 0
26 151 0
26 218 0
26 249 0
26 257 0
26 502 0
249 136 0
249 157 0
27 478 0
478 62 0
478 296 0
478 444 0
28 44 0
44 236 0
44 272 0
44 369 0
29 66 0
29 78 0
29 143 0
29 584 0
66 365 0
78 210 0
78 293 0
78 376 0
30 535 0
535 326 0
31 595 0
595 321 0
595 374 0
595 113 0
32 138 0
32 463 0
32 529 0
32 568 0
33 57 0
57 88 0
57 365 0
57 445 0
57 486 0
34 159 0
159 192 0
159 276 0
159 578 0
35 124 0
35 320 0
124 81 0
124 291 0
124 389 0
36 204 0
36 224 0
36 232 0
204 160 0
204 391 0
204 485 0
224 199 0
224 498 0
224 237 0
224 500 0
37 312 0
312 344 0
312 365 0
312 526 0
312 155 0
38 148 0
38 185 0
38 274 0
38 302 0
38 495 0
148 263 0
148 518 0
148 550 0
185 368 0
185 179 0
274 353 0
274 436 0
274 516 0
39 92 0
39 182 0
39 414 0
92 150 0
92 179 0
92 561 0
182 194 0
182 350 0
182 439 0
40 316 0
316 85 0
316 304 0
316 438 0
316 502 0
316 398 0
41 285 0
285 341 0
285 384 0
285 466 0
42 476 0
476 142 0
476 430 0
476 217 0
43 234 0
234 215 0
234 372 0
45 331 0
331 281 0
331 192 0
331 320 0
46 495 0
495 170 0
495 230 0
47 153 0
153 195 0
153 261 0
48 525 0
48 561 0
525 60 0
525 198 0
525 590 0
49 237 0
49 346 0
49 509 0
49 574 0
237 256 0
50 131 0
131 473 0
131 475 0
131 520 0
157 150 0
52 333 0
333 152 0
333 441 0
53 560 0
560 404 0
560 428 0
54 377 0
377 227 0
377 71 0
377 503 0
55 108 0
55 155 0
55 202 0
55 253 0
55 452 0
55 530 0
108 400 0
155 275 0
253 273 0
253 544 0
253 210 0
253 452 0
56 70 0
70 168 0
70 201 0
70 426 0
365 254 0
365 207 0
58 359 0
359 126 0
359 295 0
59 120 0
120 104 0
120 217 0
120 573 0
61 82 0
61 141 0
61 233 0
61 448 0
82 130 0
82 367 0
82 504 0
141 176 0
141 456 0
141 592 0
63 235 0
63 315 0
63 442 0
63 551 0
64 240 0
240 135 0
240 401 0
240 442 0
65 232 0
232 115 0
232 549 0
67 172 0
172 80 0
172 343 0
172 558 0
168 494 0
72 101 0
72 378 0
72 389 0
72 398 0
72 524 0
389 405 0
389 340 0
73 244 0
73 320 0
73 329 0
73 438 0
73 532 0
320 599 0
75 418 0
418 113 0
418 582 0
418 589 0
76 421 0
421 179 0
421 408 0
421 528 0
210 113 0
80 183 0
80 393 0
183 89 0
183 479 0
83 287 0
83 363 0
83 386 0
83 561 0
84 128 0
84 356 0
84 233 0
128 99 0
128 119 0
128 211 0
128 510 0
86 308 0
308 211 0
308 416 0
308 481 0
89 266 0
89 448 0
89 302 0
266 150 0
266 593 0
90 129 0
90 264 0
90 338 0
90 517 0
91 163 0
91 335 0
91 555 0
163 106 0
163 197 0
163 390 0
335 217 0
93 161 0
93 286 0
93 373 0
93 547 0
94 492 0
492 241 0
492 407 0
167 314 0
167 422 0
167 599 0
97 136 0
136 348 0
136 361 0
100 393 0
393 118 0
393 468 0
102 280 0
280 132 0
280 322 0
280 381 0
103 256 0
256 336 0
256 358 0
105 173 0
173 297 0
173 384 0
173 586 0
107 207 0
207 193 0
207 420 0
109 414 0
414 440 0
414 598 0
110 293 0
293 258 0
293 514 0
111 394 0
394 413 0
394 132 0
394 575 0
112 470 0
470 448 0
470 540 0
470 200 0
470 228 0
113 493 0
117 443 0
443 410 0
443 488 0
443 585 0
121 472 0
472 146 0
472 259 0
472 513 0
122 273 0
273 406 0
273 554 0
123 290 0
290 238 0
290 479 0
290 522 0
125 133 0
133 397 0
133 409 0
127 571 0
571 190 0
571 279 0
132 145 0
132 482 0
145 299 0
145 402 0
145 417 0
134 373 0
134 398 0
134 471 0
134 545 0
373 570 0
373 461 0
137 493 0
493 449 0
493 534 0
139 233 0
233 140 0
144 156 0
156 205 0
156 289 0
147 220 0
220 259 0
220 267 0
220 581 0
149 360 0
149 452 0
149 464 0
149 465 0
154 171 0
171 216 0
171 319 0
192 254 0
192 446 0
162 214 0
162 337 0
162 419 0
162 572 0
214 302 0
214 387 0
214 494 0
164 422 0
422 177 0
422 429 0
165 284 0
284 212 0
284 354 0
284 442 0
314 252 0
314 459 0
314 477 0
314 502 0
169 580 0
580 179 0
580 221 0
580 450 0
216 494 0
174 309 0
309 311 0
309 369 0
309 382 0
175 544 0
544 268 0
544 300 0
178 226 0
178 396 0
178 464 0
178 563 0
179 542 0
542 209 0
542 250 0
542 334 0
180 186 0
186 184 0
186 339 0
186 411 0
187 462 0
462 292 0
462 424 0
462 433 0
188 562 0
562 298 0
191 457 0
457 219 0
457 347 0
254 464 0
196 506 0
506 278 0
506 349 0
200 323 0
200 579 0
203 521 0
521 327 0
521 458 0
521 328 0
206 539 0
539 362 0
539 499 0
228 517 0
211 448 0
213 591 0
591 292 0
591 403 0
591 515 0
302 259 0
217 271 0
271 332 0
271 415 0
271 565 0
259 484 0
223 412 0
412 379 0
412 411 0
412 531 0
225 262 0
225 328 0
225 364 0
225 385 0
328 356 0
328 482 0
229 494 0
494 317 0
494 370 0
239 446 0
446 260 0
446 447 0
242 600 0
600 496 0
400 384 0
400 410 0
245 340 0
340 310 0
340 490 0
248 555 0
555 283 0
555 434 0
251 599 0
599 324 0
599 342 0
265 461 0
461 301 0
461 313 0
275 405 0
275 482 0
405 442 0
405 517 0
482 475 0
282 356 0
356 469 0
356 533 0
288 587 0
587 481 0
587 489 0
294 376 0
376 388 0
376 527 0
304 484 0
304 384 0
306 387 0
387 357 0
387 512 0
345 411 0
345 426 0
411 392 0
411 552 0
426 368 0
351 484 0
484 567 0
352 556 0
556 366 0
368 375 0
368 536 0
570 568 0
570 574 0
570 593 0
380 491 0
491 537 0
395 505 0
505 546 0
505 568 0
552 451 0
