655 699 0
1 638 0
638 141 0
638 265 0
638 348 0
2 547 0
547 396 0
547 513 0
3 93 0
3 568 0
3 596 0
93 103 0
93 252 0
93 313 0
93 407 0
4 616 0
616 291 0
616 591 0
5 264 0
264 169 0
264 200 0
264 249 0
264 640 0
6 241 0
241 97 0
241 117 0
241 171 0
7 262 0
262 204 0
262 417 0
262 557 0
8 129 0
8 248 0
8 288 0
8 577 0
8 640 0
129 54 0
129 244 0
129 584 0
248 19 0
248 74 0
248 523 0
288 189 0
288 537 0
288 457 0
9 598 0
598 43 0
598 235 0
10 174 0
10 295 0
10 487 0
10 665 0
174 258 0
174 537 0
174 15 0
174 619 0
11 462 0
462 405 0
462 57 0
462 661 0
12 596 0
596 549 0
596 13 0
13 185 0
13 449 0
13 491 0
185 65 0
449 106 0
449 250 0
491 175 0
491 294 0
491 371 0
491 413 0
491 148 0
14 453 0
453 212 0
453 121 0
453 345 0
15 62 0
15 143 0
15 399 0
16 365 0
16 435 0
16 692 0
365 125 0
365 222 0
365 383 0
365 459 0
365 177 0
365 68 0
17 130 0
17 198 0
17 215 0
130 255 0
130 377 0
130 386 0
130 422 0
198 40 0
198 592 0
18 71 0
18 81 0
18 153 0
18 512 0
18 664 0
71 245 0
71 395 0
71 480 0
71 514 0
81 162 0
81 444 0
153 271 0
153 544 0
153 685 0
19 37 0
19 78 0
19 317 0
19 543 0
37 608 0
37 664 0
78 173 0
78 397 0
78 528 0
20 27 0
27 145 0
27 190 0
27 508 0
21 561 0
561 224 0
561 606 0
22 552 0
552 133 0
552 333 0
552 86 0
23 119 0
23 140 0
23 226 0
23 586 0
119 383 0
119 670 0
24 30 0
24 59 0
24 342 0
24 485 0
25 356 0
356 585 0
356 178 0
26 111 0
111 155 0
111 171 0
111 591 0
111 613 0
28 319 0
28 402 0
28 530 0
28 630 0
28 687 0
28 691 0
530 337 0
530 409 0
29 116 0
29 299 0
29 426 0
29 444 0
31 103 0
31 428 0
31 626 0
31 667 0
103 173 0
103 479 0
428 460 0
428 601 0
428 154 0
428 172 0
32 346 0
32 524 0
32 641 0
32 693 0
524 166 0
33 166 0
166 96 0
166 507 0
166 450 0
34 576 0
576 134 0
35 559 0
559 384 0
36 189 0
36 363 0
36 662 0
189 430 0
189 499 0
189 648 0
38 87 0
38 187 0
38 252 0
38 309 0
39 79 0
79 45 0
79 72 0
40 55 0
40 349 0
40 370 0
40 379 0
40 412 0
40 564 0
40 683 0
55 105 0
55 700 0
349 312 0
349 324 0
349 123 0
412 424 0
412 220 0
564 664 0
41 115 0
41 520 0
41 621 0
115 68 0
115 61 0
115 464 0
42 108 0
42 144 0
42 373 0
108 387 0
108 440 0
108 445 0
144 249 0
144 54 0
44 138 0
44 180 0
44 670 0
138 66 0
138 329 0
138 442 0
46 124 0
124 76 0
124 213 0
47 53 0
47 61 0
47 173 0
47 431 0
53 158 0
53 368 0
53 678 0
173 563 0
173 566 0
48 423 0
423 378 0
423 50 0
423 684 0
49 54 0
49 57 0
49 68 0
49 226 0
49 361 0
54 56 0
54 667 0
57 100 0
68 343 0
226 105 0
226 416 0
226 699 0
50 92 0
50 335 0
92 176 0
92 633 0
92 647 0
335 149 0
51 496 0
496 451 0
496 515 0
52 613 0
52 655 0
52 664 0
613 215 0
56 350 0
56 470 0
56 522 0
56 591 0
350 351 0
350 180 0
470 132 0
470 546 0
100 63 0
100 117 0
100 177 0
100 331 0
100 696 0
58 629 0
629 82 0
60 139 0
60 165 0
60 565 0
139 325 0
139 361 0
139 450 0
139 480 0
139 507 0
139 672 0
64 351 0
64 456 0
351 199 0
65 85 0
65 123 0
65 188 0
65 394 0
65 510 0
85 274 0
123 89 0
188 297 0
188 362 0
188 546 0
67 163 0
163 281 0
163 486 0
163 515 0
163 579 0
69 467 0
467 157 0
467 227 0
70 555 0
555 382 0
555 391 0
245 568 0
395 132 0
73 284 0
73 330 0
73 523 0
284 80 0
284 152 0
284 479 0
74 362 0
74 520 0
362 261 0
75 114 0
75 162 0
75 458 0
75 660 0
162 621 0
77 376 0
376 160 0
376 249 0
80 192 0
80 296 0
80 572 0
83 182 0
83 435 0
83 485 0
83 700 0
182 195 0
182 233 0
182 247 0
182 348 0
182 556 0
435 512 0
435 558 0
435 653 0
435 693 0
435 255 0
84 589 0
589 253 0
86 170 0
86 655 0
170 202 0
170 334 0
170 112 0
170 569 0
88 472 0
88 490 0
88 508 0
88 668 0
89 201 0
89 417 0
90 457 0
457 91 0
457 298 0
252 655 0
313 147 0
94 254 0
254 209 0
254 244 0
254 477 0
95 637 0
637 122 0
637 385 0
98 570 0
570 374 0
570 454 0
99 443 0
443 110 0
443 109 0
443 221 0
117 506 0
177 469 0
101 393 0
101 471 0
101 522 0
101 535 0
393 136 0
393 324 0
102 604 0
604 614 0
104 259 0
104 304 0
104 318 0
104 605 0
105 191 0
105 219 0
105 311 0
105 326 0
219 152 0
107 466 0
466 165 0
109 344 0
109 420 0
344 583 0
344 590 0
420 165 0
112 131 0
131 127 0
131 168 0
131 218 0
113 137 0
113 419 0
113 460 0
113 489 0
137 517 0
137 533 0
137 565 0
419 225 0
419 382 0
118 324 0
120 186 0
120 521 0
120 560 0
186 121 0
186 214 0
121 297 0
126 215 0
215 128 0
215 244 0
215 468 0
255 653 0
377 479 0
377 571 0
132 159 0
132 653 0
135 258 0
258 360 0
258 406 0
258 573 0
136 380 0
136 484 0
136 588 0
136 658 0
142 285 0
285 421 0
285 587 0
249 316 0
146 243 0
146 375 0
146 507 0
146 663 0
147 434 0
147 447 0
148 322 0
148 664 0
322 282 0
322 342 0
149 568 0
149 667 0
568 417 0
568 631 0
150 526 0
526 352 0
151 659 0
659 493 0
659 494 0
152 208 0
152 401 0
152 650 0
154 337 0
154 682 0
337 178 0
337 418 0
156 289 0
289 283 0
161 455 0
455 508 0
281 303 0
281 522 0
164 373 0
164 640 0
164 682 0
373 511 0
373 642 0
165 531 0
531 292 0
507 206 0
167 201 0
201 414 0
201 566 0
168 463 0
168 478 0
168 551 0
478 238 0
478 278 0
478 481 0
551 519 0
551 615 0
334 479 0
172 206 0
172 220 0
206 359 0
206 587 0
220 396 0
179 267 0
267 314 0
267 332 0
180 230 0
180 293 0
181 671 0
671 273 0
671 340 0
233 287 0
233 645 0
183 240 0
183 242 0
183 256 0
183 367 0
183 488 0
256 382 0
256 528 0
184 330 0
330 221 0
330 409 0
330 612 0
330 639 0
193 656 0
656 575 0
194 597 0
597 469 0
597 628 0
597 673 0
196 397 0
397 390 0
197 520 0
520 357 0
520 456 0
203 622 0
622 599 0
622 631 0
622 546 0
622 231 0
205 260 0
260 286 0
260 367 0
260 502 0
260 593 0
359 315 0
359 523 0
207 358 0
358 266 0
210 666 0
666 223 0
211 473 0
473 231 0
473 239 0
244 308 0
244 610 0
216 621 0
621 475 0
621 644 0
217 482 0
482 456 0
396 633 0
396 692 0
221 413 0
221 682 0
416 269 0
416 404 0
228 655 0
655 257 0
229 369 0
369 503 0
231 523 0
232 234 0
232 501 0
232 529 0
232 550 0
235 411 0
235 417 0
411 366 0
411 407 0
236 688 0
688 277 0
237 620 0
620 305 0
308 263 0
246 523 0
523 534 0
316 392 0
251 528 0
528 321 0
286 512 0
286 303 0
367 460 0
268 500 0
500 595 0
500 698 0
269 560 0
270 307 0
307 276 0
272 364 0
364 631 0
274 578 0
274 674 0
275 372 0
372 342 0
279 662 0
662 280 0
662 522 0
662 574 0
287 355 0
287 497 0
287 652 0
290 388 0
388 545 0
300 700 0
301 306 0
306 504 0
303 317 0
303 439 0
303 587 0
587 363 0
315 540 0
320 554 0
554 406 0
554 489 0
342 474 0
342 669 0
342 689 0
323 343 0
343 347 0
343 448 0
327 341 0
327 521 0
341 442 0
521 417 0
521 498 0
521 562 0
328 415 0
415 538 0
612 461 0
612 506 0
479 653 0
339 424 0
669 550 0
669 609 0
348 383 0
383 664 0
354 600 0
600 446 0
600 469 0
600 536 0
363 695 0
363 697 0
571 429 0
381 425 0
425 680 0
398 654 0
654 437 0
654 532 0
400 625 0
625 516 0
403 565 0
565 505 0
565 657 0
405 456 0
456 560 0
406 560 0
407 682 0
682 433 0
682 548 0
682 582 0
431 525 0
431 581 0
560 694 0
461 580 0
580 582 0
580 667 0
465 550 0
469 608 0
608 553 0
608 690 0
483 506 0
506 617 0
506 643 0
667 640 0
592 611 0
