572 599 0
1 63 0
1 311 0
1 574 0
1 584 0
2 505 0
505 481 0
505 528 0
505 22 0
3 109 0
3 262 0
3 272 0
3 414 0
3 568 0
3 599 0
109 137 0
109 179 0
109 478 0
109 487 0
262 134 0
262 595 0
272 82 0
272 135 0
272 56 0
272 231 0
4 350 0
4 548 0
4 595 0
350 83 0
350 281 0
5 254 0
254 239 0
254 315 0
254 446 0
254 74 0
254 312 0
254 328 0
6 30 0
6 39 0
6 337 0
6 462 0
30 244 0
30 248 0
30 523 0
39 26 0
39 266 0
39 516 0
7 283 0
283 178 0
283 483 0
283 556 0
8 26 0
8 191 0
8 231 0
26 79 0
26 137 0
9 172 0
172 129 0
172 423 0
172 566 0
10 192 0
192 71 0
192 190 0
192 284 0
11 398 0
398 360 0
398 541 0
12 87 0
87 124 0
87 278 0
87 322 0
13 29 0
13 133 0
13 422 0
29 31 0
29 209 0
29 233 0
29 247 0
29 572 0
14 48 0
14 335 0
14 337 0
14 477 0
48 231 0
335 260 0
337 73 0
15 158 0
158 340 0
158 342 0
158 351 0
16 57 0
57 27 0
57 140 0
57 510 0
17 79 0
17 91 0
17 483 0
17 528 0
79 195 0
91 65 0
91 143 0
18 456 0
456 246 0
19 184 0
19 234 0
19 266 0
19 582 0
184 301 0
184 243 0
184 580 0
234 28 0
234 263 0
234 403 0
234 343 0
20 515 0
515 187 0
515 355 0
515 441 0
515 188 0
21 46 0
21 80 0
21 455 0
21 494 0
21 526 0
21 536 0
46 379 0
22 149 0
149 349 0
149 428 0
149 45 0
149 460 0
23 132 0
23 162 0
23 290 0
23 316 0
132 117 0
132 358 0
132 152 0
162 137 0
162 525 0
162 576 0
290 377 0
290 430 0
24 400 0
400 32 0
400 356 0
400 598 0
400 74 0
400 136 0
25 81 0
25 195 0
25 306 0
81 61 0
81 240 0
81 560 0
195 33 0
195 121 0
27 83 0
27 260 0
27 500 0
27 502 0
83 467 0
83 550 0
260 75 0
260 523 0
31 367 0
31 422 0
209 53 0
209 108 0
209 299 0
209 151 0
233 564 0
233 173 0
244 76 0
244 287 0
244 497 0
248 207 0
33 191 0
33 328 0
33 331 0
191 255 0
191 214 0
328 93 0
34 194 0
34 349 0
34 429 0
34 588 0
349 58 0
349 197 0
349 516 0
35 55 0
35 106 0
35 122 0
35 239 0
36 421 0
421 175 0
421 411 0
37 207 0
37 377 0
207 364 0
207 487 0
207 529 0
207 374 0
38 205 0
205 375 0
205 476 0
205 259 0
40 435 0
435 150 0
435 221 0
435 587 0
435 119 0
41 231 0
231 294 0
231 332 0
231 513 0
42 131 0
131 126 0
131 136 0
131 257 0
131 325 0
43 134 0
134 464 0
134 584 0
134 585 0
44 96 0
44 151 0
44 528 0
44 535 0
44 553 0
151 75 0
45 101 0
45 500 0
101 188 0
101 190 0
101 305 0
47 78 0
47 98 0
47 297 0
47 371 0
78 235 0
49 64 0
49 90 0
49 148 0
50 86 0
50 130 0
50 289 0
50 397 0
50 571 0
51 504 0
504 410 0
504 596 0
504 102 0
504 276 0
52 564 0
564 274 0
53 450 0
53 540 0
53 544 0
54 474 0
474 557 0
56 199 0
56 214 0
56 267 0
199 238 0
199 258 0
214 301 0
58 217 0
58 466 0
58 511 0
59 373 0
59 447 0
59 493 0
59 547 0
60 443 0
443 124 0
443 249 0
443 586 0
62 228 0
62 252 0
62 413 0
65 208 0
65 298 0
65 480 0
66 524 0
524 218 0
67 559 0
559 69 0
559 470 0
559 600 0
68 364 0
364 520 0
70 353 0
353 136 0
353 279 0
353 551 0
72 75 0
72 190 0
72 537 0
75 462 0
75 538 0
73 270 0
73 333 0
73 347 0
73 594 0
74 120 0
74 198 0
120 152 0
120 212 0
120 236 0
120 569 0
198 89 0
198 552 0
77 523 0
523 482 0
523 543 0
235 202 0
235 126 0
235 277 0
82 390 0
82 379 0
84 119 0
84 160 0
84 401 0
84 483 0
84 488 0
84 489 0
85 291 0
291 210 0
291 221 0
291 348 0
124 516 0
88 251 0
88 345 0
88 490 0
88 397 0
89 118 0
89 327 0
89 382 0
89 549 0
382 196 0
382 540 0
382 548 0
92 117 0
117 245 0
117 312 0
117 200 0
93 407 0
93 423 0
93 589 0
423 108 0
94 265 0
265 222 0
265 288 0
265 346 0
265 121 0
95 583 0
583 161 0
583 546 0
97 103 0
103 230 0
103 313 0
99 517 0
517 155 0
517 316 0
100 463 0
463 110 0
190 173 0
102 269 0
102 390 0
102 525 0
269 112 0
269 324 0
269 152 0
390 116 0
390 127 0
390 454 0
104 176 0
104 302 0
104 380 0
105 133 0
133 584 0
133 592 0
107 331 0
331 273 0
331 509 0
108 396 0
108 436 0
179 242 0
179 281 0
179 541 0
179 546 0
111 143 0
143 329 0
143 471 0
143 312 0
113 216 0
216 227 0
216 420 0
114 154 0
114 220 0
114 343 0
114 404 0
114 536 0
343 123 0
115 141 0
115 159 0
115 200 0
115 303 0
115 593 0
141 285 0
159 266 0
159 405 0
159 425 0
200 186 0
121 548 0
123 395 0
123 508 0
123 558 0
125 475 0
475 223 0
475 232 0
128 135 0
135 204 0
135 354 0
136 243 0
358 193 0
358 229 0
358 391 0
584 502 0
243 363 0
138 309 0
309 146 0
139 469 0
469 533 0
142 286 0
286 167 0
286 355 0
286 491 0
144 532 0
532 170 0
145 561 0
561 171 0
561 226 0
147 323 0
323 388 0
323 448 0
323 461 0
323 288 0
153 168 0
153 501 0
168 361 0
168 409 0
168 453 0
501 425 0
501 440 0
156 203 0
203 177 0
203 259 0
203 339 0
157 434 0
434 357 0
340 164 0
405 268 0
163 173 0
173 416 0
164 213 0
164 419 0
164 577 0
165 296 0
296 197 0
296 368 0
166 507 0
507 472 0
169 219 0
169 281 0
169 485 0
169 542 0
281 379 0
174 374 0
374 181 0
374 264 0
242 285 0
180 529 0
182 563 0
563 344 0
183 457 0
457 378 0
457 488 0
301 500 0
185 436 0
436 186 0
436 383 0
186 438 0
186 479 0
189 372 0
372 347 0
372 392 0
196 453 0
196 470 0
196 473 0
196 518 0
470 514 0
473 359 0
238 239 0
238 478 0
238 570 0
238 573 0
201 355 0
201 385 0
206 367 0
367 253 0
367 439 0
487 451 0
211 385 0
385 237 0
215 376 0
376 225 0
221 317 0
221 576 0
221 595 0
224 250 0
224 393 0
224 433 0
224 590 0
239 516 0
478 431 0
478 565 0
241 581 0
581 384 0
256 379 0
379 295 0
258 292 0
258 369 0
258 506 0
258 568 0
261 412 0
412 316 0
271 500 0
500 318 0
275 442 0
442 280 0
442 388 0
276 418 0
276 449 0
418 326 0
418 397 0
282 363 0
363 293 0
363 599 0
285 488 0
285 541 0
299 308 0
299 394 0
299 399 0
299 468 0
300 514 0
304 330 0
330 359 0
330 422 0
306 389 0
306 518 0
518 316 0
310 548 0
314 579 0
579 539 0
316 370 0
370 334 0
321 422 0
422 445 0
422 591 0
359 411 0
359 445 0
336 347 0
338 597 0
597 365 0
352 431 0
431 424 0
362 567 0
567 451 0
386 522 0
522 427 0
387 537 0
537 433 0
537 452 0
537 484 0
397 502 0
417 582 0
582 496 0
425 498 0
425 552 0
432 595 0
433 525 0
525 558 0
449 530 0
449 534 0
482 519 0
519 512 0
486 536 0
552 554 0
