696 699 0
1 420 0
420 130 0
420 394 0
420 531 0
2 437 0
437 165 0
437 429 0
437 233 0
3 298 0
3 316 0
3 577 0
3 626 0
4 114 0
4 282 0
4 503 0
4 646 0
4 686 0
503 17 0
503 434 0
503 543 0
5 291 0
291 271 0
291 312 0
291 577 0
6 284 0
6 392 0
6 410 0
6 500 0
7 143 0
143 39 0
143 48 0
143 478 0
8 680 0
680 310 0
680 499 0
680 697 0
9 590 0
590 201 0
590 592 0
590 301 0
10 683 0
683 163 0
683 555 0
683 499 0
11 78 0
11 200 0
11 403 0
11 667 0
200 647 0
200 115 0
12 326 0
326 174 0
326 209 0
326 511 0
13 335 0
335 457 0
335 243 0
335 581 0
14 687 0
687 407 0
15 409 0
409 103 0
409 123 0
409 213 0
16 584 0
584 560 0
584 575 0
584 209 0
18 235 0
235 107 0
235 211 0
235 526 0
235 588 0
19 27 0
19 279 0
19 337 0
19 385 0
27 34 0
27 447 0
27 625 0
20 44 0
44 536 0
44 644 0
44 674 0
21 77 0
21 443 0
21 595 0
21 629 0
22 40 0
22 55 0
22 473 0
22 562 0
23 62 0
62 324 0
62 436 0
62 601 0
24 147 0
24 157 0
24 552 0
24 672 0
25 74 0
74 266 0
74 354 0
74 471 0
74 609 0
26 141 0
141 455 0
141 480 0
141 487 0
34 57 0
34 334 0
34 431 0
34 666 0
447 239 0
447 66 0
447 459 0
28 414 0
414 37 0
414 462 0
29 612 0
612 92 0
612 319 0
612 516 0
30 66 0
30 468 0
30 599 0
66 184 0
66 602 0
31 59 0
59 327 0
59 347 0
59 357 0
32 604 0
604 72 0
604 529 0
604 213 0
604 686 0
33 102 0
102 275 0
102 354 0
102 558 0
334 35 0
35 192 0
35 239 0
35 273 0
35 355 0
239 352 0
239 342 0
239 606 0
36 243 0
36 444 0
36 635 0
36 656 0
243 172 0
243 400 0
38 606 0
606 73 0
606 402 0
41 166 0
166 53 0
166 150 0
166 504 0
42 125 0
125 112 0
125 175 0
43 124 0
124 179 0
124 380 0
124 516 0
45 556 0
556 75 0
556 486 0
46 88 0
46 99 0
46 499 0
46 549 0
88 210 0
88 272 0
47 467 0
467 151 0
467 339 0
467 459 0
49 205 0
205 64 0
205 677 0
205 473 0
50 145 0
50 233 0
50 371 0
50 445 0
233 79 0
233 317 0
51 498 0
498 423 0
498 441 0
498 633 0
52 67 0
52 181 0
52 456 0
52 461 0
67 198 0
67 249 0
181 100 0
181 217 0
181 236 0
54 84 0
54 89 0
54 212 0
54 306 0
56 217 0
217 485 0
217 502 0
58 321 0
321 159 0
321 211 0
321 595 0
327 413 0
327 614 0
327 256 0
60 80 0
60 361 0
60 382 0
61 115 0
115 108 0
115 430 0
63 222 0
63 350 0
63 375 0
63 559 0
222 416 0
222 607 0
222 686 0
222 690 0
350 136 0
350 315 0
350 524 0
65 426 0
426 215 0
426 308 0
426 459 0
184 223 0
184 301 0
184 394 0
68 571 0
571 290 0
571 313 0
69 237 0
69 358 0
69 436 0
69 561 0
70 386 0
386 186 0
386 518 0
386 588 0
71 278 0
71 299 0
71 421 0
71 551 0
354 513 0
354 329 0
76 142 0
76 191 0
76 630 0
76 700 0
79 216 0
79 323 0
79 516 0
216 474 0
216 513 0
216 599 0
81 439 0
439 219 0
82 637 0
637 348 0
637 366 0
637 700 0
83 570 0
570 248 0
570 394 0
570 507 0
85 138 0
85 162 0
85 672 0
138 100 0
138 256 0
138 325 0
138 468 0
86 224 0
86 281 0
86 300 0
86 301 0
87 670 0
670 204 0
670 454 0
670 223 0
90 117 0
90 351 0
90 438 0
90 512 0
90 564 0
438 513 0
438 497 0
438 452 0
91 313 0
91 369 0
91 428 0
91 530 0
313 513 0
369 187 0
369 422 0
369 585 0
93 127 0
93 255 0
93 264 0
93 617 0
94 229 0
94 304 0
94 306 0
94 520 0
229 428 0
229 599 0
304 399 0
304 412 0
304 576 0
95 482 0
482 295 0
482 341 0
482 459 0
96 372 0
372 285 0
372 306 0
372 303 0
97 679 0
679 129 0
679 140 0
679 700 0
98 440 0
440 252 0
440 516 0
440 669 0
100 343 0
100 588 0
101 133 0
133 374 0
133 415 0
133 668 0
104 153 0
153 342 0
153 346 0
153 551 0
153 623 0
105 139 0
105 450 0
105 520 0
105 587 0
106 469 0
469 478 0
469 639 0
469 690 0
109 658 0
658 340 0
110 297 0
110 449 0
110 505 0
449 428 0
449 214 0
449 162 0
111 689 0
689 448 0
689 515 0
689 551 0
113 657 0
657 613 0
116 276 0
276 250 0
276 259 0
276 627 0
118 221 0
221 478 0
221 519 0
221 553 0
119 258 0
119 286 0
119 362 0
119 653 0
258 417 0
258 256 0
120 173 0
120 288 0
120 374 0
120 451 0
121 634 0
634 207 0
634 411 0
634 394 0
122 509 0
509 213 0
509 269 0
509 464 0
126 661 0
661 534 0
128 399 0
399 591 0
399 618 0
131 492 0
492 292 0
492 620 0
132 488 0
488 194 0
488 389 0
488 323 0
374 349 0
374 544 0
134 330 0
330 261 0
330 539 0
330 682 0
135 214 0
214 154 0
214 528 0
137 365 0
365 175 0
365 574 0
365 636 0
365 211 0
256 150 0
455 178 0
144 557 0
557 198 0
557 442 0
557 582 0
146 458 0
458 615 0
458 150 0
458 678 0
148 210 0
210 254 0
210 533 0
210 651 0
149 219 0
149 274 0
149 405 0
149 446 0
219 580 0
219 602 0
150 493 0
152 453 0
453 391 0
453 491 0
342 614 0
155 465 0
465 343 0
465 521 0
465 547 0
156 247 0
247 294 0
247 406 0
158 475 0
475 343 0
475 546 0
475 567 0
160 172 0
160 423 0
160 474 0
172 397 0
172 597 0
161 264 0
161 517 0
161 655 0
161 690 0
161 694 0
264 225 0
162 220 0
162 387 0
164 427 0
164 501 0
164 578 0
164 673 0
167 384 0
384 466 0
384 541 0
384 685 0
168 228 0
228 333 0
228 660 0
228 343 0
169 227 0
227 218 0
227 367 0
170 390 0
390 226 0
390 218 0
390 360 0
171 249 0
249 195 0
249 209 0
249 537 0
175 180 0
175 513 0
180 244 0
180 307 0
180 379 0
176 600 0
600 287 0
600 410 0
600 645 0
177 611 0
611 265 0
611 368 0
611 250 0
178 377 0
178 506 0
178 681 0
182 328 0
328 398 0
328 649 0
328 423 0
183 435 0
435 208 0
435 268 0
223 353 0
223 530 0
185 296 0
296 246 0
296 404 0
188 322 0
322 231 0
322 234 0
322 410 0
189 373 0
373 202 0
373 306 0
373 476 0
190 594 0
594 263 0
594 608 0
193 261 0
193 393 0
193 573 0
193 593 0
261 532 0
196 412 0
412 242 0
412 662 0
197 270 0
270 283 0
270 331 0
270 436 0
198 428 0
198 494 0
428 578 0
494 472 0
494 525 0
494 628 0
199 349 0
349 510 0
349 632 0
647 359 0
647 408 0
647 569 0
203 225 0
203 303 0
203 532 0
203 544 0
203 599 0
225 499 0
225 672 0
303 497 0
532 473 0
206 579 0
579 396 0
579 650 0
209 400 0
400 423 0
400 468 0
213 544 0
544 410 0
474 250 0
474 585 0
474 700 0
218 272 0
218 602 0
272 471 0
272 550 0
272 596 0
478 602 0
353 238 0
353 484 0
353 490 0
230 241 0
241 262 0
241 418 0
232 364 0
364 289 0
364 605 0
236 432 0
236 522 0
236 538 0
352 260 0
352 280 0
352 586 0
352 648 0
240 614 0
614 610 0
245 527 0
527 554 0
527 577 0
527 603 0
250 419 0
250 479 0
419 277 0
419 356 0
419 684 0
251 631 0
631 540 0
631 622 0
253 580 0
580 566 0
580 598 0
257 548 0
548 473 0
548 514 0
548 535 0
417 489 0
417 565 0
267 530 0
530 568 0
530 665 0
471 567 0
293 378 0
378 508 0
378 691 0
378 520 0
301 664 0
664 383 0
664 621 0
664 659 0
302 423 0
302 642 0
302 688 0
302 693 0
305 323 0
305 336 0
305 376 0
305 671 0
323 460 0
309 497 0
497 433 0
311 338 0
311 395 0
311 672 0
311 699 0
314 452 0
452 370 0
452 388 0
317 332 0
317 481 0
317 495 0
318 363 0
363 470 0
363 676 0
363 672 0
320 493 0
493 381 0
493 641 0
460 483 0
460 563 0
460 638 0
325 466 0
325 644 0
413 477 0
413 542 0
413 572 0
329 344 0
329 345 0
329 692 0
375 434 0
375 468 0
375 551 0
434 436 0
401 576 0
576 424 0
576 523 0
425 559 0
559 619 0
559 663 0
463 520 0
463 583 0
463 616 0
463 643 0
520 696 0
585 695 0
479 516 0
496 640 0
640 545 0
640 588 0
640 589 0
577 698 0
698 651 0
