772 799 0
1 639 0
639 438 0
639 687 0
639 116 0
2 649 0
649 66 0
649 398 0
649 98 0
3 20 0
20 139 0
20 157 0
20 518 0
4 431 0
4 505 0
4 533 0
431 37 0
431 393 0
431 656 0
505 145 0
5 301 0
301 194 0
301 310 0
301 315 0
6 115 0
6 175 0
6 330 0
6 364 0
6 669 0
115 418 0
115 766 0
7 353 0
353 96 0
353 703 0
353 30 0
8 119 0
119 13 0
119 483 0
119 519 0
9 405 0
405 337 0
405 670 0
405 751 0
405 374 0
10 427 0
427 475 0
427 550 0
427 752 0
11 176 0
176 81 0
176 338 0
176 590 0
12 300 0
12 652 0
12 700 0
12 785 0
300 35 0
300 388 0
14 250 0
250 154 0
250 179 0
250 389 0
15 435 0
15 584 0
15 713 0
435 358 0
435 473 0
435 481 0
16 572 0
572 350 0
572 557 0
17 179 0
17 211 0
17 256 0
17 754 0
179 525 0
179 533 0
18 236 0
236 144 0
236 266 0
236 297 0
236 493 0
236 739 0
19 386 0
386 295 0
386 689 0
386 471 0
386 753 0
21 192 0
21 335 0
21 421 0
21 665 0
192 507 0
192 533 0
335 442 0
335 170 0
22 316 0
316 464 0
316 590 0
316 635 0
23 237 0
23 281 0
23 641 0
237 615 0
237 636 0
281 225 0
281 462 0
281 655 0
24 126 0
126 64 0
126 103 0
126 260 0
126 673 0
25 31 0
25 257 0
25 514 0
25 657 0
25 742 0
257 721 0
257 784 0
257 198 0
26 547 0
547 310 0
547 390 0
547 622 0
27 453 0
453 182 0
453 226 0
453 439 0
453 607 0
28 378 0
378 458 0
378 733 0
378 746 0
29 59 0
29 82 0
29 273 0
29 317 0
59 150 0
59 279 0
59 465 0
82 332 0
82 567 0
82 661 0
30 133 0
30 234 0
133 113 0
133 445 0
133 375 0
133 737 0
32 695 0
695 135 0
33 444 0
444 382 0
444 64 0
444 468 0
34 261 0
261 414 0
261 445 0
261 545 0
35 164 0
35 374 0
35 637 0
35 699 0
35 713 0
374 329 0
637 325 0
637 227 0
36 156 0
36 507 0
36 676 0
156 246 0
156 645 0
156 795 0
37 157 0
37 343 0
37 675 0
157 415 0
343 601 0
343 584 0
38 736 0
736 401 0
39 141 0
39 283 0
39 665 0
39 707 0
141 611 0
283 320 0
40 183 0
183 191 0
183 272 0
183 367 0
183 626 0
41 693 0
693 428 0
693 527 0
42 97 0
42 181 0
42 429 0
42 770 0
181 65 0
181 104 0
181 107 0
43 91 0
91 50 0
91 396 0
91 587 0
44 721 0
721 397 0
721 544 0
45 93 0
45 101 0
45 570 0
45 761 0
101 356 0
101 529 0
101 543 0
101 650 0
46 230 0
230 64 0
230 373 0
230 485 0
47 114 0
114 421 0
114 440 0
114 634 0
48 395 0
395 74 0
395 513 0
49 498 0
498 209 0
498 454 0
50 208 0
50 377 0
50 530 0
208 92 0
208 366 0
208 504 0
208 516 0
208 593 0
51 469 0
469 777 0
469 226 0
469 297 0
52 334 0
52 412 0
52 420 0
52 421 0
52 546 0
52 658 0
334 203 0
334 392 0
412 518 0
412 150 0
421 177 0
53 60 0
60 222 0
60 516 0
60 585 0
60 594 0
60 636 0
60 677 0
54 650 0
650 346 0
55 241 0
55 502 0
55 527 0
56 284 0
56 328 0
56 612 0
56 688 0
284 508 0
284 644 0
284 533 0
57 448 0
448 199 0
448 779 0
448 519 0
58 319 0
58 683 0
58 740 0
58 749 0
319 212 0
319 245 0
319 287 0
683 519 0
222 325 0
516 332 0
594 85 0
594 644 0
61 624 0
624 458 0
62 359 0
359 312 0
359 321 0
359 666 0
63 449 0
449 88 0
449 166 0
449 591 0
64 402 0
64 450 0
402 215 0
65 434 0
65 470 0
65 726 0
434 165 0
434 387 0
470 121 0
470 254 0
470 416 0
66 645 0
66 692 0
645 708 0
67 298 0
67 384 0
67 456 0
67 521 0
384 457 0
384 575 0
384 463 0
68 493 0
68 675 0
68 689 0
68 768 0
493 196 0
493 406 0
675 691 0
675 507 0
69 580 0
580 264 0
70 500 0
500 107 0
500 282 0
500 294 0
71 726 0
726 224 0
726 341 0
72 406 0
406 100 0
406 331 0
73 270 0
270 191 0
270 304 0
270 775 0
75 140 0
75 430 0
75 436 0
75 531 0
76 196 0
196 492 0
196 532 0
77 207 0
207 305 0
207 337 0
207 560 0
78 644 0
644 791 0
644 255 0
79 410 0
410 98 0
410 306 0
410 356 0
80 452 0
452 337 0
452 667 0
452 747 0
332 379 0
332 425 0
567 348 0
567 559 0
567 574 0
567 107 0
567 112 0
567 199 0
83 654 0
654 147 0
84 246 0
84 286 0
84 329 0
84 527 0
246 529 0
246 750 0
286 388 0
286 611 0
85 195 0
85 309 0
85 375 0
85 576 0
85 679 0
309 186 0
309 320 0
309 731 0
309 529 0
375 415 0
86 198 0
86 507 0
86 715 0
86 730 0
198 125 0
198 204 0
87 232 0
232 349 0
232 743 0
232 768 0
88 603 0
88 610 0
603 531 0
89 392 0
392 125 0
392 160 0
392 258 0
90 377 0
377 148 0
377 704 0
94 698 0
698 327 0
95 543 0
543 201 0
543 690 0
98 794 0
99 162 0
162 191 0
162 403 0
162 625 0
529 364 0
102 380 0
380 467 0
380 593 0
380 778 0
104 106 0
104 219 0
104 255 0
255 530 0
105 599 0
599 419 0
108 368 0
368 161 0
368 131 0
368 709 0
109 249 0
109 429 0
109 589 0
109 678 0
429 616 0
429 730 0
110 757 0
757 231 0
111 170 0
170 229 0
170 608 0
112 442 0
112 481 0
112 731 0
442 710 0
442 729 0
116 495 0
116 582 0
116 730 0
495 158 0
495 243 0
495 363 0
495 486 0
495 199 0
495 600 0
582 474 0
117 465 0
117 730 0
465 122 0
465 259 0
465 632 0
118 463 0
463 326 0
463 355 0
120 276 0
276 552 0
276 573 0
276 615 0
276 799 0
122 312 0
122 676 0
122 713 0
312 415 0
123 259 0
259 558 0
259 685 0
124 271 0
124 467 0
124 555 0
124 630 0
467 304 0
467 512 0
125 647 0
127 451 0
451 204 0
451 233 0
451 571 0
451 593 0
128 510 0
128 638 0
128 702 0
128 715 0
510 496 0
638 247 0
638 344 0
638 659 0
129 541 0
541 143 0
541 307 0
541 553 0
130 610 0
130 718 0
610 294 0
610 347 0
610 672 0
610 780 0
131 151 0
131 234 0
151 471 0
151 486 0
151 765 0
234 290 0
234 413 0
234 771 0
132 523 0
523 168 0
523 615 0
445 691 0
134 388 0
388 606 0
388 774 0
136 681 0
681 354 0
137 660 0
660 244 0
660 417 0
660 329 0
138 613 0
613 204 0
613 357 0
613 789 0
142 165 0
142 508 0
165 548 0
165 646 0
146 619 0
619 278 0
149 755 0
755 345 0
152 240 0
240 633 0
240 642 0
240 689 0
153 641 0
641 252 0
641 717 0
641 776 0
155 292 0
155 310 0
155 339 0
155 539 0
159 671 0
671 461 0
191 342 0
163 314 0
314 277 0
314 407 0
314 229 0
548 263 0
548 243 0
167 536 0
536 329 0
169 584 0
584 511 0
584 628 0
171 177 0
177 383 0
177 477 0
172 293 0
172 446 0
172 643 0
172 714 0
173 611 0
611 210 0
611 355 0
611 365 0
611 602 0
174 740 0
740 479 0
740 781 0
178 646 0
646 515 0
646 609 0
525 265 0
525 288 0
525 370 0
180 764 0
764 509 0
272 213 0
272 615 0
184 460 0
460 491 0
460 689 0
460 796 0
185 202 0
202 362 0
202 437 0
186 749 0
186 785 0
187 268 0
187 549 0
187 768 0
187 786 0
188 517 0
517 376 0
517 684 0
189 597 0
597 494 0
597 665 0
597 409 0
597 722 0
190 692 0
692 480 0
193 662 0
662 200 0
662 342 0
197 235 0
235 274 0
235 338 0
235 433 0
235 553 0
235 763 0
203 566 0
203 618 0
205 577 0
577 220 0
206 632 0
632 385 0
632 629 0
213 476 0
213 499 0
214 601 0
601 251 0
215 423 0
215 596 0
215 785 0
216 253 0
216 364 0
216 614 0
216 631 0
217 279 0
217 325 0
217 418 0
217 450 0
279 280 0
279 308 0
279 400 0
325 426 0
325 595 0
418 394 0
418 711 0
218 248 0
248 260 0
248 329 0
248 424 0
221 489 0
489 227 0
489 361 0
489 564 0
223 731 0
731 228 0
731 318 0
731 266 0
226 450 0
226 484 0
450 795 0
338 409 0
338 636 0
433 320 0
266 616 0
297 459 0
615 285 0
238 285 0
285 640 0
285 664 0
239 534 0
534 243 0
534 447 0
242 322 0
322 565 0
322 703 0
322 787 0
262 621 0
621 503 0
621 735 0
267 512 0
512 497 0
269 697 0
697 381 0
275 459 0
459 369 0
459 387 0
459 441 0
552 458 0
508 706 0
508 773 0
508 798 0
289 296 0
289 482 0
289 519 0
289 588 0
291 340 0
291 550 0
291 569 0
291 792 0
291 793 0
340 562 0
299 758 0
758 643 0
758 790 0
302 487 0
302 557 0
302 724 0
302 732 0
557 715 0
557 720 0
303 734 0
734 527 0
320 351 0
320 488 0
320 568 0
311 484 0
484 604 0
484 741 0
313 718 0
718 708 0
718 756 0
590 457 0
703 530 0
323 387 0
323 563 0
323 651 0
323 767 0
324 712 0
712 360 0
712 411 0
333 663 0
663 501 0
336 702 0
702 422 0
702 648 0
352 728 0
728 665 0
355 665 0
371 794 0
794 581 0
794 800 0
372 562 0
562 682 0
562 766 0
562 772 0
458 408 0
457 553 0
391 623 0
623 443 0
398 551 0
399 408 0
408 472 0
408 578 0
404 749 0
749 455 0
518 598 0
415 432 0
415 617 0
415 783 0
616 586 0
439 598 0
439 784 0
598 766 0
553 769 0
466 696 0
696 723 0
478 537 0
537 538 0
490 647 0
647 535 0
647 561 0
647 744 0
526 575 0
575 705 0
530 676 0
530 785 0
676 716 0
769 668 0
715 643 0
628 750 0
620 784 0
784 674 0
727 760 0
760 738 0
