385 399 0
1 143 0
143 8 0
143 43 0
143 73 0
143 117 0
2 305 0
2 357 0
2 390 0
2 398 0
305 68 0
305 394 0
357 336 0
3 152 0
152 355 0
152 38 0
152 373 0
4 121 0
4 221 0
4 342 0
4 350 0
121 53 0
121 88 0
121 140 0
221 141 0
5 49 0
5 116 0
5 136 0
5 171 0
5 287 0
49 249 0
49 255 0
116 168 0
116 210 0
136 102 0
136 275 0
136 359 0
136 394 0
6 19 0
6 169 0
6 247 0
6 316 0
7 113 0
7 209 0
7 257 0
113 138 0
113 43 0
209 130 0
9 18 0
9 108 0
9 198 0
9 250 0
108 255 0
10 62 0
10 81 0
10 212 0
62 39 0
62 166 0
62 315 0
62 346 0
81 12 0
81 276 0
81 171 0
11 262 0
262 371 0
262 12 0
12 225 0
225 119 0
225 302 0
225 70 0
225 186 0
13 111 0
111 23 0
111 77 0
111 276 0
111 101 0
14 202 0
14 310 0
14 366 0
14 373 0
15 68 0
68 67 0
68 125 0
68 244 0
16 269 0
269 237 0
269 307 0
17 349 0
349 297 0
349 362 0
349 390 0
349 66 0
349 195 0
20 102 0
102 259 0
102 363 0
21 78 0
78 197 0
78 291 0
78 325 0
22 23 0
23 63 0
23 150 0
23 238 0
63 106 0
63 328 0
24 188 0
188 231 0
188 245 0
25 260 0
260 204 0
26 196 0
26 275 0
26 309 0
26 316 0
26 395 0
196 82 0
196 308 0
196 189 0
309 312 0
309 201 0
27 139 0
139 151 0
28 128 0
28 235 0
128 118 0
128 314 0
128 367 0
29 201 0
201 158 0
201 304 0
201 375 0
30 37 0
30 356 0
37 132 0
31 87 0
87 80 0
87 92 0
87 204 0
32 47 0
32 98 0
32 110 0
32 268 0
33 249 0
249 59 0
249 331 0
34 350 0
350 55 0
350 41 0
35 285 0
285 395 0
285 157 0
285 254 0
36 360 0
360 163 0
360 276 0
132 74 0
132 243 0
132 271 0
132 351 0
38 103 0
103 109 0
39 135 0
39 228 0
135 294 0
228 230 0
228 300 0
40 255 0
255 69 0
255 292 0
255 335 0
41 242 0
242 187 0
242 222 0
242 234 0
42 123 0
123 176 0
123 234 0
123 239 0
44 100 0
44 183 0
44 194 0
44 400 0
183 83 0
45 397 0
397 58 0
46 58 0
46 233 0
48 50 0
50 137 0
50 372 0
50 303 0
51 146 0
51 161 0
51 203 0
52 226 0
52 293 0
226 240 0
54 82 0
82 67 0
82 293 0
55 150 0
150 138 0
56 159 0
56 186 0
56 241 0
56 252 0
56 293 0
159 352 0
159 163 0
241 351 0
57 157 0
60 149 0
149 286 0
61 236 0
236 83 0
236 145 0
106 93 0
106 120 0
106 243 0
106 235 0
64 142 0
142 359 0
65 162 0
162 99 0
162 204 0
162 207 0
66 79 0
66 308 0
79 90 0
79 154 0
79 378 0
308 234 0
67 184 0
67 338 0
70 164 0
70 194 0
70 199 0
70 229 0
194 220 0
71 306 0
306 177 0
306 182 0
72 328 0
328 320 0
73 85 0
73 151 0
75 271 0
271 184 0
76 104 0
104 273 0
104 341 0
197 109 0
197 134 0
197 214 0
90 336 0
84 210 0
210 130 0
210 208 0
210 365 0
86 330 0
330 295 0
89 243 0
243 156 0
243 219 0
91 118 0
91 170 0
91 216 0
91 290 0
91 392 0
118 318 0
216 311 0
94 134 0
94 168 0
134 181 0
134 258 0
134 263 0
95 173 0
95 234 0
95 374 0
95 380 0
234 303 0
96 211 0
211 131 0
211 185 0
97 212 0
212 369 0
212 206 0
101 127 0
105 359 0
359 343 0
120 321 0
107 256 0
256 192 0
109 265 0
109 313 0
110 205 0
110 379 0
110 387 0
205 200 0
205 233 0
379 351 0
112 347 0
347 167 0
114 214 0
214 178 0
214 180 0
115 292 0
292 353 0
168 175 0
168 381 0
122 144 0
144 190 0
144 195 0
144 277 0
176 154 0
124 151 0
151 232 0
151 316 0
126 377 0
377 248 0
377 348 0
129 220 0
220 246 0
130 394 0
133 272 0
272 250 0
181 342 0
181 189 0
258 389 0
138 389 0
140 233 0
233 326 0
233 356 0
195 172 0
195 338 0
147 155 0
155 213 0
155 284 0
148 338 0
148 387 0
338 153 0
338 193 0
338 333 0
338 370 0
286 351 0
154 317 0
317 288 0
317 293 0
213 329 0
213 336 0
158 387 0
158 344 0
160 394 0
394 215 0
165 253 0
253 223 0
171 189 0
171 336 0
336 204 0
336 384 0
174 318 0
318 266 0
318 344 0
179 184 0
179 340 0
184 206 0
184 279 0
184 361 0
191 250 0
250 340 0
250 368 0
200 224 0
200 254 0
329 289 0
217 296 0
296 324 0
227 312 0
230 319 0
300 327 0
244 332 0
368 264 0
251 264 0
261 270 0
270 293 0
267 387 0
387 322 0
307 351 0
274 282 0
282 281 0
282 301 0
278 399 0
399 364 0
399 393 0
283 390 0
351 372 0
299 322 0
325 362 0
339 385 0
388 393 0
