400 399 0
1 400 0
400 61 0
400 249 0
2 14 0
14 262 0
14 292 0
14 336 0
3 70 0
70 219 0
70 277 0
70 375 0
4 78 0
4 86 0
4 220 0
4 362 0
4 372 0
78 17 0
86 75 0
86 310 0
86 271 0
220 55 0
220 207 0
220 213 0
5 287 0
287 47 0
287 263 0
287 188 0
6 345 0
345 177 0
345 352 0
7 163 0
163 27 0
163 186 0
163 291 0
8 119 0
119 169 0
119 193 0
119 373 0
9 19 0
19 171 0
19 355 0
19 374 0
10 96 0
96 131 0
96 148 0
96 331 0
11 110 0
11 132 0
11 167 0
110 326 0
110 338 0
110 368 0
132 104 0
132 360 0
132 270 0
12 217 0
217 56 0
217 269 0
217 281 0
13 161 0
161 108 0
161 203 0
161 385 0
262 54 0
262 212 0
262 133 0
15 32 0
32 151 0
32 191 0
32 398 0
16 69 0
16 84 0
16 241 0
16 364 0
69 264 0
17 80 0
17 155 0
17 269 0
18 214 0
214 29 0
214 366 0
214 21 0
20 63 0
63 94 0
63 137 0
63 357 0
21 136 0
21 140 0
21 183 0
136 278 0
136 331 0
140 209 0
140 308 0
140 332 0
22 72 0
22 103 0
22 158 0
22 364 0
72 133 0
72 143 0
72 185 0
103 25 0
103 316 0
23 297 0
297 87 0
297 381 0
297 186 0
24 371 0
371 38 0
371 195 0
371 203 0
25 112 0
25 160 0
25 399 0
26 190 0
190 222 0
190 248 0
28 173 0
28 188 0
28 325 0
28 386 0
173 185 0
173 268 0
173 313 0
173 304 0
188 118 0
188 76 0
30 51 0
30 333 0
51 93 0
51 180 0
51 271 0
31 64 0
31 106 0
31 247 0
31 319 0
151 79 0
151 91 0
151 135 0
33 174 0
174 146 0
174 367 0
34 144 0
34 181 0
34 208 0
34 377 0
35 315 0
315 42 0
315 317 0
315 361 0
315 335 0
36 322 0
322 142 0
322 320 0
37 194 0
194 114 0
39 395 0
395 229 0
395 324 0
40 285 0
285 152 0
285 223 0
41 311 0
311 82 0
311 196 0
42 362 0
43 204 0
43 230 0
43 377 0
43 236 0
44 123 0
123 344 0
123 350 0
123 375 0
45 100 0
45 202 0
100 57 0
100 62 0
100 114 0
46 73 0
46 159 0
46 218 0
46 255 0
73 250 0
73 304 0
73 335 0
48 231 0
231 101 0
231 254 0
231 149 0
49 349 0
349 202 0
349 312 0
349 269 0
50 118 0
118 205 0
118 363 0
52 99 0
52 150 0
52 158 0
52 264 0
53 165 0
165 65 0
165 166 0
54 153 0
54 323 0
54 365 0
58 200 0
58 252 0
58 309 0
58 386 0
59 305 0
305 186 0
305 201 0
305 391 0
60 321 0
321 105 0
321 154 0
321 158 0
94 162 0
94 216 0
66 141 0
141 247 0
141 334 0
141 378 0
67 79 0
79 192 0
79 253 0
68 239 0
239 290 0
239 101 0
239 293 0
71 76 0
76 126 0
76 128 0
76 211 0
133 101 0
133 203 0
133 234 0
250 77 0
250 89 0
250 235 0
74 318 0
318 272 0
318 328 0
81 125 0
81 176 0
81 246 0
81 288 0
176 113 0
176 304 0
176 179 0
83 335 0
335 157 0
335 279 0
85 260 0
260 107 0
260 158 0
260 342 0
87 391 0
88 117 0
117 130 0
117 267 0
117 369 0
90 135 0
90 228 0
135 116 0
135 295 0
91 286 0
91 289 0
286 362 0
286 111 0
286 185 0
289 274 0
92 393 0
393 199 0
393 203 0
393 265 0
162 256 0
162 330 0
162 346 0
95 259 0
259 232 0
259 301 0
97 156 0
97 197 0
97 215 0
98 303 0
303 233 0
303 251 0
303 275 0
303 388 0
102 139 0
102 198 0
102 221 0
109 179 0
179 127 0
179 225 0
326 167 0
111 224 0
224 244 0
224 206 0
224 266 0
113 348 0
114 143 0
114 348 0
143 247 0
143 374 0
115 382 0
382 168 0
382 280 0
130 268 0
130 304 0
130 379 0
120 212 0
212 182 0
212 384 0
121 242 0
121 270 0
242 167 0
242 258 0
242 376 0
122 397 0
397 227 0
397 339 0
124 306 0
306 189 0
306 261 0
306 388 0
306 363 0
129 170 0
170 206 0
170 298 0
170 392 0
268 184 0
268 356 0
268 257 0
134 240 0
240 147 0
278 167 0
137 236 0
137 283 0
138 284 0
284 247 0
284 296 0
284 314 0
209 247 0
142 354 0
145 343 0
343 178 0
343 237 0
147 206 0
147 307 0
147 380 0
206 362 0
149 257 0
164 337 0
337 282 0
167 390 0
390 351 0
390 358 0
390 394 0
172 175 0
172 299 0
172 341 0
172 388 0
183 228 0
183 243 0
183 353 0
186 313 0
313 373 0
313 388 0
187 316 0
316 294 0
316 302 0
210 396 0
396 226 0
396 276 0
211 348 0
348 354 0
216 300 0
216 329 0
216 383 0
238 275 0
275 273 0
275 325 0
275 389 0
245 274 0
274 347 0
274 361 0
269 362 0
279 368 0
283 342 0
283 372 0
327 379 0
379 340 0
379 370 0
359 372 0
372 387 0
