132 139 0
1 28 0
28 56 0
28 70 0
28 41 0
28 136 0
2 130 0
130 36 0
3 22 0
22 60 0
22 65 0
22 89 0
22 112 0
4 27 0
4 87 0
27 59 0
5 15 0
5 55 0
5 58 0
5 60 0
5 120 0
15 59 0
15 86 0
15 95 0
15 133 0
58 26 0
6 41 0
41 7 0
41 16 0
41 48 0
7 115 0
7 136 0
7 117 0
115 72 0
115 110 0
8 57 0
57 59 0
57 91 0
57 71 0
57 97 0
9 45 0
9 73 0
9 74 0
9 90 0
45 39 0
45 103 0
45 116 0
73 34 0
74 68 0
10 71 0
10 85 0
10 107 0
10 128 0
10 135 0
71 48 0
11 26 0
11 83 0
11 88 0
11 122 0
83 23 0
83 120 0
12 32 0
12 119 0
12 131 0
12 137 0
119 42 0
13 25 0
25 60 0
25 108 0
25 127 0
14 40 0
14 42 0
14 64 0
14 75 0
14 104 0
40 47 0
40 114 0
40 140 0
42 38 0
42 50 0
42 111 0
64 82 0
59 135 0
16 44 0
16 52 0
16 75 0
16 88 0
16 96 0
52 36 0
75 20 0
75 29 0
75 77 0
17 35 0
17 61 0
18 98 0
98 49 0
19 63 0
19 99 0
63 76 0
63 102 0
63 110 0
21 31 0
31 51 0
60 138 0
23 80 0
80 112 0
24 126 0
126 88 0
30 54 0
54 43 0
54 62 0
33 69 0
69 36 0
36 38 0
36 48 0
36 129 0
36 135 0
38 48 0
48 37 0
129 67 0
47 88 0
46 66 0
66 102 0
66 104 0
53 77 0
61 78 0
61 95 0
95 138 0
102 100 0
102 111 0
87 113 0
88 111 0
111 134 0
92 134 0
93 94 0
100 105 0
101 121 0
121 106 0
109 118 0
112 117 0
