332 349 0
1 64 0
1 134 0
1 146 0
1 197 0
1 201 0
64 59 0
64 158 0
146 21 0
2 77 0
77 279 0
77 56 0
77 299 0
3 67 0
67 170 0
67 205 0
67 216 0
67 321 0
4 27 0
27 25 0
27 90 0
27 178 0
27 282 0
27 243 0
5 17 0
5 112 0
5 170 0
17 91 0
6 10 0
6 25 0
6 187 0
6 293 0
6 302 0
10 54 0
10 141 0
10 154 0
10 276 0
25 144 0
25 276 0
7 112 0
7 197 0
112 9 0
112 108 0
197 174 0
197 213 0
197 251 0
197 85 0
8 68 0
68 26 0
68 239 0
68 241 0
68 14 0
54 57 0
141 194 0
11 314 0
11 343 0
314 55 0
12 34 0
12 84 0
34 165 0
13 272 0
272 327 0
272 105 0
272 328 0
14 46 0
46 110 0
46 116 0
46 270 0
46 313 0
46 322 0
15 102 0
15 119 0
15 123 0
15 254 0
15 275 0
119 97 0
16 49 0
16 209 0
16 338 0
16 313 0
49 99 0
49 129 0
18 92 0
92 88 0
92 108 0
92 295 0
19 69 0
69 105 0
69 115 0
69 289 0
20 244 0
244 70 0
244 121 0
21 142 0
21 296 0
142 110 0
22 318 0
318 113 0
23 154 0
154 137 0
154 233 0
154 340 0
24 127 0
127 55 0
127 218 0
144 268 0
144 31 0
144 81 0
178 105 0
178 132 0
28 139 0
139 48 0
139 138 0
29 53 0
29 231 0
30 193 0
193 40 0
31 74 0
32 104 0
32 184 0
32 199 0
32 264 0
33 97 0
33 185 0
33 189 0
33 255 0
33 309 0
33 316 0
97 35 0
97 176 0
97 202 0
185 126 0
189 87 0
189 173 0
35 94 0
35 225 0
35 239 0
94 336 0
36 169 0
169 164 0
37 91 0
37 130 0
91 124 0
91 236 0
91 317 0
38 329 0
329 242 0
39 116 0
116 223 0
116 284 0
40 117 0
40 217 0
40 233 0
117 59 0
117 65 0
117 149 0
217 221 0
217 199 0
41 267 0
267 160 0
267 162 0
42 287 0
287 45 0
287 163 0
43 159 0
159 151 0
159 166 0
44 84 0
84 80 0
84 257 0
110 198 0
110 224 0
270 173 0
47 347 0
347 310 0
347 339 0
99 151 0
99 343 0
99 170 0
50 56 0
50 107 0
50 109 0
50 192 0
50 307 0
56 105 0
109 57 0
109 130 0
51 297 0
51 303 0
52 73 0
73 252 0
73 259 0
73 348 0
55 206 0
55 333 0
206 143 0
206 85 0
206 208 0
57 182 0
57 237 0
58 129 0
129 79 0
129 183 0
59 86 0
59 195 0
59 277 0
59 242 0
195 170 0
60 120 0
120 100 0
120 131 0
61 81 0
61 173 0
61 311 0
62 130 0
130 89 0
130 219 0
63 263 0
263 225 0
65 171 0
66 140 0
170 238 0
170 251 0
170 325 0
170 72 0
105 158 0
70 234 0
70 258 0
70 281 0
70 339 0
70 289 0
71 250 0
250 78 0
250 101 0
250 155 0
72 96 0
72 274 0
96 80 0
96 202 0
96 278 0
75 241 0
75 259 0
75 275 0
75 286 0
241 221 0
241 334 0
76 262 0
262 301 0
262 344 0
279 214 0
279 248 0
78 114 0
78 290 0
114 166 0
114 179 0
80 158 0
80 215 0
80 283 0
158 286 0
215 161 0
82 346 0
346 212 0
83 85 0
83 98 0
83 226 0
83 342 0
83 320 0
85 145 0
85 180 0
180 306 0
180 339 0
87 128 0
87 181 0
87 222 0
88 249 0
124 337 0
236 276 0
236 294 0
93 111 0
93 113 0
93 147 0
93 251 0
93 256 0
93 306 0
251 200 0
95 126 0
126 207 0
103 229 0
103 290 0
106 311 0
311 118 0
311 153 0
108 211 0
211 261 0
223 150 0
122 304 0
304 326 0
125 290 0
290 156 0
290 344 0
132 323 0
133 153 0
133 349 0
135 296 0
296 136 0
296 308 0
143 235 0
148 172 0
172 157 0
172 232 0
150 275 0
275 295 0
152 288 0
288 332 0
233 175 0
155 243 0
160 188 0
160 199 0
160 330 0
199 165 0
163 173 0
165 167 0
165 220 0
168 343 0
343 246 0
325 210 0
179 265 0
179 315 0
265 260 0
315 235 0
315 245 0
306 298 0
186 273 0
273 253 0
190 321 0
321 204 0
191 298 0
191 303 0
298 324 0
196 349 0
214 280 0
221 285 0
225 248 0
228 337 0
337 320 0
337 327 0
230 307 0
276 286 0
294 271 0
308 322 0
