335 349 0
1 12 0
1 52 0
12 19 0
12 179 0
12 192 0
12 259 0
12 298 0
2 298 0
298 99 0
298 339 0
298 90 0
3 28 0
3 127 0
3 133 0
3 267 0
3 164 0
4 51 0
51 168 0
51 321 0
51 243 0
5 105 0
5 108 0
5 158 0
5 271 0
105 44 0
105 102 0
105 227 0
105 98 0
108 118 0
108 273 0
108 283 0
6 31 0
6 331 0
6 338 0
7 302 0
302 36 0
8 38 0
8 57 0
8 128 0
8 189 0
57 32 0
57 266 0
9 73 0
9 273 0
9 279 0
9 323 0
273 90 0
273 174 0
10 53 0
53 88 0
53 265 0
53 283 0
11 118 0
11 253 0
11 314 0
11 257 0
118 140 0
19 50 0
13 266 0
266 129 0
266 259 0
14 16 0
14 35 0
14 143 0
14 93 0
15 87 0
15 218 0
17 203 0
17 276 0
203 70 0
203 141 0
203 154 0
203 307 0
18 124 0
124 227 0
124 344 0
124 244 0
20 310 0
310 332 0
21 90 0
21 158 0
21 304 0
90 69 0
90 143 0
90 320 0
22 276 0
276 172 0
276 233 0
276 62 0
23 277 0
277 43 0
277 202 0
277 131 0
277 296 0
24 37 0
37 44 0
37 67 0
37 98 0
37 337 0
37 194 0
25 217 0
217 107 0
26 268 0
268 221 0
268 251 0
27 287 0
287 80 0
287 84 0
287 88 0
287 170 0
29 159 0
29 275 0
29 283 0
29 305 0
159 111 0
283 250 0
283 122 0
283 126 0
30 114 0
30 218 0
114 32 0
114 46 0
32 186 0
32 285 0
33 247 0
33 326 0
34 48 0
48 227 0
48 237 0
48 252 0
44 91 0
44 115 0
44 331 0
67 130 0
39 59 0
39 214 0
39 315 0
39 340 0
40 205 0
205 45 0
205 55 0
205 86 0
41 229 0
229 125 0
229 154 0
42 63 0
42 65 0
42 100 0
42 304 0
63 97 0
63 293 0
65 49 0
65 83 0
65 315 0
65 188 0
91 77 0
91 144 0
91 236 0
46 177 0
46 301 0
177 147 0
177 151 0
177 232 0
47 146 0
47 289 0
227 186 0
227 68 0
50 213 0
213 148 0
213 206 0
168 181 0
52 78 0
78 107 0
78 182 0
78 230 0
265 111 0
54 215 0
215 55 0
215 92 0
215 219 0
55 138 0
138 142 0
138 216 0
138 281 0
56 181 0
56 211 0
181 62 0
181 239 0
58 199 0
58 208 0
58 209 0
58 332 0
60 115 0
60 311 0
115 148 0
115 234 0
115 349 0
61 326 0
326 81 0
326 102 0
62 120 0
62 130 0
120 240 0
120 299 0
120 317 0
130 169 0
130 178 0
130 295 0
97 122 0
97 89 0
64 149 0
149 145 0
149 288 0
66 140 0
140 152 0
140 329 0
68 193 0
68 195 0
68 222 0
195 185 0
69 324 0
69 334 0
69 336 0
71 180 0
180 112 0
72 153 0
72 161 0
72 232 0
72 270 0
153 308 0
74 184 0
74 255 0
74 272 0
74 350 0
184 307 0
255 84 0
255 218 0
255 322 0
255 82 0
75 174 0
76 119 0
77 286 0
107 248 0
79 171 0
80 126 0
126 106 0
126 121 0
126 246 0
126 347 0
82 102 0
82 104 0
82 110 0
82 290 0
85 200 0
200 137 0
89 111 0
111 170 0
111 348 0
143 132 0
93 333 0
94 122 0
94 243 0
122 198 0
122 256 0
95 218 0
96 163 0
96 238 0
96 315 0
96 269 0
99 282 0
282 196 0
100 173 0
100 225 0
100 278 0
101 207 0
207 249 0
103 274 0
274 261 0
109 132 0
109 196 0
132 201 0
132 342 0
113 175 0
175 131 0
148 304 0
116 337 0
337 224 0
337 267 0
337 294 0
117 331 0
331 297 0
123 185 0
123 286 0
123 322 0
185 267 0
185 332 0
286 232 0
131 206 0
134 340 0
135 186 0
136 254 0
136 303 0
136 315 0
136 308 0
139 155 0
155 166 0
152 188 0
150 262 0
262 190 0
154 309 0
309 288 0
156 335 0
335 194 0
160 162 0
162 202 0
164 260 0
165 264 0
264 231 0
167 325 0
325 176 0
325 301 0
183 197 0
183 228 0
183 232 0
183 306 0
332 304 0
187 346 0
346 280 0
210 250 0
250 211 0
250 343 0
212 248 0
248 284 0
248 338 0
219 345 0
220 345 0
345 281 0
345 320 0
226 251 0
226 258 0
233 318 0
233 327 0
318 280 0
327 244 0
245 312 0
312 291 0
257 269 0
263 339 0
271 315 0
