155 159 0
1 118 0
118 58 0
118 120 0
118 43 0
118 94 0
2 48 0
2 56 0
2 58 0
2 123 0
2 148 0
48 29 0
48 121 0
58 61 0
3 16 0
3 18 0
3 36 0
3 129 0
16 64 0
16 93 0
16 107 0
4 13 0
13 40 0
13 42 0
13 100 0
13 124 0
13 142 0
5 75 0
5 131 0
6 9 0
6 37 0
6 80 0
6 82 0
6 112 0
9 84 0
9 130 0
9 132 0
37 17 0
80 45 0
7 35 0
7 76 0
7 159 0
7 152 0
35 53 0
35 126 0
76 30 0
76 137 0
8 70 0
8 83 0
10 97 0
10 116 0
97 51 0
11 43 0
43 71 0
43 74 0
43 111 0
12 159 0
159 27 0
159 99 0
159 153 0
159 127 0
40 83 0
40 104 0
14 63 0
14 64 0
14 130 0
63 23 0
15 32 0
32 69 0
32 133 0
32 155 0
64 23 0
64 91 0
64 150 0
64 33 0
93 28 0
93 89 0
93 133 0
17 86 0
17 110 0
17 139 0
17 153 0
86 41 0
19 87 0
87 39 0
20 47 0
47 33 0
47 66 0
21 122 0
122 107 0
22 24 0
22 98 0
22 158 0
22 145 0
24 112 0
24 121 0
23 96 0
23 152 0
23 153 0
112 30 0
25 83 0
83 140 0
26 29 0
26 66 0
26 67 0
26 102 0
29 117 0
28 146 0
30 68 0
30 94 0
68 60 0
31 136 0
136 49 0
136 127 0
34 131 0
53 78 0
38 116 0
116 74 0
41 72 0
41 125 0
44 55 0
44 61 0
44 103 0
44 124 0
44 133 0
44 153 0
61 50 0
124 119 0
133 88 0
133 147 0
46 52 0
50 79 0
79 140 0
79 141 0
54 88 0
88 154 0
57 73 0
73 82 0
59 113 0
113 78 0
62 148 0
77 125 0
125 106 0
140 134 0
81 95 0
81 147 0
82 92 0
85 90 0
101 121 0
121 144 0
105 108 0
108 128 0
107 143 0
109 119 0
114 151 0
151 135 0
115 146 0
146 157 0
120 153 0
144 145 0
