424 449 0
1 90 0
1 91 0
90 175 0
90 386 0
90 234 0
2 152 0
2 279 0
2 298 0
2 392 0
2 395 0
152 7 0
152 45 0
279 254 0
279 28 0
279 78 0
3 339 0
339 107 0
339 404 0
4 212 0
4 375 0
212 49 0
5 113 0
113 50 0
113 61 0
113 336 0
113 257 0
6 206 0
206 208 0
206 242 0
7 409 0
8 181 0
181 171 0
181 205 0
9 275 0
275 220 0
10 77 0
77 88 0
77 155 0
77 338 0
77 55 0
77 379 0
11 168 0
11 198 0
11 245 0
11 257 0
11 248 0
198 199 0
198 203 0
12 256 0
256 33 0
13 58 0
13 208 0
13 218 0
13 367 0
13 267 0
208 63 0
218 14 0
218 147 0
14 141 0
14 221 0
14 300 0
141 81 0
221 149 0
15 20 0
15 55 0
15 259 0
15 270 0
55 122 0
16 213 0
16 317 0
16 350 0
16 328 0
317 138 0
17 285 0
17 316 0
17 337 0
17 351 0
17 373 0
316 63 0
316 312 0
18 399 0
399 109 0
399 123 0
399 41 0
19 243 0
19 328 0
243 123 0
21 166 0
21 314 0
21 404 0
166 79 0
166 164 0
166 237 0
22 209 0
22 254 0
22 310 0
22 325 0
22 388 0
254 172 0
254 236 0
23 59 0
23 200 0
23 240 0
23 311 0
23 443 0
240 63 0
240 257 0
24 31 0
24 42 0
24 119 0
24 306 0
24 404 0
42 120 0
42 291 0
42 345 0
42 303 0
119 231 0
119 349 0
119 336 0
25 224 0
224 295 0
224 330 0
26 301 0
301 128 0
301 35 0
301 336 0
27 101 0
27 340 0
27 355 0
101 94 0
101 253 0
101 368 0
340 193 0
340 349 0
28 66 0
28 186 0
66 232 0
66 302 0
66 411 0
66 357 0
186 72 0
29 134 0
29 219 0
29 244 0
29 371 0
29 270 0
244 91 0
244 238 0
244 102 0
30 53 0
53 49 0
53 80 0
53 187 0
53 331 0
32 69 0
32 82 0
32 204 0
32 379 0
32 393 0
69 125 0
69 315 0
69 319 0
69 415 0
204 216 0
34 145 0
145 151 0
145 193 0
35 227 0
227 222 0
36 380 0
36 424 0
380 105 0
37 121 0
37 252 0
37 352 0
37 404 0
121 215 0
121 280 0
121 362 0
252 78 0
252 86 0
352 190 0
352 308 0
352 165 0
38 283 0
283 117 0
283 257 0
283 336 0
283 167 0
39 216 0
216 115 0
216 353 0
216 400 0
216 96 0
40 271 0
40 366 0
271 193 0
41 52 0
52 98 0
43 249 0
249 123 0
249 202 0
44 149 0
45 444 0
46 395 0
395 366 0
395 376 0
47 83 0
47 85 0
47 189 0
47 292 0
47 345 0
83 214 0
83 262 0
83 382 0
85 123 0
189 241 0
48 394 0
394 71 0
394 366 0
394 239 0
49 67 0
49 164 0
164 290 0
50 336 0
51 226 0
51 355 0
187 102 0
54 431 0
54 435 0
56 105 0
56 234 0
105 315 0
57 407 0
407 142 0
60 312 0
312 118 0
312 117 0
62 156 0
156 158 0
156 267 0
156 133 0
63 269 0
63 272 0
64 375 0
375 350 0
375 93 0
375 108 0
65 195 0
195 231 0
195 273 0
302 257 0
302 313 0
68 260 0
260 86 0
125 103 0
315 140 0
315 450 0
70 442 0
442 159 0
442 182 0
442 329 0
72 255 0
73 175 0
175 278 0
74 257 0
74 355 0
257 184 0
257 217 0
257 111 0
75 144 0
75 287 0
75 289 0
75 445 0
144 111 0
144 135 0
287 118 0
76 384 0
384 126 0
78 225 0
78 343 0
81 99 0
81 112 0
81 183 0
81 322 0
81 330 0
112 427 0
214 188 0
214 242 0
214 299 0
84 130 0
84 143 0
84 443 0
84 265 0
130 379 0
86 174 0
86 262 0
86 382 0
86 323 0
174 180 0
262 288 0
262 417 0
87 392 0
392 438 0
89 203 0
203 305 0
91 342 0
91 409 0
92 137 0
92 211 0
92 297 0
92 432 0
93 133 0
93 421 0
95 172 0
172 324 0
96 102 0
102 127 0
102 229 0
97 116 0
97 258 0
116 378 0
116 443 0
116 447 0
98 110 0
98 370 0
98 379 0
100 160 0
160 264 0
160 321 0
229 230 0
104 235 0
104 296 0
104 391 0
235 157 0
235 294 0
106 122 0
122 108 0
122 358 0
122 426 0
109 246 0
109 247 0
109 293 0
109 414 0
109 439 0
246 129 0
293 272 0
111 157 0
111 433 0
114 398 0
398 284 0
398 323 0
117 185 0
123 415 0
124 236 0
236 277 0
131 304 0
304 161 0
132 265 0
132 439 0
135 196 0
135 228 0
228 448 0
136 416 0
416 374 0
416 386 0
416 402 0
138 436 0
436 320 0
139 188 0
188 159 0
140 344 0
146 309 0
309 154 0
147 446 0
446 307 0
148 263 0
263 194 0
263 383 0
150 404 0
404 364 0
153 347 0
347 177 0
159 343 0
343 366 0
343 427 0
163 434 0
434 423 0
290 178 0
290 335 0
290 341 0
165 319 0
319 255 0
319 403 0
167 192 0
170 356 0
356 230 0
173 435 0
173 437 0
176 382 0
382 191 0
382 346 0
184 239 0
184 297 0
241 250 0
194 261 0
194 334 0
194 377 0
194 401 0
199 360 0
201 274 0
201 381 0
207 390 0
210 449 0
449 386 0
449 391 0
217 363 0
363 439 0
330 313 0
234 372 0
372 361 0
294 303 0
250 248 0
276 355 0
355 308 0
355 397 0
282 366 0
282 369 0
289 318 0
289 450 0
313 350 0
306 387 0
306 397 0
306 428 0
387 357 0
326 379 0
327 420 0
420 348 0
332 349 0
332 426 0
439 412 0
439 419 0
386 393 0
438 430 0
396 406 0
406 424 0
406 433 0
402 422 0
427 447 0
