157 159 0
1 21 0
1 42 0
1 50 0
1 100 0
1 125 0
21 65 0
21 88 0
21 107 0
42 18 0
42 61 0
42 47 0
42 114 0
100 26 0
100 94 0
2 118 0
118 32 0
3 62 0
62 18 0
62 20 0
62 86 0
4 66 0
66 113 0
5 97 0
6 87 0
87 131 0
7 38 0
7 93 0
7 124 0
7 141 0
7 142 0
38 89 0
38 117 0
38 145 0
38 152 0
93 45 0
93 90 0
93 18 0
124 54 0
124 128 0
8 15 0
8 123 0
8 139 0
8 148 0
15 14 0
123 138 0
9 25 0
9 27 0
9 33 0
9 94 0
9 99 0
9 115 0
9 145 0
9 153 0
27 11 0
33 19 0
94 65 0
99 69 0
99 131 0
99 142 0
99 155 0
10 44 0
44 18 0
44 147 0
11 130 0
12 116 0
116 35 0
116 59 0
13 29 0
13 150 0
14 160 0
160 81 0
160 149 0
160 55 0
160 75 0
16 26 0
26 39 0
17 107 0
107 24 0
19 75 0
19 90 0
19 156 0
90 40 0
65 53 0
88 43 0
88 73 0
88 148 0
22 104 0
104 98 0
23 34 0
34 47 0
34 49 0
34 58 0
24 131 0
39 41 0
39 91 0
39 125 0
28 57 0
28 70 0
30 37 0
31 46 0
46 74 0
36 80 0
36 91 0
80 159 0
41 83 0
41 71 0
41 96 0
40 71 0
71 106 0
43 137 0
43 138 0
43 146 0
43 145 0
74 48 0
74 136 0
74 67 0
51 82 0
82 78 0
52 110 0
110 72 0
55 132 0
132 91 0
56 60 0
56 76 0
60 84 0
63 149 0
149 154 0
64 67 0
64 133 0
68 150 0
150 140 0
69 143 0
70 129 0
70 145 0
145 136 0
136 135 0
77 159 0
159 95 0
159 105 0
79 121 0
85 101 0
85 102 0
85 109 0
102 155 0
109 103 0
86 111 0
91 108 0
91 120 0
92 103 0
103 126 0
131 106 0
142 112 0
142 158 0
155 125 0
114 147 0
122 157 0
157 144 0
125 139 0
127 144 0
