152 159 0
1 6 0
1 45 0
6 30 0
6 67 0
2 15 0
2 31 0
2 33 0
2 45 0
2 75 0
2 92 0
31 11 0
31 59 0
31 68 0
45 71 0
45 78 0
45 100 0
45 132 0
3 17 0
3 20 0
3 111 0
3 114 0
3 126 0
20 84 0
111 54 0
114 49 0
114 124 0
114 158 0
114 19 0
4 56 0
56 41 0
56 78 0
56 101 0
5 8 0
8 59 0
8 144 0
30 97 0
67 75 0
67 113 0
7 49 0
7 156 0
49 10 0
9 102 0
9 148 0
102 78 0
102 89 0
102 133 0
102 143 0
10 34 0
10 86 0
34 25 0
34 52 0
11 144 0
12 35 0
12 99 0
12 148 0
12 149 0
35 121 0
13 46 0
46 103 0
14 156 0
156 151 0
156 61 0
156 64 0
16 140 0
16 144 0
18 141 0
141 109 0
141 145 0
19 48 0
19 71 0
71 36 0
21 63 0
22 112 0
112 74 0
112 104 0
23 57 0
23 119 0
24 25 0
24 44 0
25 40 0
25 75 0
75 80 0
75 83 0
75 90 0
75 115 0
75 121 0
26 108 0
26 153 0
27 51 0
27 87 0
87 43 0
87 119 0
87 138 0
28 37 0
28 76 0
76 68 0
76 86 0
29 69 0
97 95 0
59 153 0
68 148 0
32 39 0
36 74 0
36 78 0
36 84 0
74 65 0
78 126 0
78 139 0
38 83 0
83 43 0
83 91 0
83 135 0
41 50 0
41 93 0
41 155 0
41 159 0
42 100 0
42 113 0
132 70 0
132 131 0
132 148 0
47 96 0
47 101 0
96 106 0
53 133 0
133 131 0
54 126 0
54 146 0
126 98 0
126 125 0
55 61 0
55 105 0
105 64 0
101 66 0
58 143 0
143 120 0
143 134 0
143 150 0
60 158 0
158 116 0
62 73 0
62 107 0
62 130 0
73 129 0
148 77 0
115 134 0
86 79 0
86 110 0
77 88 0
81 94 0
94 129 0
82 95 0
85 147 0
119 117 0
109 136 0
136 127 0
136 160 0
122 125 0
137 153 0
