173 179 0
1 38 0
1 50 0
2 33 0
2 45 0
2 59 0
33 14 0
33 19 0
33 35 0
33 121 0
33 169 0
33 124 0
3 95 0
95 175 0
95 42 0
4 9 0
4 11 0
4 99 0
11 116 0
11 159 0
5 159 0
159 61 0
159 180 0
159 25 0
6 151 0
151 28 0
151 136 0
7 49 0
49 40 0
49 81 0
8 82 0
8 90 0
82 100 0
10 77 0
77 31 0
77 32 0
77 112 0
77 39 0
77 164 0
12 26 0
26 158 0
13 64 0
64 104 0
64 130 0
15 29 0
15 52 0
29 102 0
16 76 0
16 177 0
76 90 0
17 24 0
17 65 0
17 74 0
17 173 0
17 174 0
24 25 0
24 85 0
24 114 0
24 149 0
65 37 0
65 51 0
74 50 0
74 57 0
74 133 0
18 93 0
93 63 0
20 91 0
91 42 0
21 133 0
133 139 0
22 69 0
69 50 0
69 88 0
69 124 0
23 172 0
172 35 0
25 58 0
25 67 0
25 116 0
85 75 0
58 42 0
58 50 0
67 83 0
27 52 0
27 102 0
27 127 0
27 144 0
27 179 0
52 68 0
52 107 0
52 141 0
102 141 0
102 165 0
127 109 0
127 132 0
30 46 0
46 89 0
46 94 0
121 123 0
121 144 0
34 37 0
37 73 0
37 87 0
37 110 0
37 126 0
37 128 0
36 83 0
83 80 0
73 43 0
73 50 0
110 56 0
110 103 0
126 156 0
39 40 0
39 84 0
40 59 0
40 144 0
40 139 0
41 108 0
108 79 0
44 56 0
56 137 0
45 53 0
45 78 0
53 71 0
47 86 0
86 50 0
48 116 0
116 98 0
116 114 0
116 168 0
81 72 0
50 111 0
50 117 0
50 135 0
54 60 0
54 112 0
112 130 0
55 114 0
55 176 0
57 122 0
57 148 0
148 135 0
148 140 0
62 115 0
62 120 0
115 96 0
115 166 0
120 171 0
63 118 0
130 92 0
130 140 0
66 158 0
158 167 0
158 178 0
70 123 0
123 131 0
75 176 0
79 97 0
79 101 0
92 135 0
99 150 0
103 163 0
103 178 0
105 157 0
157 106 0
157 113 0
118 152 0
119 170 0
170 160 0
171 144 0
131 145 0
131 173 0
135 142 0
135 154 0
135 180 0
154 147 0
143 146 0
143 162 0
147 164 0
