194 199 0
1 5 0
5 69 0
5 125 0
5 194 0
2 188 0
188 91 0
3 113 0
113 36 0
113 75 0
4 15 0
15 17 0
15 84 0
15 108 0
6 57 0
6 123 0
57 174 0
57 70 0
7 34 0
7 48 0
7 108 0
7 144 0
34 63 0
8 24 0
8 111 0
8 138 0
8 184 0
9 120 0
120 30 0
120 65 0
120 138 0
10 53 0
10 174 0
53 11 0
53 80 0
53 117 0
53 168 0
11 59 0
11 162 0
59 26 0
59 49 0
59 172 0
59 141 0
12 162 0
12 192 0
162 138 0
162 78 0
13 33 0
13 186 0
33 38 0
14 140 0
140 40 0
140 89 0
17 51 0
16 38 0
16 135 0
16 130 0
38 21 0
38 75 0
38 199 0
18 68 0
68 92 0
68 169 0
68 88 0
19 63 0
19 99 0
19 127 0
19 156 0
19 169 0
63 173 0
127 49 0
20 31 0
20 119 0
20 149 0
31 29 0
31 101 0
31 61 0
119 45 0
119 62 0
119 103 0
22 23 0
23 25 0
23 39 0
23 81 0
25 131 0
25 143 0
25 149 0
131 72 0
26 195 0
27 88 0
88 64 0
28 152 0
152 77 0
32 126 0
35 41 0
35 47 0
35 87 0
35 118 0
35 149 0
41 42 0
41 86 0
41 93 0
47 79 0
47 141 0
47 150 0
87 143 0
118 73 0
37 52 0
52 128 0
52 183 0
52 190 0
75 164 0
43 106 0
106 90 0
44 46 0
46 60 0
46 70 0
50 112 0
50 145 0
50 163 0
50 181 0
145 174 0
51 64 0
51 94 0
64 83 0
64 182 0
64 197 0
128 123 0
54 107 0
107 66 0
107 85 0
107 125 0
107 163 0
107 175 0
55 156 0
156 82 0
156 103 0
156 200 0
56 70 0
70 97 0
58 76 0
76 73 0
76 92 0
61 141 0
62 199 0
67 122 0
67 138 0
67 142 0
67 179 0
71 94 0
94 95 0
94 129 0
94 169 0
73 108 0
73 151 0
73 178 0
108 100 0
151 96 0
151 98 0
151 148 0
74 116 0
74 125 0
74 132 0
125 160 0
78 134 0
78 164 0
134 109 0
100 104 0
104 135 0
102 114 0
102 121 0
114 109 0
121 150 0
103 164 0
164 169 0
135 133 0
135 153 0
135 157 0
105 187 0
187 110 0
163 200 0
115 147 0
147 136 0
123 155 0
123 160 0
124 186 0
186 177 0
130 143 0
143 176 0
137 159 0
139 196 0
196 165 0
174 193 0
174 173 0
146 154 0
146 173 0
158 192 0
161 180 0
180 167 0
184 191 0
