346 349 0
1 146 0
146 70 0
146 157 0
146 225 0
2 105 0
2 142 0
2 161 0
2 230 0
3 264 0
3 341 0
264 6 0
264 132 0
264 339 0
4 9 0
4 213 0
4 285 0
4 315 0
9 21 0
9 184 0
9 230 0
5 89 0
5 109 0
5 230 0
5 270 0
89 48 0
7 57 0
57 79 0
57 143 0
57 291 0
8 48 0
48 34 0
48 187 0
48 200 0
48 297 0
21 67 0
21 155 0
21 221 0
10 18 0
10 41 0
10 292 0
10 347 0
41 67 0
41 186 0
41 233 0
11 69 0
11 110 0
11 191 0
69 28 0
69 134 0
69 207 0
69 229 0
110 43 0
110 162 0
110 116 0
12 104 0
104 45 0
104 350 0
104 228 0
13 280 0
280 111 0
280 294 0
280 327 0
14 233 0
233 128 0
233 173 0
15 83 0
15 176 0
15 281 0
83 203 0
16 94 0
16 115 0
16 116 0
16 274 0
17 98 0
17 194 0
17 220 0
17 346 0
19 188 0
19 256 0
19 309 0
19 301 0
20 32 0
20 43 0
20 225 0
20 309 0
32 49 0
32 84 0
43 174 0
43 155 0
43 175 0
67 80 0
67 198 0
155 126 0
22 112 0
112 65 0
112 297 0
112 305 0
23 29 0
23 163 0
23 198 0
23 206 0
24 144 0
144 51 0
144 258 0
144 329 0
144 276 0
25 56 0
25 96 0
25 273 0
25 299 0
56 119 0
56 195 0
56 322 0
96 71 0
96 147 0
96 208 0
26 273 0
273 212 0
273 332 0
27 138 0
138 61 0
138 121 0
138 178 0
30 167 0
167 73 0
167 170 0
167 80 0
31 244 0
244 190 0
244 339 0
244 349 0
49 35 0
49 52 0
49 202 0
33 228 0
36 223 0
223 118 0
37 101 0
37 317 0
37 324 0
37 350 0
101 80 0
38 266 0
266 55 0
39 85 0
39 136 0
39 141 0
39 267 0
40 340 0
340 74 0
42 152 0
42 204 0
42 339 0
42 348 0
152 338 0
174 145 0
174 61 0
174 329 0
44 235 0
235 80 0
235 242 0
235 255 0
46 75 0
46 143 0
46 199 0
46 342 0
143 86 0
143 92 0
47 158 0
158 308 0
158 314 0
158 309 0
187 100 0
50 133 0
133 114 0
133 227 0
133 175 0
53 279 0
279 237 0
279 320 0
279 145 0
54 260 0
260 78 0
260 148 0
260 341 0
79 255 0
58 60 0
60 162 0
60 261 0
60 290 0
59 269 0
269 210 0
269 145 0
269 323 0
162 102 0
61 159 0
159 62 0
159 262 0
159 330 0
63 168 0
63 247 0
63 329 0
63 337 0
64 177 0
177 225 0
177 232 0
177 93 0
66 116 0
66 160 0
66 231 0
66 289 0
116 278 0
68 93 0
134 87 0
134 220 0
72 250 0
250 123 0
250 284 0
76 278 0
278 153 0
278 253 0
77 186 0
186 226 0
186 252 0
80 222 0
222 150 0
222 257 0
222 283 0
81 82 0
82 198 0
82 215 0
82 254 0
198 282 0
84 91 0
84 127 0
84 154 0
86 246 0
87 217 0
87 334 0
87 344 0
334 299 0
334 246 0
334 248 0
88 192 0
88 211 0
88 276 0
88 310 0
192 241 0
90 184 0
184 124 0
184 149 0
92 108 0
92 181 0
92 209 0
95 311 0
311 193 0
97 248 0
248 120 0
248 300 0
99 201 0
201 148 0
201 172 0
201 185 0
100 171 0
100 220 0
100 239 0
220 259 0
220 240 0
102 179 0
102 288 0
102 296 0
103 129 0
103 286 0
103 309 0
103 333 0
286 151 0
106 246 0
246 117 0
107 281 0
281 182 0
281 227 0
113 219 0
122 240 0
240 131 0
240 345 0
125 335 0
335 263 0
126 259 0
126 271 0
126 299 0
259 294 0
259 350 0
259 304 0
271 148 0
130 285 0
285 156 0
285 164 0
285 287 0
135 203 0
203 165 0
203 294 0
137 312 0
312 141 0
139 145 0
139 166 0
139 336 0
139 176 0
140 306 0
306 189 0
141 299 0
141 313 0
151 238 0
151 276 0
151 298 0
151 303 0
276 275 0
169 197 0
225 236 0
180 245 0
245 287 0
245 295 0
183 293 0
293 214 0
293 230 0
293 265 0
191 224 0
191 234 0
191 241 0
196 309 0
282 319 0
205 236 0
236 218 0
236 272 0
216 313 0
313 249 0
313 268 0
221 230 0
227 275 0
243 270 0
251 302 0
251 326 0
277 325 0
277 338 0
297 343 0
297 344 0
343 304 0
343 318 0
301 333 0
315 328 0
