235 249 0
1 18 0
2 192 0
192 24 0
3 170 0
4 9 0
4 36 0
4 116 0
4 126 0
9 132 0
36 151 0
36 183 0
36 250 0
5 71 0
5 202 0
71 41 0
71 49 0
6 42 0
6 144 0
6 173 0
6 210 0
6 212 0
42 108 0
7 106 0
106 89 0
8 215 0
215 16 0
215 182 0
10 88 0
10 233 0
88 126 0
11 22 0
22 39 0
22 56 0
22 147 0
22 163 0
12 187 0
12 191 0
12 204 0
187 124 0
187 165 0
187 30 0
187 32 0
187 35 0
13 110 0
13 158 0
13 214 0
13 222 0
158 156 0
158 15 0
14 86 0
14 157 0
14 164 0
14 184 0
14 196 0
86 65 0
15 54 0
15 84 0
15 139 0
15 246 0
54 95 0
54 193 0
54 135 0
139 92 0
16 17 0
16 51 0
16 97 0
16 182 0
16 226 0
17 85 0
17 105 0
17 111 0
51 28 0
51 146 0
51 197 0
97 50 0
97 107 0
97 112 0
97 47 0
182 61 0
182 196 0
182 213 0
85 64 0
85 70 0
19 206 0
206 100 0
206 246 0
206 123 0
20 191 0
191 161 0
21 127 0
127 120 0
127 176 0
39 48 0
39 78 0
56 76 0
56 102 0
56 216 0
56 104 0
23 82 0
23 96 0
23 207 0
82 92 0
82 159 0
25 79 0
25 145 0
79 53 0
26 133 0
26 189 0
133 63 0
27 64 0
27 195 0
27 165 0
29 47 0
29 52 0
29 74 0
29 90 0
47 30 0
47 212 0
52 181 0
52 35 0
74 31 0
74 171 0
74 228 0
74 48 0
30 179 0
30 181 0
179 101 0
31 78 0
32 69 0
69 98 0
69 103 0
33 132 0
132 201 0
132 228 0
132 231 0
34 35 0
34 156 0
37 163 0
37 180 0
37 198 0
37 236 0
163 136 0
163 202 0
38 242 0
242 81 0
242 167 0
48 218 0
40 43 0
40 135 0
43 108 0
41 50 0
41 68 0
41 91 0
41 92 0
41 116 0
50 80 0
50 102 0
50 250 0
91 150 0
44 234 0
234 104 0
45 78 0
45 188 0
78 111 0
78 145 0
46 159 0
159 66 0
49 156 0
49 205 0
181 119 0
181 128 0
181 129 0
181 232 0
95 114 0
55 116 0
116 227 0
116 230 0
102 142 0
102 221 0
57 65 0
57 150 0
58 229 0
229 153 0
229 204 0
229 205 0
59 60 0
59 185 0
60 125 0
62 186 0
186 130 0
67 70 0
70 111 0
70 117 0
70 188 0
111 240 0
188 81 0
72 136 0
136 123 0
136 168 0
73 137 0
73 147 0
73 154 0
147 99 0
75 244 0
244 224 0
244 241 0
77 172 0
172 83 0
172 209 0
81 238 0
92 153 0
83 230 0
87 113 0
113 109 0
113 118 0
89 199 0
89 211 0
90 140 0
90 142 0
150 148 0
150 189 0
93 184 0
93 200 0
184 195 0
94 218 0
94 221 0
107 120 0
120 118 0
108 212 0
108 248 0
240 143 0
118 115 0
121 217 0
217 201 0
122 175 0
175 134 0
176 216 0
231 162 0
135 138 0
141 249 0
149 155 0
155 152 0
155 250 0
156 174 0
160 233 0
233 225 0
202 243 0
167 235 0
222 247 0
