79 79 0
1 3 0
1 23 0
1 75 0
3 25 0
3 61 0
3 63 0
3 67 0
2 26 0
26 37 0
26 40 0
25 10 0
4 28 0
28 17 0
5 16 0
5 19 0
5 31 0
5 59 0
5 74 0
59 13 0
59 49 0
6 42 0
42 18 0
7 8 0
7 27 0
27 22 0
27 30 0
9 38 0
9 51 0
9 52 0
38 20 0
51 54 0
52 55 0
10 12 0
12 21 0
11 49 0
49 69 0
21 17 0
21 33 0
13 17 0
13 67 0
17 14 0
17 18 0
17 30 0
17 44 0
67 40 0
14 23 0
15 66 0
66 58 0
18 45 0
18 60 0
30 23 0
30 36 0
30 50 0
20 70 0
33 79 0
33 80 0
22 23 0
22 32 0
24 36 0
24 41 0
24 53 0
24 56 0
24 62 0
53 70 0
37 70 0
29 70 0
50 73 0
50 76 0
34 47 0
34 48 0
35 77 0
77 57 0
39 75 0
75 46 0
43 64 0
64 46 0
64 65 0
76 78 0
68 72 0
