241 249 0
1 8 0
8 5 0
8 56 0
8 250 0
8 59 0
2 53 0
2 111 0
2 157 0
2 223 0
2 228 0
53 158 0
111 109 0
111 19 0
3 116 0
3 126 0
3 148 0
3 172 0
148 20 0
148 226 0
148 77 0
4 87 0
87 210 0
87 231 0
87 245 0
5 150 0
5 163 0
5 217 0
5 165 0
150 192 0
150 238 0
6 54 0
7 32 0
32 10 0
32 13 0
32 158 0
32 169 0
32 246 0
9 36 0
36 80 0
36 118 0
10 41 0
11 67 0
11 108 0
11 138 0
11 166 0
11 141 0
67 237 0
138 105 0
12 81 0
81 83 0
81 250 0
81 179 0
13 34 0
13 159 0
34 22 0
34 165 0
34 195 0
34 249 0
34 201 0
14 241 0
241 133 0
15 99 0
15 199 0
99 113 0
99 149 0
99 152 0
16 171 0
171 144 0
171 237 0
171 45 0
17 26 0
26 114 0
26 173 0
26 220 0
18 211 0
211 182 0
211 131 0
211 80 0
19 24 0
19 88 0
19 95 0
19 214 0
88 250 0
95 124 0
20 103 0
20 119 0
20 218 0
20 222 0
103 168 0
21 160 0
21 196 0
22 115 0
23 94 0
94 35 0
94 80 0
25 98 0
25 237 0
98 100 0
98 232 0
27 134 0
27 209 0
134 60 0
28 226 0
226 115 0
29 186 0
29 199 0
186 202 0
186 233 0
30 122 0
30 166 0
30 189 0
122 66 0
122 70 0
122 110 0
122 141 0
122 155 0
122 80 0
122 229 0
31 205 0
205 145 0
33 52 0
33 120 0
33 176 0
33 202 0
120 207 0
35 199 0
80 39 0
118 104 0
118 127 0
118 207 0
37 107 0
107 161 0
38 155 0
155 140 0
155 209 0
155 43 0
155 49 0
39 43 0
39 75 0
39 84 0
39 129 0
43 58 0
43 147 0
84 238 0
40 212 0
212 124 0
212 206 0
41 106 0
106 93 0
42 177 0
177 46 0
177 63 0
58 238 0
147 55 0
44 105 0
44 181 0
105 73 0
45 159 0
45 162 0
159 129 0
159 173 0
162 71 0
162 151 0
162 213 0
162 227 0
47 96 0
47 220 0
47 166 0
96 61 0
96 74 0
96 117 0
48 178 0
178 51 0
178 182 0
178 187 0
49 76 0
50 60 0
60 135 0
60 236 0
51 188 0
57 187 0
57 213 0
187 164 0
59 169 0
135 209 0
61 142 0
142 74 0
62 77 0
62 181 0
62 208 0
77 128 0
77 129 0
181 66 0
181 101 0
64 82 0
82 121 0
82 221 0
65 188 0
188 102 0
188 203 0
188 91 0
68 244 0
244 234 0
69 232 0
232 175 0
232 185 0
70 208 0
72 97 0
97 137 0
97 184 0
97 203 0
73 146 0
78 191 0
191 153 0
79 130 0
130 112 0
83 86 0
121 127 0
85 91 0
86 190 0
190 207 0
89 131 0
90 143 0
143 154 0
143 173 0
92 146 0
146 197 0
146 149 0
100 230 0
104 109 0
123 198 0
123 201 0
123 204 0
198 235 0
125 216 0
216 139 0
209 225 0
136 208 0
208 215 0
173 200 0
192 174 0
167 179 0
172 239 0
182 196 0
180 199 0
199 183 0
196 219 0
193 194 0
229 235 0
