118 119 0
1 64 0
64 8 0
64 37 0
64 95 0
2 22 0
2 45 0
2 65 0
2 92 0
22 19 0
22 69 0
22 83 0
45 44 0
3 11 0
3 27 0
3 48 0
3 54 0
3 108 0
11 42 0
11 51 0
11 53 0
27 57 0
48 63 0
48 86 0
4 28 0
4 33 0
4 104 0
4 114 0
28 39 0
28 50 0
28 57 0
5 83 0
83 9 0
83 119 0
6 63 0
63 68 0
63 105 0
7 10 0
10 16 0
10 96 0
10 54 0
42 13 0
42 100 0
42 118 0
42 108 0
12 110 0
110 32 0
110 46 0
14 71 0
71 36 0
71 40 0
15 77 0
77 31 0
77 70 0
17 39 0
39 43 0
39 74 0
39 103 0
39 104 0
18 84 0
84 37 0
84 93 0
19 44 0
19 72 0
19 82 0
19 95 0
72 115 0
20 29 0
29 52 0
29 109 0
29 87 0
21 43 0
43 47 0
43 67 0
23 90 0
90 99 0
90 102 0
90 31 0
90 47 0
24 117 0
117 54 0
117 81 0
25 56 0
25 91 0
25 98 0
25 112 0
91 86 0
91 73 0
26 115 0
115 89 0
30 76 0
31 57 0
31 113 0
57 37 0
57 78 0
34 53 0
53 49 0
53 94 0
35 101 0
35 105 0
101 54 0
101 59 0
101 61 0
38 73 0
73 62 0
73 78 0
41 51 0
51 66 0
51 116 0
86 109 0
50 58 0
50 88 0
55 113 0
113 75 0
113 79 0
60 97 0
97 80 0
87 119 0
106 107 0
106 120 0
