248 249 0
1 66 0
1 74 0
1 159 0
1 242 0
66 71 0
2 87 0
87 57 0
87 230 0
87 176 0
3 79 0
3 81 0
79 53 0
4 102 0
4 153 0
4 178 0
4 215 0
102 53 0
153 191 0
153 239 0
153 219 0
5 203 0
203 78 0
203 170 0
203 240 0
6 49 0
49 80 0
49 143 0
49 155 0
7 164 0
164 216 0
164 118 0
164 172 0
8 249 0
249 135 0
249 190 0
9 85 0
9 104 0
9 108 0
9 111 0
9 234 0
10 32 0
10 56 0
10 120 0
10 228 0
56 40 0
56 127 0
11 89 0
89 188 0
89 80 0
89 202 0
12 106 0
106 54 0
106 95 0
106 181 0
106 137 0
13 73 0
73 35 0
73 76 0
73 96 0
14 192 0
192 91 0
192 142 0
192 129 0
15 44 0
15 163 0
15 169 0
15 198 0
44 48 0
44 50 0
16 52 0
52 130 0
52 133 0
52 170 0
17 58 0
17 177 0
58 109 0
58 110 0
58 118 0
18 152 0
19 70 0
70 113 0
70 122 0
70 243 0
20 34 0
34 162 0
34 195 0
34 244 0
21 168 0
168 69 0
168 149 0
22 239 0
239 29 0
239 237 0
23 47 0
23 99 0
23 245 0
23 111 0
24 33 0
24 76 0
24 137 0
24 177 0
33 138 0
76 127 0
25 229 0
229 36 0
229 187 0
229 170 0
26 81 0
26 84 0
81 156 0
81 176 0
27 199 0
27 238 0
199 65 0
199 115 0
199 242 0
28 138 0
28 183 0
28 220 0
28 244 0
30 122 0
30 208 0
122 200 0
122 219 0
31 227 0
227 107 0
37 90 0
37 141 0
37 171 0
37 221 0
141 132 0
141 219 0
141 233 0
38 100 0
38 193 0
38 210 0
38 196 0
39 235 0
235 174 0
40 124 0
40 212 0
40 236 0
41 204 0
204 71 0
204 157 0
204 63 0
42 83 0
83 94 0
43 126 0
43 134 0
126 166 0
126 180 0
126 232 0
126 145 0
48 68 0
48 101 0
48 205 0
48 232 0
45 60 0
60 59 0
60 146 0
60 176 0
46 167 0
167 82 0
167 68 0
167 217 0
68 121 0
101 103 0
101 194 0
80 51 0
80 97 0
50 140 0
50 158 0
50 222 0
51 72 0
51 139 0
51 226 0
53 248 0
248 67 0
248 160 0
248 165 0
55 233 0
233 77 0
233 150 0
61 225 0
225 161 0
62 191 0
191 186 0
191 197 0
63 114 0
63 127 0
63 175 0
114 75 0
114 123 0
114 136 0
127 194 0
64 134 0
134 131 0
134 132 0
134 210 0
121 92 0
121 144 0
121 184 0
84 88 0
84 116 0
84 181 0
84 246 0
181 179 0
181 129 0
86 145 0
93 132 0
132 112 0
132 117 0
97 111 0
97 118 0
97 194 0
111 218 0
118 119 0
98 151 0
151 207 0
151 250 0
151 242 0
103 128 0
103 129 0
103 210 0
128 170 0
128 242 0
129 176 0
105 179 0
179 224 0
179 241 0
218 211 0
119 147 0
119 209 0
119 200 0
219 194 0
125 185 0
185 165 0
148 214 0
214 201 0
154 172 0
165 195 0
173 182 0
173 206 0
175 189 0
175 231 0
175 247 0
196 247 0
202 222 0
