236 249 0
1 111 0
1 112 0
111 16 0
2 13 0
13 23 0
13 93 0
13 112 0
3 32 0
3 51 0
3 58 0
3 65 0
3 162 0
51 67 0
51 92 0
4 110 0
4 138 0
4 149 0
4 239 0
4 210 0
110 169 0
149 22 0
149 69 0
149 118 0
5 29 0
5 89 0
5 103 0
5 118 0
29 16 0
29 46 0
29 120 0
29 156 0
29 190 0
89 155 0
89 163 0
89 115 0
89 166 0
103 7 0
103 233 0
6 200 0
200 140 0
200 172 0
200 231 0
7 92 0
7 204 0
7 208 0
92 91 0
92 155 0
92 232 0
204 19 0
204 181 0
8 71 0
71 93 0
71 109 0
71 128 0
9 105 0
9 124 0
9 156 0
9 186 0
9 247 0
105 189 0
124 77 0
124 182 0
124 188 0
124 197 0
124 217 0
156 15 0
156 25 0
156 193 0
156 250 0
156 23 0
10 67 0
10 208 0
67 150 0
67 230 0
11 52 0
11 56 0
52 231 0
52 25 0
12 54 0
54 153 0
54 189 0
54 158 0
93 158 0
93 233 0
14 119 0
119 46 0
119 81 0
119 94 0
15 169 0
15 209 0
15 226 0
16 144 0
16 145 0
17 30 0
17 118 0
17 174 0
17 177 0
30 25 0
118 173 0
118 231 0
174 157 0
18 64 0
64 46 0
64 179 0
19 48 0
19 102 0
19 249 0
19 240 0
102 76 0
20 129 0
129 152 0
129 164 0
129 212 0
21 47 0
47 57 0
47 107 0
47 195 0
22 83 0
22 196 0
22 198 0
24 243 0
243 63 0
243 73 0
25 191 0
191 99 0
26 96 0
96 137 0
96 181 0
27 85 0
27 219 0
28 80 0
28 130 0
80 114 0
80 146 0
80 39 0
46 154 0
31 41 0
31 183 0
31 199 0
31 225 0
41 55 0
41 44 0
183 125 0
33 135 0
135 50 0
34 81 0
81 123 0
81 147 0
81 146 0
35 77 0
35 133 0
77 87 0
77 211 0
77 189 0
36 236 0
236 68 0
37 101 0
101 45 0
101 78 0
101 108 0
38 100 0
100 56 0
39 75 0
75 145 0
40 90 0
40 203 0
40 95 0
90 122 0
90 134 0
90 182 0
42 79 0
79 122 0
43 154 0
154 84 0
154 173 0
44 159 0
159 99 0
45 108 0
49 115 0
115 248 0
53 201 0
201 98 0
153 56 0
55 185 0
56 88 0
56 233 0
88 59 0
88 148 0
88 248 0
233 146 0
60 235 0
235 68 0
235 132 0
61 72 0
61 176 0
61 184 0
61 213 0
61 231 0
62 106 0
106 74 0
106 146 0
65 117 0
117 140 0
66 218 0
218 161 0
218 231 0
69 133 0
69 175 0
69 178 0
70 167 0
167 91 0
87 245 0
82 244 0
244 168 0
86 219 0
91 190 0
95 177 0
177 232 0
177 250 0
97 187 0
108 242 0
104 130 0
130 222 0
130 228 0
189 141 0
112 144 0
144 205 0
144 207 0
113 190 0
190 136 0
190 223 0
116 140 0
140 223 0
121 127 0
121 165 0
197 240 0
126 206 0
206 170 0
212 141 0
131 145 0
145 215 0
145 220 0
139 210 0
142 241 0
241 208 0
193 171 0
193 238 0
180 192 0
192 225 0
