114 119 0
1 3 0
1 7 0
1 24 0
1 52 0
3 2 0
3 13 0
2 26 0
2 38 0
2 53 0
2 52 0
26 115 0
38 4 0
38 11 0
38 48 0
4 44 0
5 44 0
5 110 0
44 8 0
44 51 0
6 12 0
12 94 0
12 19 0
8 49 0
8 72 0
49 33 0
49 41 0
49 110 0
9 96 0
9 105 0
96 10 0
96 66 0
11 78 0
11 99 0
11 102 0
11 103 0
102 64 0
13 28 0
13 94 0
13 103 0
13 116 0
28 72 0
28 82 0
28 98 0
94 18 0
103 24 0
103 48 0
14 21 0
21 37 0
21 58 0
21 62 0
21 112 0
15 18 0
15 62 0
18 67 0
18 70 0
18 114 0
16 69 0
69 47 0
17 77 0
77 29 0
19 90 0
20 83 0
83 101 0
37 104 0
22 46 0
23 109 0
109 120 0
24 50 0
50 107 0
25 42 0
42 60 0
42 84 0
42 116 0
42 114 0
27 55 0
27 107 0
72 57 0
72 97 0
72 117 0
29 89 0
30 45 0
30 62 0
30 68 0
31 88 0
31 100 0
31 112 0
31 106 0
88 106 0
32 71 0
71 63 0
34 56 0
56 36 0
35 81 0
35 111 0
81 66 0
39 79 0
79 48 0
79 65 0
40 57 0
40 82 0
40 104 0
57 104 0
43 107 0
107 112 0
51 76 0
54 61 0
54 85 0
54 86 0
54 117 0
59 73 0
64 89 0
97 115 0
74 87 0
87 113 0
80 115 0
92 105 0
105 95 0
105 117 0
98 112 0
