381 399 0
1 386 0
386 100 0
386 260 0
2 52 0
2 68 0
2 106 0
2 252 0
52 75 0
52 157 0
52 206 0
52 229 0
68 205 0
68 230 0
106 98 0
106 174 0
106 276 0
106 142 0
106 337 0
3 44 0
3 148 0
3 172 0
3 183 0
3 185 0
3 391 0
44 42 0
148 103 0
148 190 0
148 262 0
148 142 0
4 180 0
180 23 0
180 74 0
180 120 0
180 298 0
5 21 0
5 55 0
5 162 0
5 257 0
5 261 0
5 300 0
5 335 0
5 329 0
21 229 0
55 193 0
55 206 0
261 117 0
261 352 0
6 247 0
247 242 0
7 287 0
287 309 0
287 380 0
8 15 0
8 27 0
8 130 0
15 31 0
15 56 0
15 118 0
15 319 0
15 349 0
27 81 0
9 20 0
9 38 0
9 187 0
9 195 0
38 46 0
10 47 0
47 149 0
47 295 0
47 334 0
47 301 0
11 194 0
11 200 0
11 358 0
11 378 0
12 146 0
12 167 0
12 289 0
167 41 0
167 88 0
13 274 0
13 388 0
274 256 0
274 314 0
274 322 0
274 357 0
14 231 0
231 128 0
31 29 0
31 150 0
56 213 0
56 224 0
319 191 0
319 102 0
319 266 0
16 166 0
17 116 0
18 73 0
73 137 0
73 195 0
73 348 0
73 270 0
19 246 0
246 336 0
22 63 0
22 153 0
22 156 0
22 399 0
63 189 0
23 110 0
23 271 0
110 103 0
110 119 0
110 284 0
110 308 0
24 189 0
189 209 0
189 325 0
189 355 0
189 359 0
189 389 0
189 72 0
25 54 0
25 284 0
54 93 0
26 101 0
101 49 0
101 79 0
101 123 0
101 80 0
28 271 0
271 291 0
271 373 0
29 34 0
29 157 0
29 210 0
30 104 0
30 206 0
104 158 0
104 254 0
104 267 0
104 380 0
104 281 0
32 83 0
32 124 0
83 75 0
83 215 0
83 292 0
33 60 0
33 89 0
33 133 0
33 145 0
33 175 0
60 392 0
60 267 0
89 347 0
133 210 0
35 99 0
35 130 0
35 151 0
99 72 0
99 225 0
99 303 0
130 94 0
130 96 0
130 173 0
130 339 0
36 384 0
384 358 0
37 152 0
37 303 0
152 115 0
152 156 0
152 224 0
152 269 0
39 272 0
272 85 0
40 92 0
92 51 0
92 70 0
92 219 0
92 358 0
92 370 0
41 128 0
41 156 0
41 217 0
41 229 0
128 127 0
128 251 0
128 264 0
128 360 0
42 113 0
42 305 0
113 53 0
43 308 0
308 313 0
308 372 0
308 129 0
45 360 0
360 294 0
360 343 0
46 151 0
46 220 0
46 268 0
46 301 0
151 249 0
151 312 0
48 312 0
312 91 0
312 237 0
50 314 0
314 322 0
51 102 0
51 147 0
102 248 0
102 195 0
75 53 0
75 112 0
75 392 0
206 150 0
206 244 0
206 396 0
53 142 0
53 154 0
53 222 0
193 69 0
213 90 0
213 171 0
57 129 0
57 147 0
129 114 0
129 165 0
58 256 0
256 79 0
256 201 0
59 72 0
59 111 0
59 277 0
59 323 0
72 144 0
111 388 0
61 131 0
61 202 0
131 234 0
131 238 0
131 266 0
62 372 0
372 64 0
372 82 0
65 178 0
178 245 0
178 248 0
66 383 0
383 379 0
67 331 0
331 84 0
69 141 0
69 227 0
141 107 0
141 241 0
141 374 0
70 179 0
70 258 0
70 288 0
70 321 0
258 223 0
71 328 0
328 169 0
328 265 0
144 119 0
144 185 0
144 334 0
144 278 0
195 74 0
74 255 0
74 259 0
74 350 0
76 324 0
324 143 0
77 108 0
77 122 0
77 248 0
77 306 0
78 387 0
387 351 0
79 93 0
79 263 0
79 310 0
93 181 0
93 368 0
80 317 0
317 322 0
86 227 0
227 175 0
227 203 0
227 174 0
87 123 0
123 132 0
123 185 0
123 310 0
88 226 0
88 364 0
88 393 0
219 290 0
95 204 0
97 127 0
127 233 0
127 367 0
103 347 0
105 398 0
398 177 0
109 236 0
119 191 0
112 338 0
112 365 0
112 371 0
115 296 0
121 382 0
382 315 0
124 376 0
124 390 0
376 345 0
376 385 0
376 393 0
376 170 0
125 234 0
234 221 0
126 207 0
126 243 0
126 311 0
238 198 0
238 307 0
238 320 0
134 356 0
356 138 0
135 212 0
212 208 0
212 318 0
136 344 0
139 347 0
347 275 0
140 249 0
145 197 0
145 217 0
197 228 0
217 229 0
147 159 0
147 176 0
147 341 0
176 367 0
155 333 0
333 192 0
160 186 0
186 163 0
161 252 0
252 240 0
252 296 0
164 232 0
232 182 0
168 244 0
168 388 0
170 358 0
358 266 0
171 199 0
171 216 0
325 218 0
359 273 0
191 229 0
229 263 0
196 273 0
198 337 0
211 284 0
284 235 0
284 349 0
223 285 0
224 357 0
224 369 0
263 336 0
240 370 0
250 329 0
250 342 0
250 392 0
253 340 0
340 278 0
264 283 0
264 301 0
264 363 0
265 282 0
265 302 0
266 380 0
270 279 0
281 375 0
292 299 0
299 305 0
297 362 0
304 374 0
316 354 0
354 353 0
330 343 0
