175 179 0
1 56 0
56 48 0
56 74 0
56 137 0
2 38 0
38 28 0
3 11 0
3 45 0
45 7 0
45 35 0
45 12 0
4 6 0
6 77 0
5 102 0
102 37 0
7 63 0
7 76 0
7 121 0
63 39 0
63 59 0
8 35 0
35 80 0
35 111 0
9 39 0
9 141 0
9 158 0
9 177 0
39 99 0
141 98 0
10 55 0
10 133 0
12 28 0
12 78 0
28 17 0
28 103 0
13 34 0
34 81 0
34 90 0
34 104 0
34 150 0
14 67 0
14 73 0
14 173 0
15 77 0
77 62 0
77 113 0
77 121 0
16 100 0
100 105 0
100 158 0
18 110 0
110 22 0
19 76 0
19 92 0
19 126 0
19 132 0
19 162 0
19 167 0
76 107 0
76 155 0
76 131 0
20 149 0
149 72 0
149 109 0
21 33 0
21 37 0
33 49 0
33 57 0
33 84 0
23 137 0
137 133 0
137 99 0
24 69 0
69 75 0
69 101 0
25 84 0
25 142 0
84 59 0
84 114 0
142 117 0
26 68 0
68 106 0
68 117 0
68 134 0
27 176 0
176 118 0
29 173 0
173 175 0
173 78 0
30 61 0
61 41 0
61 51 0
31 44 0
31 103 0
31 112 0
31 122 0
103 59 0
32 79 0
79 36 0
79 101 0
79 129 0
81 177 0
81 175 0
90 41 0
99 78 0
99 101 0
40 53 0
53 130 0
53 146 0
53 97 0
41 93 0
41 106 0
41 179 0
179 104 0
42 71 0
71 70 0
71 87 0
43 121 0
121 153 0
121 85 0
46 85 0
85 95 0
85 147 0
47 131 0
131 54 0
131 94 0
50 153 0
51 97 0
51 133 0
52 65 0
65 125 0
65 127 0
65 172 0
130 174 0
58 140 0
140 66 0
140 124 0
59 104 0
60 82 0
82 151 0
64 156 0
156 78 0
125 124 0
75 164 0
70 174 0
73 78 0
73 128 0
73 135 0
73 136 0
78 89 0
128 148 0
155 145 0
155 150 0
155 165 0
89 104 0
89 148 0
83 158 0
158 104 0
86 177 0
177 96 0
88 157 0
157 91 0
96 154 0
101 163 0
163 123 0
108 114 0
114 115 0
114 169 0
114 171 0
116 143 0
116 144 0
119 174 0
174 139 0
120 161 0
133 180 0
136 166 0
138 147 0
146 159 0
159 172 0
