478 499 0
1 123 0
1 280 0
123 174 0
2 227 0
2 343 0
227 43 0
3 178 0
3 313 0
3 319 0
3 356 0
3 471 0
178 75 0
178 181 0
178 278 0
178 416 0
313 69 0
319 26 0
4 16 0
4 35 0
4 87 0
4 432 0
16 116 0
16 160 0
16 383 0
35 234 0
35 339 0
35 458 0
87 427 0
5 279 0
279 268 0
6 218 0
218 57 0
7 50 0
50 148 0
50 283 0
50 486 0
8 166 0
166 131 0
166 258 0
166 394 0
166 470 0
9 39 0
9 195 0
9 476 0
9 253 0
39 54 0
39 193 0
39 207 0
10 148 0
10 270 0
10 399 0
148 250 0
148 427 0
270 107 0
270 358 0
270 27 0
11 54 0
54 337 0
54 51 0
12 135 0
135 43 0
135 74 0
135 392 0
135 421 0
135 497 0
13 145 0
13 242 0
13 350 0
13 492 0
14 447 0
447 284 0
15 88 0
88 238 0
88 268 0
88 346 0
88 399 0
17 25 0
17 96 0
18 179 0
179 136 0
179 398 0
179 102 0
19 81 0
19 266 0
19 360 0
19 461 0
81 28 0
81 66 0
81 305 0
81 362 0
20 387 0
20 460 0
387 92 0
21 38 0
21 62 0
21 448 0
21 397 0
38 494 0
22 48 0
48 96 0
48 295 0
23 176 0
176 268 0
176 285 0
176 338 0
176 469 0
176 476 0
24 422 0
422 58 0
27 64 0
27 118 0
27 391 0
29 305 0
29 494 0
305 336 0
305 414 0
305 441 0
30 282 0
30 384 0
282 157 0
282 192 0
31 265 0
265 180 0
265 275 0
265 327 0
265 399 0
265 136 0
265 491 0
32 106 0
32 193 0
32 281 0
32 396 0
32 426 0
106 472 0
193 206 0
281 301 0
281 143 0
281 207 0
33 206 0
33 398 0
206 251 0
34 158 0
34 182 0
34 209 0
34 267 0
158 45 0
158 66 0
234 226 0
36 51 0
37 362 0
37 432 0
362 326 0
362 258 0
40 290 0
290 144 0
290 388 0
41 163 0
42 309 0
309 76 0
43 61 0
43 277 0
43 482 0
43 494 0
61 108 0
61 124 0
61 413 0
61 479 0
277 204 0
44 226 0
44 337 0
45 217 0
45 376 0
45 475 0
46 291 0
291 457 0
47 125 0
47 164 0
125 80 0
125 197 0
125 386 0
96 335 0
96 359 0
96 433 0
96 443 0
295 192 0
49 467 0
467 485 0
467 140 0
52 55 0
55 184 0
55 293 0
55 304 0
55 368 0
53 443 0
443 442 0
443 169 0
184 287 0
184 395 0
293 323 0
293 418 0
56 98 0
56 187 0
56 345 0
56 364 0
98 94 0
98 263 0
187 167 0
57 85 0
57 134 0
57 268 0
57 375 0
85 114 0
85 202 0
85 407 0
85 275 0
134 97 0
134 390 0
134 404 0
134 407 0
58 191 0
58 312 0
58 325 0
58 328 0
58 375 0
191 95 0
191 245 0
191 451 0
191 334 0
312 60 0
312 431 0
328 120 0
328 194 0
328 301 0
59 477 0
477 348 0
63 493 0
493 455 0
493 129 0
493 199 0
65 417 0
417 316 0
417 374 0
417 393 0
66 94 0
66 455 0
94 207 0
94 324 0
94 453 0
67 241 0
67 269 0
241 170 0
68 156 0
156 100 0
156 203 0
156 386 0
156 389 0
69 224 0
69 246 0
69 406 0
70 385 0
385 110 0
71 301 0
72 93 0
72 261 0
72 334 0
93 173 0
93 232 0
93 472 0
73 174 0
174 260 0
174 369 0
174 117 0
76 140 0
76 310 0
76 329 0
76 382 0
76 415 0
76 466 0
76 489 0
140 455 0
310 261 0
77 353 0
353 210 0
353 399 0
78 112 0
112 354 0
112 400 0
112 455 0
79 132 0
132 339 0
132 343 0
132 347 0
82 401 0
401 249 0
401 357 0
83 435 0
435 190 0
84 111 0
84 133 0
84 380 0
111 473 0
202 185 0
86 117 0
86 339 0
86 478 0
86 434 0
339 359 0
339 421 0
339 201 0
268 150 0
268 274 0
89 432 0
432 153 0
432 252 0
90 104 0
104 296 0
104 355 0
104 410 0
91 272 0
272 152 0
272 223 0
272 107 0
207 170 0
335 337 0
335 356 0
335 380 0
359 129 0
99 130 0
99 133 0
130 102 0
130 350 0
130 133 0
101 274 0
274 216 0
274 289 0
103 250 0
103 286 0
103 320 0
103 386 0
103 471 0
286 321 0
105 263 0
263 183 0
263 437 0
109 473 0
113 181 0
181 331 0
181 436 0
181 459 0
115 213 0
115 237 0
115 366 0
119 259 0
259 168 0
259 170 0
259 264 0
121 398 0
398 424 0
398 430 0
122 356 0
356 198 0
356 349 0
126 378 0
378 177 0
127 161 0
127 380 0
127 448 0
161 483 0
161 298 0
128 456 0
456 297 0
390 490 0
137 377 0
377 162 0
138 261 0
138 388 0
261 205 0
261 438 0
139 352 0
352 154 0
141 149 0
149 171 0
149 388 0
149 450 0
142 257 0
142 361 0
142 408 0
142 445 0
257 317 0
361 232 0
143 147 0
143 175 0
143 381 0
146 440 0
440 294 0
171 468 0
151 231 0
151 262 0
151 369 0
151 452 0
155 342 0
342 321 0
159 189 0
189 229 0
189 292 0
189 331 0
164 463 0
164 480 0
165 228 0
165 315 0
169 247 0
172 444 0
444 222 0
369 299 0
285 232 0
331 408 0
287 186 0
185 302 0
185 448 0
185 479 0
448 474 0
448 188 0
188 394 0
188 406 0
394 371 0
192 397 0
196 200 0
199 254 0
254 494 0
201 219 0
219 322 0
208 255 0
208 276 0
255 332 0
255 373 0
276 306 0
209 253 0
209 350 0
211 235 0
235 232 0
235 365 0
212 315 0
315 384 0
315 424 0
214 380 0
215 471 0
471 350 0
471 386 0
220 243 0
220 466 0
243 232 0
243 298 0
225 370 0
370 379 0
370 468 0
365 469 0
236 303 0
303 244 0
303 412 0
239 351 0
240 427 0
427 308 0
244 391 0
256 483 0
483 428 0
438 375 0
269 465 0
465 307 0
358 411 0
273 481 0
481 314 0
289 367 0
306 357 0
280 466 0
288 494 0
494 464 0
388 311 0
388 480 0
388 482 0
323 479 0
418 482 0
299 375 0
299 449 0
375 458 0
449 453 0
307 381 0
311 488 0
330 474 0
474 402 0
474 425 0
408 496 0
333 439 0
439 344 0
340 419 0
419 409 0
350 434 0
355 445 0
364 451 0
372 487 0
