335 349 0
1 203 0
203 102 0
203 72 0
203 10 0
203 41 0
2 133 0
133 45 0
133 12 0
133 210 0
3 48 0
3 127 0
3 278 0
3 323 0
48 314 0
127 136 0
278 139 0
278 32 0
278 38 0
278 120 0
4 14 0
14 140 0
14 248 0
14 325 0
14 258 0
5 50 0
5 54 0
5 287 0
50 68 0
50 205 0
50 86 0
50 259 0
6 49 0
6 109 0
6 221 0
6 251 0
6 268 0
49 260 0
109 330 0
221 137 0
251 277 0
251 11 0
7 20 0
7 70 0
7 73 0
7 186 0
7 202 0
70 26 0
70 67 0
70 146 0
70 186 0
70 191 0
8 71 0
8 106 0
8 150 0
8 235 0
71 303 0
9 25 0
9 147 0
25 23 0
25 114 0
10 140 0
10 330 0
140 144 0
140 168 0
11 16 0
11 153 0
11 279 0
12 43 0
12 64 0
12 164 0
43 69 0
64 42 0
64 213 0
64 277 0
13 54 0
13 76 0
54 60 0
54 167 0
54 280 0
15 38 0
15 93 0
15 147 0
15 288 0
38 79 0
38 181 0
147 22 0
147 154 0
147 346 0
17 332 0
332 168 0
332 234 0
332 83 0
18 121 0
18 139 0
121 30 0
121 148 0
121 209 0
121 265 0
121 205 0
19 246 0
246 223 0
246 149 0
246 265 0
21 281 0
281 214 0
281 298 0
24 139 0
139 138 0
139 307 0
27 177 0
177 81 0
177 172 0
28 107 0
107 72 0
107 103 0
107 321 0
29 135 0
29 252 0
135 40 0
31 312 0
312 125 0
312 280 0
32 51 0
32 124 0
32 185 0
32 287 0
51 84 0
51 130 0
51 315 0
124 311 0
33 313 0
313 126 0
34 137 0
34 158 0
34 222 0
34 277 0
34 317 0
137 259 0
137 298 0
137 66 0
158 79 0
158 237 0
222 216 0
222 82 0
222 167 0
222 102 0
35 41 0
41 285 0
36 90 0
90 102 0
90 110 0
90 310 0
37 145 0
79 143 0
79 168 0
39 342 0
342 92 0
342 96 0
342 149 0
40 101 0
40 148 0
40 174 0
148 143 0
42 86 0
42 227 0
42 322 0
42 348 0
44 84 0
84 243 0
84 171 0
45 350 0
46 120 0
120 55 0
120 182 0
47 56 0
47 306 0
47 307 0
47 336 0
68 328 0
52 339 0
339 136 0
339 62 0
53 341 0
341 156 0
167 217 0
57 179 0
58 87 0
58 304 0
87 66 0
59 187 0
187 99 0
61 111 0
111 108 0
111 123 0
111 184 0
62 254 0
254 176 0
63 82 0
63 226 0
63 231 0
65 328 0
328 266 0
328 291 0
66 85 0
85 88 0
85 204 0
85 253 0
69 173 0
173 91 0
173 253 0
74 196 0
196 77 0
196 113 0
75 244 0
244 166 0
76 240 0
240 104 0
240 97 0
240 134 0
78 219 0
219 94 0
143 114 0
80 263 0
263 175 0
83 141 0
141 201 0
141 252 0
141 231 0
89 159 0
89 257 0
89 330 0
89 344 0
102 220 0
95 345 0
345 224 0
97 163 0
97 215 0
97 311 0
163 149 0
163 237 0
163 250 0
163 260 0
215 232 0
98 300 0
300 155 0
99 327 0
100 350 0
103 160 0
103 272 0
160 316 0
160 210 0
160 327 0
272 172 0
272 123 0
272 237 0
105 130 0
130 165 0
130 228 0
130 275 0
108 178 0
123 162 0
112 347 0
347 292 0
114 180 0
180 293 0
180 302 0
115 343 0
343 195 0
343 150 0
116 338 0
338 242 0
117 151 0
117 172 0
117 199 0
117 256 0
118 256 0
119 210 0
122 131 0
131 155 0
131 178 0
131 236 0
131 305 0
162 152 0
162 249 0
162 200 0
128 149 0
128 190 0
128 267 0
128 270 0
129 191 0
129 303 0
155 315 0
132 288 0
288 271 0
288 157 0
259 231 0
298 186 0
298 194 0
144 188 0
144 197 0
144 264 0
142 301 0
301 295 0
150 168 0
150 262 0
150 269 0
168 295 0
269 245 0
157 273 0
316 255 0
161 329 0
329 183 0
329 218 0
237 315 0
250 225 0
217 289 0
169 337 0
337 230 0
170 213 0
213 241 0
171 334 0
181 238 0
181 276 0
238 198 0
276 208 0
189 194 0
193 283 0
283 239 0
200 292 0
206 260 0
260 303 0
207 252 0
212 284 0
212 326 0
284 326 0
241 324 0
216 225 0
220 286 0
220 309 0
220 349 0
229 330 0
330 277 0
330 333 0
235 282 0
236 340 0
315 307 0
258 314 0
294 333 0
297 324 0
