150 159 0
1 29 0
1 67 0
1 70 0
1 78 0
1 129 0
29 59 0
29 69 0
29 132 0
29 148 0
29 157 0
2 82 0
82 63 0
82 87 0
3 52 0
3 60 0
3 127 0
3 154 0
3 128 0
52 5 0
127 72 0
127 119 0
127 31 0
127 16 0
4 18 0
4 23 0
4 41 0
4 132 0
18 47 0
18 76 0
18 109 0
18 5 0
18 129 0
23 25 0
41 17 0
41 44 0
41 28 0
5 11 0
6 16 0
6 27 0
16 65 0
16 110 0
16 117 0
16 135 0
7 31 0
7 58 0
7 72 0
7 79 0
7 81 0
7 120 0
72 46 0
72 53 0
79 34 0
8 12 0
12 48 0
12 71 0
12 105 0
9 93 0
93 80 0
93 131 0
10 68 0
10 95 0
10 111 0
10 130 0
68 130 0
95 35 0
95 39 0
48 121 0
13 34 0
34 69 0
34 118 0
34 123 0
14 39 0
14 96 0
39 96 0
39 106 0
15 152 0
15 155 0
152 77 0
110 85 0
117 100 0
17 86 0
47 46 0
47 27 0
76 148 0
19 25 0
19 114 0
25 107 0
20 28 0
20 148 0
21 131 0
131 30 0
22 50 0
22 74 0
22 135 0
22 158 0
50 42 0
74 116 0
24 57 0
57 64 0
26 138 0
26 147 0
26 158 0
26 159 0
27 160 0
160 108 0
59 87 0
59 42 0
69 73 0
69 146 0
32 55 0
32 98 0
32 104 0
32 119 0
55 51 0
55 56 0
55 112 0
55 136 0
98 148 0
104 37 0
33 43 0
33 84 0
33 90 0
33 106 0
33 113 0
113 81 0
113 121 0
118 54 0
35 97 0
35 122 0
35 156 0
36 115 0
115 61 0
115 63 0
115 88 0
38 54 0
54 66 0
96 119 0
40 124 0
124 134 0
124 135 0
45 49 0
49 62 0
63 119 0
119 121 0
116 157 0
75 92 0
92 81 0
83 125 0
125 99 0
85 100 0
85 128 0
85 139 0
89 143 0
143 140 0
91 101 0
91 144 0
94 114 0
102 145 0
145 135 0
