333 349 0
1 33 0
2 20 0
2 61 0
2 62 0
2 89 0
2 329 0
61 68 0
61 195 0
61 326 0
62 11 0
3 59 0
3 119 0
3 125 0
3 228 0
3 271 0
59 26 0
4 264 0
264 231 0
5 15 0
5 80 0
15 17 0
15 152 0
15 181 0
15 297 0
15 191 0
6 249 0
249 174 0
249 291 0
7 122 0
8 42 0
8 292 0
8 335 0
42 12 0
292 117 0
9 110 0
110 37 0
110 331 0
10 49 0
10 76 0
10 115 0
10 124 0
10 165 0
49 14 0
49 52 0
49 180 0
76 38 0
76 55 0
76 335 0
76 299 0
11 32 0
11 83 0
11 131 0
11 156 0
83 78 0
12 241 0
241 78 0
241 67 0
241 126 0
13 251 0
251 25 0
251 276 0
14 34 0
14 225 0
14 335 0
34 135 0
34 100 0
34 159 0
17 37 0
17 100 0
17 232 0
152 50 0
152 219 0
152 64 0
152 326 0
16 45 0
16 213 0
16 216 0
16 220 0
16 237 0
16 293 0
213 284 0
213 341 0
213 43 0
213 307 0
220 328 0
37 69 0
37 118 0
37 338 0
100 28 0
18 57 0
57 142 0
57 166 0
57 331 0
19 207 0
207 30 0
207 41 0
21 97 0
21 286 0
97 71 0
97 91 0
97 103 0
97 328 0
22 73 0
22 156 0
22 260 0
22 325 0
22 343 0
156 300 0
260 234 0
23 98 0
23 135 0
23 136 0
98 205 0
98 252 0
98 294 0
135 126 0
24 316 0
316 166 0
316 263 0
316 29 0
26 64 0
26 143 0
64 101 0
64 127 0
27 139 0
27 327 0
27 263 0
139 29 0
139 158 0
139 236 0
28 77 0
28 274 0
28 314 0
28 349 0
77 230 0
274 102 0
30 120 0
30 348 0
30 212 0
120 40 0
31 144 0
31 265 0
31 266 0
31 302 0
144 44 0
144 162 0
265 136 0
35 75 0
35 171 0
35 240 0
35 321 0
75 108 0
75 246 0
171 169 0
36 228 0
228 106 0
228 224 0
228 347 0
228 41 0
69 41 0
39 82 0
82 87 0
82 175 0
82 270 0
40 52 0
40 225 0
52 67 0
52 112 0
52 337 0
41 209 0
209 225 0
209 307 0
43 108 0
108 204 0
108 286 0
44 284 0
44 214 0
46 170 0
46 303 0
47 50 0
50 163 0
50 346 0
50 296 0
48 72 0
72 56 0
72 113 0
72 276 0
51 235 0
51 266 0
51 278 0
235 107 0
235 190 0
235 237 0
266 218 0
266 226 0
53 243 0
243 206 0
243 117 0
243 242 0
54 121 0
54 189 0
54 217 0
55 169 0
58 68 0
68 104 0
68 301 0
60 103 0
103 79 0
63 106 0
63 159 0
63 169 0
106 151 0
106 245 0
106 328 0
159 107 0
65 347 0
347 188 0
66 286 0
286 148 0
286 185 0
286 227 0
286 123 0
70 195 0
70 318 0
195 90 0
195 129 0
74 200 0
200 253 0
80 155 0
80 278 0
81 262 0
262 214 0
87 169 0
87 183 0
87 234 0
84 92 0
84 197 0
85 339 0
339 225 0
86 333 0
86 349 0
86 338 0
169 291 0
88 137 0
88 282 0
93 341 0
341 203 0
94 295 0
295 227 0
95 259 0
259 146 0
259 166 0
96 184 0
184 128 0
99 349 0
349 210 0
105 250 0
250 154 0
107 236 0
107 326 0
204 150 0
204 223 0
109 116 0
109 269 0
109 313 0
109 328 0
111 322 0
322 193 0
322 247 0
322 257 0
114 224 0
117 132 0
117 134 0
117 172 0
132 296 0
134 280 0
134 329 0
172 147 0
123 176 0
123 298 0
126 290 0
126 298 0
126 305 0
126 345 0
290 182 0
305 256 0
129 277 0
130 145 0
145 150 0
133 310 0
133 326 0
310 302 0
136 157 0
136 311 0
311 348 0
138 202 0
138 215 0
140 255 0
255 275 0
141 147 0
141 201 0
147 212 0
147 288 0
143 186 0
186 161 0
186 245 0
288 196 0
288 244 0
149 221 0
221 308 0
219 229 0
219 238 0
219 248 0
153 254 0
254 277 0
300 327 0
160 282 0
282 281 0
164 180 0
180 192 0
180 208 0
180 233 0
167 177 0
167 179 0
168 291 0
168 304 0
173 299 0
175 217 0
178 327 0
327 257 0
245 323 0
187 191 0
194 232 0
232 283 0
232 350 0
198 272 0
272 199 0
222 285 0
285 261 0
234 268 0
239 303 0
244 340 0
275 348 0
278 330 0
297 344 0
312 314 0
314 318 0
314 340 0
325 332 0
