389 399 0
1 210 0
1 260 0
2 113 0
2 134 0
2 170 0
2 337 0
2 369 0
134 163 0
134 192 0
170 270 0
170 13 0
3 341 0
341 141 0
341 175 0
341 337 0
4 298 0
298 334 0
5 49 0
5 270 0
6 289 0
289 80 0
289 155 0
289 198 0
7 32 0
7 64 0
7 172 0
7 279 0
7 374 0
32 79 0
32 99 0
32 213 0
32 400 0
64 18 0
64 263 0
64 369 0
172 8 0
172 102 0
172 338 0
8 260 0
8 388 0
9 378 0
378 330 0
10 45 0
10 87 0
10 130 0
10 161 0
10 224 0
10 228 0
45 245 0
45 362 0
87 30 0
130 258 0
161 94 0
11 13 0
13 55 0
13 127 0
13 255 0
12 14 0
12 62 0
12 112 0
127 19 0
15 128 0
15 297 0
128 364 0
16 242 0
17 72 0
17 92 0
17 160 0
18 60 0
18 258 0
18 317 0
60 147 0
60 165 0
60 318 0
60 362 0
19 34 0
19 188 0
19 309 0
19 363 0
34 73 0
34 139 0
34 254 0
188 382 0
188 369 0
309 324 0
309 100 0
20 204 0
20 241 0
21 163 0
21 375 0
22 91 0
91 94 0
91 126 0
91 283 0
23 139 0
23 154 0
23 252 0
23 304 0
139 225 0
139 307 0
24 35 0
24 73 0
24 377 0
24 390 0
73 63 0
73 157 0
73 222 0
25 140 0
25 254 0
140 56 0
140 105 0
140 372 0
26 220 0
26 373 0
27 257 0
27 273 0
27 348 0
27 381 0
28 85 0
28 277 0
85 67 0
85 193 0
85 219 0
29 177 0
177 67 0
177 287 0
177 302 0
30 59 0
59 58 0
59 251 0
59 344 0
31 317 0
317 150 0
317 158 0
33 356 0
356 36 0
36 239 0
36 363 0
239 173 0
37 131 0
37 278 0
131 84 0
131 186 0
131 379 0
131 116 0
38 112 0
112 75 0
112 215 0
112 324 0
39 270 0
270 174 0
40 63 0
63 103 0
63 208 0
41 53 0
41 57 0
41 74 0
41 129 0
41 125 0
74 120 0
74 327 0
42 192 0
192 293 0
192 308 0
43 88 0
43 184 0
43 207 0
88 90 0
88 243 0
88 394 0
184 258 0
44 166 0
166 68 0
166 349 0
166 396 0
46 212 0
212 196 0
212 186 0
212 340 0
47 70 0
47 230 0
47 337 0
48 151 0
151 101 0
151 152 0
50 269 0
269 221 0
51 272 0
272 96 0
52 292 0
292 149 0
292 98 0
292 282 0
54 247 0
54 300 0
58 197 0
58 225 0
58 363 0
197 98 0
197 276 0
147 200 0
147 265 0
147 280 0
147 326 0
147 374 0
61 203 0
203 81 0
65 332 0
332 303 0
332 400 0
66 279 0
279 291 0
279 345 0
67 199 0
69 205 0
205 223 0
205 263 0
205 305 0
71 142 0
142 143 0
142 200 0
142 224 0
120 191 0
120 284 0
120 198 0
75 222 0
76 260 0
260 263 0
260 266 0
77 97 0
77 119 0
77 227 0
97 224 0
97 313 0
78 207 0
207 262 0
207 324 0
80 319 0
81 305 0
82 83 0
82 146 0
82 381 0
82 194 0
83 314 0
86 104 0
104 108 0
104 132 0
104 149 0
89 329 0
329 221 0
329 331 0
94 267 0
94 290 0
94 373 0
93 116 0
93 135 0
93 209 0
93 263 0
267 125 0
267 256 0
290 224 0
95 346 0
346 171 0
346 354 0
224 320 0
98 231 0
100 226 0
100 236 0
100 296 0
236 138 0
236 181 0
296 268 0
105 394 0
106 185 0
185 373 0
107 320 0
320 278 0
320 167 0
109 136 0
136 221 0
136 277 0
136 339 0
136 389 0
110 326 0
326 145 0
326 259 0
326 319 0
111 180 0
180 218 0
180 249 0
114 227 0
114 248 0
114 253 0
114 325 0
114 357 0
253 176 0
253 229 0
115 152 0
115 168 0
115 241 0
152 349 0
152 369 0
152 394 0
168 164 0
168 187 0
168 232 0
168 375 0
117 307 0
307 285 0
307 386 0
118 283 0
118 293 0
119 176 0
176 333 0
176 261 0
121 241 0
241 294 0
122 148 0
148 159 0
148 259 0
148 261 0
148 275 0
123 311 0
123 361 0
311 202 0
124 355 0
355 310 0
186 199 0
133 364 0
364 271 0
364 149 0
364 368 0
137 234 0
234 387 0
225 179 0
225 264 0
225 288 0
200 300 0
200 199 0
144 286 0
286 162 0
149 237 0
237 244 0
237 190 0
237 350 0
349 376 0
153 385 0
385 233 0
156 300 0
300 395 0
167 217 0
217 399 0
169 281 0
169 368 0
178 322 0
322 183 0
182 244 0
199 299 0
199 382 0
189 190 0
190 231 0
194 354 0
195 399 0
399 211 0
382 350 0
382 327 0
201 314 0
201 323 0
324 393 0
214 222 0
222 216 0
222 372 0
372 363 0
240 245 0
245 352 0
245 389 0
246 318 0
318 370 0
250 337 0
250 391 0
250 397 0
258 343 0
295 373 0
303 366 0
306 335 0
312 380 0
380 351 0
315 316 0
315 328 0
315 371 0
328 327 0
327 381 0
336 360 0
360 358 0
360 384 0
347 376 0
365 383 0
383 366 0
394 398 0
