193 199 0
1 10 0
1 61 0
10 30 0
10 178 0
10 42 0
2 97 0
2 133 0
97 61 0
97 66 0
3 16 0
3 27 0
16 60 0
4 140 0
140 40 0
140 25 0
5 80 0
80 131 0
6 72 0
6 103 0
6 124 0
6 145 0
6 177 0
72 69 0
72 94 0
72 100 0
103 12 0
103 48 0
7 161 0
7 194 0
8 109 0
109 92 0
9 160 0
160 112 0
160 127 0
160 17 0
160 183 0
30 43 0
30 67 0
11 86 0
86 29 0
86 54 0
86 84 0
13 23 0
13 53 0
13 91 0
13 131 0
13 197 0
23 14 0
23 22 0
23 55 0
23 69 0
53 93 0
53 143 0
53 149 0
53 119 0
91 32 0
91 64 0
14 20 0
14 79 0
20 76 0
20 88 0
15 154 0
154 39 0
154 48 0
154 110 0
17 24 0
17 128 0
24 71 0
24 83 0
24 95 0
128 134 0
128 170 0
18 57 0
18 196 0
57 95 0
57 137 0
57 138 0
19 37 0
19 104 0
19 147 0
19 165 0
104 194 0
104 188 0
76 114 0
21 174 0
174 70 0
174 130 0
174 175 0
174 197 0
174 43 0
22 58 0
22 66 0
22 162 0
58 68 0
55 28 0
55 47 0
55 116 0
71 31 0
71 69 0
83 79 0
83 122 0
25 111 0
26 69 0
69 115 0
69 144 0
27 60 0
27 183 0
60 78 0
60 181 0
43 81 0
43 169 0
43 193 0
67 66 0
31 59 0
31 141 0
31 181 0
59 195 0
59 47 0
141 164 0
33 100 0
33 133 0
33 162 0
34 89 0
34 92 0
89 74 0
89 85 0
35 98 0
35 169 0
35 172 0
35 184 0
36 94 0
94 90 0
38 52 0
38 74 0
38 75 0
40 158 0
41 105 0
105 82 0
105 163 0
42 167 0
167 56 0
167 192 0
44 77 0
77 93 0
45 102 0
102 95 0
46 88 0
88 73 0
88 155 0
47 119 0
48 49 0
48 166 0
49 125 0
49 148 0
49 196 0
49 180 0
125 106 0
50 131 0
131 199 0
51 65 0
51 96 0
51 132 0
61 136 0
61 191 0
62 162 0
162 117 0
63 188 0
66 101 0
66 126 0
68 142 0
144 180 0
79 118 0
79 197 0
122 181 0
87 179 0
179 108 0
179 139 0
99 150 0
99 173 0
150 135 0
150 173 0
194 106 0
107 151 0
113 185 0
185 153 0
120 156 0
121 171 0
171 187 0
123 135 0
199 196 0
164 158 0
152 186 0
186 182 0
186 196 0
155 198 0
198 178 0
158 200 0
192 178 0
178 190 0
