240 249 0
1 210 0
210 123 0
2 77 0
2 78 0
2 88 0
2 115 0
2 143 0
2 159 0
2 240 0
88 162 0
88 199 0
88 235 0
3 18 0
3 65 0
18 81 0
4 6 0
4 8 0
4 13 0
4 79 0
4 96 0
6 81 0
6 99 0
6 134 0
6 214 0
6 249 0
8 107 0
13 36 0
13 70 0
13 149 0
13 175 0
5 24 0
5 37 0
5 62 0
5 184 0
24 25 0
24 207 0
37 103 0
37 148 0
81 31 0
81 151 0
81 86 0
7 35 0
35 67 0
35 94 0
35 101 0
35 110 0
35 221 0
9 62 0
9 114 0
9 177 0
9 198 0
62 105 0
10 234 0
234 154 0
11 199 0
199 23 0
199 126 0
199 216 0
12 49 0
12 83 0
12 230 0
49 130 0
36 27 0
36 33 0
36 34 0
36 50 0
14 188 0
188 246 0
15 237 0
15 249 0
237 212 0
16 86 0
16 142 0
16 189 0
16 195 0
86 65 0
86 79 0
17 118 0
118 87 0
118 250 0
118 52 0
19 44 0
44 43 0
44 98 0
44 160 0
20 57 0
57 101 0
57 176 0
57 179 0
21 61 0
61 92 0
61 161 0
61 168 0
61 172 0
61 206 0
22 228 0
228 135 0
228 156 0
25 64 0
25 102 0
25 231 0
25 248 0
102 206 0
102 92 0
26 130 0
130 167 0
130 219 0
130 243 0
130 245 0
28 73 0
73 59 0
73 193 0
73 107 0
29 169 0
169 158 0
30 194 0
194 69 0
32 104 0
32 158 0
104 66 0
104 136 0
104 152 0
104 211 0
104 232 0
34 148 0
34 181 0
148 152 0
148 101 0
181 74 0
181 109 0
67 38 0
67 48 0
67 101 0
67 133 0
67 182 0
67 202 0
94 158 0
101 229 0
103 79 0
103 235 0
39 124 0
39 215 0
124 127 0
124 132 0
124 153 0
40 179 0
41 230 0
230 233 0
42 131 0
131 85 0
45 182 0
45 183 0
45 206 0
182 158 0
182 235 0
183 217 0
183 229 0
46 105 0
47 224 0
224 120 0
51 92 0
51 127 0
51 215 0
92 82 0
92 137 0
52 117 0
117 96 0
53 55 0
55 72 0
55 141 0
55 193 0
54 116 0
116 138 0
56 178 0
58 90 0
58 146 0
58 250 0
58 187 0
60 207 0
207 106 0
207 122 0
63 144 0
63 206 0
144 136 0
144 158 0
65 191 0
65 245 0
133 121 0
68 139 0
68 206 0
71 180 0
180 171 0
75 132 0
76 84 0
76 111 0
76 129 0
76 184 0
79 172 0
80 95 0
80 113 0
80 167 0
80 128 0
151 211 0
83 97 0
83 152 0
83 164 0
162 112 0
162 155 0
89 193 0
89 222 0
89 236 0
89 247 0
193 205 0
91 203 0
203 244 0
93 208 0
208 109 0
96 140 0
96 192 0
96 200 0
100 163 0
163 160 0
163 190 0
206 150 0
138 209 0
250 205 0
119 215 0
215 150 0
121 238 0
238 186 0
125 165 0
128 229 0
167 197 0
167 205 0
137 174 0
158 196 0
145 149 0
149 187 0
147 185 0
185 204 0
185 216 0
196 173 0
196 197 0
190 233 0
166 197 0
235 218 0
211 245 0
213 225 0
213 226 0
