482 499 0
1 340 0
340 163 0
340 278 0
340 94 0
340 281 0
2 187 0
2 299 0
3 18 0
18 17 0
18 145 0
18 204 0
18 288 0
4 317 0
317 413 0
5 383 0
383 57 0
383 248 0
6 67 0
6 300 0
6 486 0
6 488 0
67 245 0
300 221 0
7 119 0
7 152 0
119 93 0
119 193 0
119 390 0
119 337 0
8 81 0
8 206 0
8 232 0
8 419 0
8 320 0
81 133 0
81 393 0
81 497 0
9 162 0
9 200 0
9 215 0
162 433 0
200 437 0
10 25 0
25 298 0
25 319 0
25 397 0
11 348 0
348 140 0
348 180 0
12 131 0
12 219 0
12 337 0
131 32 0
131 193 0
131 256 0
131 269 0
131 373 0
13 257 0
257 105 0
257 180 0
257 357 0
14 285 0
285 194 0
285 378 0
15 443 0
443 461 0
443 500 0
443 209 0
16 199 0
16 271 0
16 436 0
16 452 0
16 491 0
199 170 0
199 158 0
271 59 0
436 411 0
17 221 0
17 360 0
221 210 0
221 424 0
145 245 0
19 59 0
19 339 0
19 375 0
59 282 0
59 382 0
59 470 0
339 387 0
20 142 0
142 23 0
142 171 0
142 377 0
142 218 0
21 435 0
435 188 0
435 277 0
22 453 0
453 166 0
453 228 0
24 66 0
24 483 0
66 109 0
66 442 0
66 485 0
298 61 0
298 394 0
26 65 0
26 172 0
26 352 0
27 76 0
76 72 0
76 335 0
76 384 0
76 424 0
28 132 0
132 45 0
132 117 0
132 125 0
29 460 0
460 106 0
460 446 0
30 101 0
101 117 0
101 438 0
101 477 0
31 35 0
31 78 0
31 94 0
31 229 0
31 363 0
35 197 0
35 362 0
35 396 0
78 141 0
78 181 0
78 431 0
94 482 0
229 99 0
229 105 0
33 38 0
38 84 0
38 286 0
38 346 0
38 364 0
34 97 0
97 62 0
97 123 0
97 137 0
97 254 0
97 398 0
97 324 0
36 134 0
134 92 0
134 305 0
37 240 0
240 88 0
240 290 0
240 371 0
240 377 0
84 40 0
84 104 0
84 154 0
84 236 0
39 201 0
39 235 0
39 439 0
39 469 0
201 176 0
201 456 0
201 211 0
201 331 0
41 93 0
41 98 0
93 231 0
93 266 0
93 308 0
93 392 0
42 253 0
253 105 0
43 158 0
158 86 0
158 150 0
158 350 0
44 212 0
44 263 0
212 157 0
212 237 0
46 100 0
46 182 0
46 321 0
46 336 0
182 332 0
182 355 0
47 139 0
47 344 0
47 346 0
47 350 0
48 118 0
48 191 0
48 226 0
118 241 0
49 62 0
49 116 0
62 80 0
62 115 0
62 458 0
50 262 0
50 410 0
262 164 0
262 246 0
51 463 0
463 323 0
52 301 0
301 306 0
53 360 0
360 217 0
360 341 0
54 70 0
54 116 0
54 149 0
54 354 0
70 127 0
70 322 0
70 160 0
116 120 0
116 143 0
116 183 0
116 295 0
116 377 0
149 111 0
149 184 0
149 366 0
55 91 0
91 71 0
91 307 0
91 373 0
91 422 0
56 356 0
58 90 0
90 138 0
90 343 0
382 191 0
60 109 0
60 190 0
109 146 0
109 163 0
109 354 0
61 325 0
61 365 0
61 367 0
80 274 0
80 287 0
80 398 0
63 105 0
63 117 0
63 210 0
63 251 0
63 455 0
210 354 0
210 256 0
64 225 0
64 242 0
64 416 0
64 432 0
225 374 0
242 296 0
68 194 0
194 312 0
194 384 0
194 459 0
194 69 0
69 74 0
74 98 0
74 420 0
74 333 0
72 345 0
73 198 0
73 207 0
73 320 0
73 368 0
73 471 0
75 151 0
75 236 0
75 456 0
75 487 0
151 120 0
151 299 0
335 427 0
77 247 0
77 328 0
77 434 0
77 368 0
79 358 0
358 161 0
133 144 0
133 147 0
133 284 0
82 87 0
87 121 0
87 273 0
87 168 0
83 393 0
393 218 0
393 261 0
393 144 0
104 315 0
104 394 0
85 107 0
85 391 0
85 422 0
85 451 0
89 268 0
89 308 0
268 316 0
268 371 0
231 375 0
231 445 0
95 165 0
165 326 0
165 406 0
165 447 0
96 153 0
153 189 0
153 462 0
153 384 0
137 103 0
99 255 0
99 273 0
99 299 0
99 395 0
273 173 0
273 458 0
102 428 0
428 214 0
428 368 0
103 252 0
103 297 0
103 378 0
297 202 0
315 338 0
315 484 0
108 167 0
167 359 0
167 377 0
167 483 0
167 430 0
146 342 0
146 404 0
146 466 0
146 413 0
110 445 0
445 178 0
445 472 0
112 191 0
191 314 0
191 448 0
113 410 0
410 159 0
410 327 0
114 421 0
421 130 0
115 209 0
115 223 0
115 311 0
115 479 0
223 495 0
120 327 0
193 170 0
122 211 0
211 195 0
211 467 0
124 128 0
124 226 0
124 389 0
126 475 0
475 302 0
129 494 0
494 243 0
256 418 0
256 205 0
135 405 0
405 345 0
405 450 0
136 208 0
208 220 0
208 245 0
208 280 0
208 427 0
148 196 0
148 251 0
152 272 0
272 292 0
155 241 0
241 276 0
241 424 0
156 230 0
156 303 0
157 395 0
160 259 0
163 331 0
163 372 0
163 474 0
166 469 0
359 448 0
377 169 0
168 238 0
238 174 0
169 205 0
169 349 0
205 176 0
349 258 0
170 412 0
412 332 0
173 224 0
173 244 0
173 401 0
174 203 0
174 263 0
174 281 0
175 269 0
176 458 0
177 351 0
351 406 0
179 267 0
179 346 0
179 370 0
179 440 0
179 455 0
346 363 0
185 381 0
381 216 0
381 234 0
186 308 0
308 369 0
190 310 0
190 407 0
190 409 0
407 465 0
448 394 0
448 414 0
192 219 0
219 420 0
219 478 0
384 454 0
384 458 0
456 227 0
456 334 0
213 299 0
299 280 0
222 318 0
222 371 0
222 493 0
222 433 0
375 369 0
375 411 0
375 418 0
233 495 0
495 279 0
239 500 0
500 270 0
248 481 0
249 425 0
425 289 0
425 374 0
425 398 0
251 275 0
251 415 0
251 480 0
480 354 0
258 260 0
264 380 0
380 400 0
265 283 0
265 291 0
280 347 0
347 406 0
281 497 0
293 411 0
294 303 0
303 385 0
296 476 0
476 329 0
304 379 0
379 492 0
309 376 0
313 355 0
355 496 0
324 373 0
330 465 0
465 333 0
363 368 0
353 468 0
468 430 0
454 449 0
399 414 0
414 473 0
431 483 0
461 444 0
