281 299 0
1 172 0
1 182 0
1 179 0
172 87 0
172 94 0
172 48 0
172 176 0
2 196 0
196 8 0
196 74 0
3 250 0
250 40 0
4 43 0
4 55 0
4 294 0
4 149 0
55 25 0
55 105 0
55 135 0
55 227 0
55 281 0
5 112 0
112 35 0
112 52 0
112 169 0
6 117 0
117 15 0
117 27 0
7 225 0
225 263 0
9 103 0
9 128 0
9 192 0
9 208 0
9 265 0
9 278 0
103 143 0
103 188 0
103 293 0
192 59 0
192 149 0
192 200 0
10 299 0
299 134 0
11 227 0
12 97 0
12 215 0
12 286 0
97 75 0
97 191 0
13 165 0
165 162 0
165 187 0
165 282 0
165 27 0
165 135 0
14 190 0
190 73 0
16 231 0
231 136 0
231 193 0
231 206 0
231 95 0
17 188 0
17 281 0
188 99 0
188 101 0
18 80 0
18 107 0
18 113 0
18 249 0
18 281 0
80 114 0
80 119 0
80 158 0
80 156 0
107 27 0
107 62 0
113 88 0
19 154 0
154 32 0
20 175 0
175 84 0
175 182 0
21 217 0
22 197 0
22 232 0
197 74 0
197 115 0
197 159 0
197 244 0
23 98 0
23 270 0
23 286 0
23 288 0
98 85 0
98 234 0
270 108 0
270 164 0
24 139 0
139 88 0
25 234 0
25 256 0
25 290 0
234 200 0
26 33 0
26 138 0
26 146 0
26 168 0
33 29 0
33 272 0
33 111 0
138 193 0
146 39 0
28 45 0
28 96 0
28 161 0
28 193 0
28 224 0
161 133 0
161 177 0
161 212 0
161 242 0
29 245 0
30 41 0
41 85 0
41 178 0
41 257 0
31 300 0
300 242 0
32 120 0
32 187 0
32 222 0
187 125 0
187 209 0
34 159 0
159 206 0
36 296 0
296 230 0
296 251 0
37 60 0
60 77 0
60 277 0
60 265 0
38 48 0
38 56 0
38 110 0
38 137 0
48 157 0
48 167 0
39 171 0
40 193 0
193 211 0
193 267 0
85 129 0
85 164 0
85 218 0
42 173 0
173 127 0
173 145 0
44 131 0
44 174 0
44 207 0
44 242 0
44 245 0
44 290 0
131 153 0
174 254 0
242 71 0
46 58 0
58 164 0
47 74 0
47 93 0
47 121 0
74 200 0
157 155 0
157 274 0
167 130 0
167 183 0
167 77 0
49 147 0
147 82 0
50 88 0
51 84 0
51 90 0
84 183 0
84 232 0
84 236 0
53 142 0
53 184 0
53 209 0
53 215 0
54 132 0
54 204 0
54 290 0
54 211 0
105 76 0
105 152 0
105 185 0
105 216 0
57 202 0
202 81 0
202 123 0
202 194 0
59 106 0
59 223 0
59 233 0
61 218 0
218 213 0
218 68 0
218 73 0
62 288 0
62 212 0
63 95 0
63 284 0
95 288 0
64 72 0
72 163 0
72 238 0
72 256 0
65 75 0
75 205 0
66 129 0
129 68 0
129 160 0
67 158 0
158 243 0
69 164 0
164 109 0
70 126 0
126 180 0
71 86 0
71 99 0
71 181 0
86 228 0
86 237 0
99 150 0
99 166 0
78 228 0
228 111 0
228 289 0
79 281 0
281 285 0
281 213 0
281 279 0
114 288 0
119 256 0
83 249 0
249 268 0
249 271 0
249 160 0
232 89 0
90 226 0
90 256 0
90 276 0
90 291 0
256 145 0
276 171 0
276 210 0
276 262 0
276 266 0
91 118 0
91 253 0
91 261 0
91 264 0
91 273 0
261 168 0
92 260 0
260 124 0
100 267 0
102 292 0
292 220 0
292 108 0
104 222 0
222 269 0
222 280 0
109 148 0
148 201 0
148 241 0
115 219 0
115 229 0
122 177 0
177 239 0
125 140 0
140 153 0
141 248 0
248 156 0
248 198 0
144 275 0
275 279 0
168 230 0
168 277 0
170 294 0
178 199 0
179 288 0
288 247 0
244 284 0
214 286 0
263 247 0
