113 119 0
1 29 0
1 30 0
29 19 0
29 59 0
2 27 0
2 36 0
2 73 0
2 104 0
73 15 0
73 49 0
73 51 0
3 18 0
3 26 0
3 93 0
3 30 0
26 57 0
26 99 0
4 44 0
44 97 0
44 109 0
44 14 0
44 119 0
5 24 0
5 62 0
5 87 0
5 103 0
24 13 0
24 108 0
6 92 0
92 46 0
92 99 0
7 20 0
20 35 0
20 37 0
20 99 0
20 50 0
8 52 0
52 85 0
9 63 0
9 71 0
9 75 0
9 100 0
9 101 0
9 104 0
9 118 0
75 10 0
75 83 0
100 31 0
100 69 0
100 97 0
10 21 0
10 80 0
21 64 0
21 88 0
21 106 0
21 108 0
11 65 0
65 47 0
12 53 0
12 72 0
12 103 0
12 117 0
53 79 0
13 34 0
13 58 0
13 90 0
13 97 0
13 112 0
34 14 0
34 32 0
34 93 0
14 111 0
16 49 0
49 23 0
17 23 0
23 42 0
23 56 0
23 61 0
23 113 0
37 22 0
37 43 0
106 47 0
22 76 0
22 78 0
25 43 0
25 114 0
43 51 0
57 28 0
57 93 0
33 77 0
77 98 0
77 99 0
93 105 0
38 40 0
38 41 0
38 70 0
40 102 0
39 89 0
89 80 0
89 111 0
102 84 0
45 96 0
48 107 0
107 83 0
50 86 0
86 99 0
86 104 0
85 61 0
54 108 0
108 60 0
55 94 0
94 79 0
61 81 0
66 80 0
80 112 0
80 120 0
74 83 0
82 105 0
82 119 0
