486 499 0
1 204 0
204 459 0
204 53 0
204 487 0
2 46 0
2 215 0
2 370 0
46 279 0
46 344 0
46 363 0
46 464 0
215 298 0
215 456 0
3 89 0
3 167 0
3 182 0
3 219 0
4 233 0
233 14 0
233 50 0
5 32 0
32 18 0
32 307 0
32 339 0
6 305 0
305 306 0
305 454 0
7 105 0
105 239 0
105 463 0
105 310 0
8 477 0
477 237 0
477 420 0
9 394 0
394 33 0
394 296 0
10 308 0
308 140 0
308 261 0
308 271 0
11 86 0
11 152 0
11 171 0
11 281 0
11 321 0
86 169 0
86 253 0
152 48 0
152 377 0
171 110 0
171 382 0
171 385 0
12 157 0
157 262 0
157 300 0
157 447 0
13 52 0
13 196 0
13 339 0
13 240 0
52 417 0
15 150 0
15 185 0
15 303 0
15 435 0
185 235 0
185 255 0
185 317 0
16 138 0
138 165 0
138 192 0
138 412 0
138 484 0
17 146 0
146 104 0
146 259 0
19 254 0
254 60 0
254 256 0
254 132 0
254 45 0
20 58 0
20 153 0
20 194 0
20 268 0
153 103 0
21 143 0
143 41 0
143 176 0
143 201 0
22 490 0
490 277 0
23 475 0
475 421 0
475 201 0
475 452 0
24 45 0
24 334 0
24 365 0
24 372 0
45 28 0
45 36 0
334 255 0
25 44 0
25 137 0
25 349 0
25 387 0
44 147 0
44 424 0
44 181 0
137 70 0
137 369 0
137 403 0
26 295 0
26 377 0
295 317 0
27 351 0
351 34 0
351 120 0
351 500 0
28 40 0
28 75 0
28 423 0
29 267 0
267 224 0
267 425 0
267 365 0
30 106 0
30 141 0
30 231 0
30 387 0
106 85 0
106 216 0
106 429 0
106 314 0
141 311 0
141 341 0
141 430 0
141 494 0
31 114 0
31 188 0
31 372 0
31 364 0
34 320 0
34 404 0
34 418 0
320 83 0
320 298 0
320 272 0
35 212 0
212 203 0
212 288 0
212 397 0
212 442 0
36 57 0
36 74 0
36 396 0
37 292 0
292 49 0
292 313 0
292 473 0
38 187 0
187 90 0
187 92 0
187 120 0
187 183 0
187 341 0
39 299 0
299 238 0
299 343 0
299 274 0
41 277 0
42 208 0
208 144 0
208 316 0
208 415 0
43 296 0
296 174 0
147 148 0
47 234 0
234 144 0
234 297 0
234 402 0
234 377 0
48 330 0
48 364 0
48 371 0
48 467 0
330 448 0
49 322 0
49 440 0
322 390 0
51 264 0
264 118 0
264 140 0
264 151 0
53 139 0
53 198 0
139 116 0
139 300 0
198 164 0
198 399 0
54 252 0
252 77 0
252 193 0
252 321 0
55 258 0
55 373 0
258 133 0
258 158 0
258 180 0
258 300 0
56 378 0
378 265 0
378 382 0
59 438 0
438 333 0
438 445 0
60 494 0
61 349 0
349 451 0
349 498 0
62 97 0
62 122 0
97 246 0
63 304 0
63 314 0
63 389 0
63 397 0
64 200 0
64 217 0
64 321 0
64 468 0
217 358 0
65 91 0
91 73 0
91 182 0
91 285 0
91 290 0
66 121 0
66 135 0
66 142 0
66 318 0
66 257 0
121 286 0
135 81 0
135 169 0
135 408 0
135 239 0
67 107 0
67 201 0
67 319 0
67 471 0
201 278 0
68 381 0
68 437 0
381 321 0
381 179 0
69 76 0
76 242 0
76 269 0
76 354 0
71 221 0
71 272 0
71 362 0
71 453 0
272 122 0
272 220 0
72 111 0
111 109 0
111 116 0
111 283 0
242 324 0
78 83 0
78 236 0
78 337 0
78 353 0
78 361 0
83 231 0
83 446 0
236 214 0
236 474 0
79 404 0
404 163 0
404 209 0
80 148 0
148 186 0
148 393 0
148 481 0
81 206 0
81 411 0
81 426 0
82 214 0
82 244 0
82 247 0
214 84 0
214 461 0
244 113 0
244 225 0
244 345 0
244 439 0
231 154 0
231 266 0
231 431 0
446 94 0
446 207 0
446 126 0
169 140 0
169 457 0
169 382 0
87 478 0
478 327 0
88 433 0
433 202 0
182 223 0
92 251 0
92 409 0
251 226 0
251 346 0
251 492 0
93 108 0
93 227 0
93 376 0
93 476 0
227 402 0
95 218 0
218 331 0
218 456 0
218 482 0
96 184 0
96 366 0
96 434 0
184 102 0
184 211 0
184 315 0
366 316 0
366 476 0
98 235 0
235 115 0
235 419 0
235 307 0
99 161 0
161 190 0
161 285 0
161 365 0
161 455 0
100 336 0
336 228 0
336 354 0
101 156 0
101 293 0
101 390 0
101 458 0
156 463 0
103 418 0
418 257 0
418 287 0
110 301 0
112 286 0
286 230 0
286 463 0
286 479 0
116 342 0
342 284 0
117 370 0
370 260 0
370 273 0
119 301 0
301 328 0
301 144 0
120 327 0
122 485 0
122 486 0
123 436 0
436 270 0
124 247 0
247 488 0
247 495 0
247 177 0
125 229 0
125 325 0
125 382 0
125 474 0
229 402 0
126 274 0
127 177 0
177 168 0
177 222 0
177 281 0
128 203 0
203 170 0
203 384 0
129 151 0
129 430 0
151 317 0
130 194 0
130 243 0
130 326 0
130 407 0
194 246 0
194 278 0
131 159 0
131 276 0
131 339 0
131 410 0
132 197 0
197 223 0
134 444 0
444 191 0
444 398 0
136 225 0
225 186 0
225 312 0
225 359 0
144 409 0
145 175 0
145 205 0
145 248 0
145 365 0
186 368 0
149 496 0
496 155 0
160 434 0
434 465 0
434 466 0
285 178 0
162 493 0
493 323 0
164 328 0
166 416 0
416 329 0
172 356 0
356 241 0
173 486 0
486 316 0
178 181 0
178 199 0
178 302 0
178 456 0
179 310 0
223 275 0
223 414 0
189 317 0
317 470 0
246 340 0
246 460 0
195 377 0
377 282 0
377 391 0
278 358 0
278 397 0
459 357 0
209 469 0
210 321 0
213 440 0
440 360 0
440 462 0
298 332 0
220 347 0
220 413 0
220 443 0
232 395 0
395 294 0
240 386 0
245 348 0
348 428 0
249 343 0
249 400 0
249 432 0
249 497 0
343 255 0
250 427 0
427 280 0
253 332 0
332 358 0
255 484 0
263 408 0
408 406 0
408 437 0
408 473 0
358 409 0
281 380 0
380 374 0
289 368 0
368 309 0
368 441 0
368 483 0
291 430 0
430 300 0
430 392 0
335 499 0
499 367 0
499 372 0
339 409 0
350 383 0
350 401 0
357 391 0
391 476 0
