432 449 0
1 220 0
220 109 0
220 133 0
220 311 0
2 288 0
288 199 0
3 188 0
188 174 0
4 449 0
449 17 0
449 242 0
449 421 0
5 107 0
5 232 0
5 274 0
5 358 0
5 390 0
232 37 0
232 234 0
232 246 0
274 43 0
6 32 0
6 161 0
6 180 0
6 415 0
161 155 0
161 436 0
161 169 0
7 100 0
7 286 0
7 359 0
7 331 0
100 160 0
100 229 0
100 393 0
100 437 0
8 139 0
139 151 0
139 321 0
9 411 0
411 129 0
411 412 0
10 181 0
10 346 0
181 108 0
181 202 0
181 235 0
181 391 0
11 361 0
361 345 0
12 69 0
12 109 0
69 125 0
69 192 0
69 135 0
13 186 0
14 146 0
14 167 0
14 251 0
14 344 0
146 122 0
146 387 0
146 437 0
146 318 0
167 297 0
15 218 0
218 30 0
218 46 0
218 417 0
218 224 0
16 196 0
16 436 0
196 155 0
196 132 0
196 377 0
18 443 0
443 247 0
19 128 0
128 119 0
128 145 0
128 210 0
128 340 0
128 214 0
20 72 0
20 234 0
20 347 0
20 399 0
20 448 0
234 36 0
234 392 0
234 91 0
234 217 0
21 302 0
302 140 0
302 176 0
22 102 0
102 137 0
102 197 0
102 269 0
23 400 0
400 409 0
24 170 0
25 67 0
25 136 0
25 222 0
25 384 0
25 407 0
67 172 0
67 378 0
136 59 0
136 155 0
136 421 0
222 134 0
222 236 0
26 104 0
26 368 0
26 410 0
104 62 0
104 162 0
104 179 0
104 209 0
27 92 0
27 212 0
27 376 0
92 50 0
92 148 0
28 295 0
295 255 0
295 275 0
295 395 0
29 163 0
29 426 0
31 217 0
217 177 0
217 441 0
33 216 0
216 86 0
216 332 0
216 200 0
34 233 0
233 253 0
233 294 0
233 346 0
35 132 0
35 206 0
36 130 0
36 335 0
36 371 0
37 113 0
37 290 0
37 313 0
38 58 0
58 239 0
58 250 0
58 391 0
39 63 0
39 308 0
39 332 0
39 337 0
40 117 0
40 173 0
40 262 0
40 357 0
41 105 0
41 204 0
42 246 0
246 333 0
246 341 0
246 244 0
43 143 0
43 156 0
43 185 0
43 320 0
43 426 0
143 151 0
143 203 0
143 407 0
156 256 0
156 266 0
156 346 0
156 424 0
185 81 0
185 110 0
185 261 0
320 221 0
44 65 0
44 74 0
44 340 0
44 354 0
45 66 0
45 368 0
66 175 0
66 294 0
66 310 0
66 306 0
47 282 0
282 85 0
282 343 0
48 84 0
84 73 0
84 279 0
84 212 0
49 318 0
318 89 0
318 116 0
318 127 0
51 383 0
383 294 0
383 444 0
52 240 0
240 195 0
240 369 0
240 177 0
240 237 0
53 112 0
53 271 0
53 291 0
53 439 0
54 267 0
267 171 0
267 151 0
267 376 0
55 116 0
116 77 0
116 259 0
116 95 0
116 158 0
56 229 0
229 362 0
229 77 0
57 223 0
223 330 0
223 203 0
223 190 0
239 231 0
239 283 0
239 206 0
59 158 0
59 224 0
59 268 0
59 284 0
59 377 0
268 191 0
268 145 0
268 141 0
284 322 0
60 95 0
60 133 0
60 134 0
60 253 0
60 340 0
95 79 0
133 248 0
134 209 0
61 447 0
447 149 0
64 141 0
175 328 0
294 384 0
68 355 0
355 278 0
125 82 0
125 258 0
70 296 0
70 331 0
296 301 0
71 289 0
289 339 0
73 138 0
75 326 0
326 225 0
326 278 0
76 122 0
76 290 0
122 364 0
122 160 0
78 353 0
353 262 0
79 97 0
79 351 0
79 406 0
80 227 0
227 221 0
227 238 0
227 231 0
82 183 0
82 244 0
82 309 0
82 396 0
82 414 0
83 96 0
83 305 0
83 329 0
96 426 0
86 301 0
87 374 0
374 379 0
374 207 0
374 386 0
88 165 0
88 197 0
88 207 0
88 236 0
197 245 0
207 204 0
90 413 0
413 131 0
91 103 0
91 164 0
91 352 0
93 429 0
429 298 0
94 162 0
162 159 0
162 193 0
162 297 0
98 380 0
380 343 0
99 237 0
99 324 0
237 209 0
237 235 0
237 367 0
101 306 0
137 304 0
179 243 0
179 360 0
179 408 0
179 106 0
106 168 0
168 245 0
111 389 0
389 204 0
114 248 0
114 425 0
115 236 0
115 252 0
115 391 0
115 262 0
236 126 0
236 437 0
252 368 0
118 366 0
366 438 0
120 367 0
367 150 0
367 273 0
121 154 0
154 206 0
154 221 0
154 440 0
123 226 0
226 214 0
226 270 0
124 172 0
172 280 0
172 340 0
126 283 0
127 200 0
127 418 0
145 297 0
209 279 0
209 442 0
135 293 0
138 303 0
303 365 0
151 305 0
142 153 0
142 263 0
142 410 0
142 378 0
203 205 0
203 283 0
144 346 0
147 182 0
152 373 0
373 393 0
157 287 0
287 352 0
287 385 0
166 205 0
205 230 0
205 360 0
245 312 0
245 316 0
169 432 0
432 299 0
432 370 0
432 372 0
171 395 0
178 402 0
402 277 0
184 325 0
325 425 0
187 213 0
213 249 0
213 314 0
189 319 0
319 327 0
190 201 0
194 426 0
195 253 0
198 356 0
356 410 0
204 329 0
208 428 0
428 323 0
279 348 0
211 391 0
211 421 0
211 427 0
215 276 0
276 300 0
219 350 0
350 228 0
225 438 0
392 407 0
437 439 0
241 285 0
241 417 0
417 422 0
368 398 0
254 433 0
433 290 0
433 304 0
257 262 0
257 292 0
257 450 0
258 297 0
258 342 0
258 397 0
264 349 0
265 305 0
305 338 0
272 431 0
431 317 0
348 416 0
343 384 0
283 328 0
283 446 0
307 436 0
436 403 0
323 384 0
334 393 0
393 390 0
354 410 0
438 448 0
422 448 0
419 435 0
