327 349 0
1 9 0
1 319 0
9 105 0
2 60 0
2 179 0
60 195 0
60 209 0
60 294 0
60 319 0
60 334 0
3 80 0
3 118 0
3 296 0
3 317 0
80 13 0
118 100 0
118 215 0
118 38 0
4 59 0
4 223 0
4 295 0
4 319 0
59 27 0
59 149 0
59 166 0
59 331 0
223 190 0
5 38 0
5 182 0
5 237 0
5 312 0
38 72 0
38 286 0
182 32 0
182 168 0
182 61 0
6 109 0
109 32 0
109 260 0
7 174 0
7 179 0
174 176 0
174 213 0
8 99 0
8 170 0
8 191 0
99 111 0
191 85 0
191 93 0
191 255 0
191 274 0
191 86 0
105 82 0
105 218 0
105 227 0
10 65 0
10 73 0
10 88 0
10 343 0
65 14 0
65 119 0
65 218 0
73 24 0
11 32 0
32 241 0
32 322 0
12 67 0
12 133 0
67 327 0
13 178 0
13 230 0
13 308 0
230 71 0
230 176 0
15 295 0
295 192 0
295 320 0
16 301 0
16 314 0
17 19 0
18 350 0
350 217 0
350 291 0
350 162 0
20 21 0
20 102 0
20 240 0
20 312 0
20 323 0
21 313 0
102 126 0
102 146 0
22 68 0
22 293 0
68 62 0
68 135 0
68 162 0
68 324 0
23 294 0
24 41 0
24 43 0
41 94 0
41 225 0
41 279 0
41 287 0
25 83 0
25 227 0
83 58 0
83 226 0
26 204 0
204 64 0
28 116 0
29 77 0
29 181 0
29 305 0
29 341 0
77 66 0
77 161 0
77 218 0
181 219 0
181 220 0
181 235 0
30 120 0
30 269 0
30 206 0
31 61 0
31 163 0
31 207 0
61 106 0
61 117 0
61 147 0
61 177 0
61 231 0
33 79 0
79 244 0
79 306 0
79 314 0
34 89 0
89 140 0
89 214 0
89 254 0
89 260 0
35 91 0
36 257 0
36 291 0
257 165 0
257 171 0
257 288 0
37 82 0
82 56 0
82 124 0
82 208 0
82 286 0
72 95 0
39 249 0
39 261 0
39 266 0
39 280 0
39 341 0
249 163 0
249 208 0
249 245 0
249 334 0
40 43 0
40 55 0
40 137 0
40 317 0
43 202 0
42 348 0
348 260 0
44 117 0
44 269 0
44 281 0
44 349 0
117 134 0
269 167 0
269 207 0
269 256 0
45 86 0
86 84 0
86 153 0
86 189 0
86 238 0
46 247 0
46 284 0
47 96 0
47 97 0
47 129 0
47 188 0
48 205 0
205 112 0
49 288 0
50 92 0
50 154 0
50 197 0
50 273 0
92 66 0
92 76 0
51 296 0
296 275 0
296 305 0
296 331 0
52 284 0
284 310 0
53 98 0
53 121 0
121 183 0
54 131 0
131 62 0
57 101 0
101 125 0
58 335 0
149 192 0
195 168 0
195 169 0
195 251 0
209 69 0
209 74 0
106 180 0
177 76 0
62 148 0
62 172 0
62 244 0
148 87 0
148 173 0
172 126 0
63 220 0
220 199 0
119 132 0
119 221 0
119 290 0
119 349 0
66 260 0
70 185 0
185 160 0
71 156 0
71 304 0
71 318 0
71 328 0
74 203 0
75 107 0
75 123 0
75 171 0
75 315 0
75 339 0
123 222 0
76 162 0
76 196 0
76 331 0
78 132 0
132 115 0
244 145 0
81 138 0
138 312 0
85 142 0
85 232 0
85 256 0
85 303 0
189 329 0
87 325 0
90 200 0
200 104 0
93 198 0
93 233 0
93 258 0
126 129 0
103 326 0
326 151 0
326 262 0
104 272 0
218 256 0
218 277 0
227 110 0
227 157 0
180 278 0
108 264 0
264 252 0
260 163 0
113 235 0
235 238 0
235 270 0
235 332 0
114 141 0
114 176 0
114 212 0
176 128 0
176 246 0
215 253 0
290 150 0
290 256 0
122 289 0
289 336 0
289 341 0
222 129 0
222 175 0
127 324 0
128 163 0
128 259 0
128 277 0
130 175 0
130 271 0
175 158 0
175 159 0
133 155 0
133 229 0
136 168 0
168 206 0
137 274 0
137 278 0
312 335 0
139 164 0
139 193 0
139 307 0
164 306 0
144 234 0
144 336 0
234 308 0
234 313 0
145 242 0
152 159 0
158 187 0
160 243 0
243 306 0
161 237 0
161 344 0
213 179 0
246 183 0
219 216 0
184 299 0
299 265 0
299 253 0
186 330 0
194 239 0
239 238 0
239 333 0
210 224 0
210 279 0
256 263 0
228 327 0
327 272 0
308 238 0
236 335 0
306 248 0
334 319 0
286 311 0
293 325 0
325 346 0
325 347 0
319 344 0
