115 119 0
1 14 0
1 62 0
1 77 0
14 30 0
14 43 0
14 52 0
62 45 0
62 84 0
2 6 0
2 32 0
2 46 0
2 88 0
2 90 0
6 59 0
6 110 0
6 120 0
32 9 0
32 82 0
46 36 0
3 26 0
3 31 0
3 58 0
3 73 0
26 81 0
4 24 0
24 44 0
24 51 0
5 18 0
5 81 0
5 112 0
5 114 0
18 25 0
81 109 0
81 25 0
81 30 0
81 56 0
7 69 0
7 76 0
69 74 0
8 9 0
8 106 0
9 39 0
9 101 0
10 41 0
10 48 0
11 34 0
11 55 0
55 64 0
12 28 0
12 56 0
28 92 0
13 50 0
13 95 0
50 38 0
50 65 0
50 103 0
43 70 0
52 19 0
15 23 0
15 40 0
23 77 0
16 76 0
16 90 0
76 70 0
76 92 0
76 100 0
76 51 0
90 57 0
90 68 0
90 47 0
17 36 0
36 27 0
20 67 0
67 109 0
67 117 0
21 75 0
75 85 0
22 91 0
91 99 0
91 108 0
91 110 0
29 53 0
53 65 0
33 47 0
33 78 0
33 79 0
78 110 0
35 71 0
37 89 0
37 94 0
38 70 0
42 49 0
42 77 0
45 70 0
103 61 0
54 66 0
66 86 0
61 118 0
118 80 0
118 111 0
118 119 0
63 93 0
86 101 0
74 108 0
72 112 0
112 96 0
73 87 0
73 119 0
119 99 0
119 110 0
85 77 0
92 102 0
92 114 0
100 80 0
77 83 0
77 104 0
80 116 0
116 107 0
96 115 0
