189 199 0
1 79 0
79 58 0
79 16 0
79 137 0
2 20 0
2 42 0
2 129 0
2 153 0
2 200 0
20 6 0
20 16 0
20 103 0
20 157 0
3 12 0
3 196 0
12 63 0
12 107 0
12 169 0
12 193 0
12 199 0
4 93 0
93 169 0
5 34 0
5 106 0
5 107 0
5 176 0
34 58 0
34 60 0
34 126 0
34 94 0
107 80 0
6 51 0
6 76 0
6 97 0
6 163 0
6 185 0
6 177 0
51 91 0
51 96 0
76 30 0
97 116 0
163 192 0
7 139 0
139 24 0
139 56 0
139 134 0
139 149 0
139 169 0
8 73 0
8 110 0
8 138 0
8 172 0
73 14 0
73 29 0
9 57 0
9 91 0
9 96 0
10 23 0
10 126 0
10 197 0
10 155 0
23 30 0
126 72 0
11 138 0
138 29 0
138 30 0
138 65 0
138 81 0
138 91 0
138 172 0
169 187 0
169 26 0
169 16 0
13 161 0
161 36 0
161 135 0
15 77 0
77 105 0
77 162 0
16 31 0
31 62 0
31 71 0
17 54 0
18 159 0
159 199 0
19 39 0
39 188 0
103 32 0
21 69 0
22 67 0
67 166 0
24 132 0
24 154 0
132 152 0
132 160 0
25 61 0
25 104 0
25 109 0
25 199 0
25 150 0
61 133 0
26 142 0
142 114 0
27 99 0
27 147 0
28 90 0
28 176 0
29 40 0
29 137 0
29 166 0
29 181 0
137 180 0
137 195 0
30 118 0
30 147 0
30 191 0
118 136 0
118 191 0
147 154 0
62 60 0
62 100 0
33 47 0
33 48 0
58 78 0
58 166 0
58 178 0
60 35 0
60 43 0
35 38 0
35 46 0
35 117 0
35 122 0
117 185 0
37 49 0
37 130 0
37 158 0
130 168 0
41 52 0
52 50 0
52 94 0
43 53 0
53 164 0
44 121 0
44 136 0
121 127 0
45 152 0
152 83 0
48 111 0
111 146 0
91 115 0
91 124 0
91 184 0
55 191 0
191 173 0
191 189 0
78 160 0
166 120 0
166 177 0
166 198 0
178 123 0
178 150 0
178 151 0
59 82 0
59 131 0
82 64 0
133 87 0
100 186 0
66 171 0
171 84 0
68 95 0
70 105 0
105 124 0
71 74 0
71 86 0
71 92 0
72 98 0
72 108 0
75 196 0
196 89 0
196 101 0
160 199 0
81 149 0
83 156 0
84 195 0
85 131 0
88 112 0
112 176 0
113 134 0
134 156 0
119 172 0
172 141 0
128 174 0
143 176 0
144 154 0
144 155 0
145 187 0
187 165 0
164 183 0
165 185 0
