476 499 0
1 274 0
274 97 0
274 245 0
274 278 0
274 93 0
274 110 0
2 281 0
281 190 0
281 303 0
3 21 0
3 26 0
3 88 0
3 99 0
3 215 0
21 4 0
21 47 0
21 353 0
21 273 0
26 141 0
26 202 0
26 238 0
88 12 0
88 351 0
88 441 0
88 500 0
99 63 0
99 157 0
99 304 0
4 399 0
5 237 0
5 306 0
5 395 0
5 475 0
306 201 0
6 201 0
201 24 0
7 76 0
7 329 0
7 339 0
7 456 0
76 114 0
76 126 0
76 157 0
76 491 0
8 59 0
8 200 0
8 390 0
8 419 0
59 27 0
59 204 0
200 144 0
9 179 0
179 110 0
179 154 0
10 283 0
283 30 0
283 34 0
283 97 0
11 426 0
426 80 0
426 462 0
426 265 0
426 164 0
12 157 0
12 202 0
12 204 0
12 478 0
202 208 0
13 61 0
13 155 0
13 226 0
13 251 0
61 15 0
61 137 0
61 485 0
226 138 0
226 269 0
14 49 0
14 273 0
14 452 0
14 357 0
15 57 0
15 75 0
15 222 0
15 292 0
75 301 0
75 309 0
75 333 0
75 380 0
75 499 0
16 52 0
16 412 0
52 47 0
52 72 0
52 159 0
17 117 0
17 119 0
17 123 0
17 144 0
17 148 0
117 122 0
119 139 0
119 148 0
119 220 0
119 256 0
144 112 0
144 215 0
18 25 0
18 361 0
18 448 0
18 470 0
25 28 0
25 87 0
25 171 0
25 404 0
25 495 0
361 156 0
361 152 0
361 210 0
448 67 0
19 96 0
96 168 0
96 197 0
96 229 0
96 254 0
96 463 0
20 38 0
20 411 0
38 231 0
38 387 0
47 244 0
353 291 0
353 364 0
22 420 0
22 479 0
23 100 0
23 153 0
100 172 0
100 176 0
100 347 0
100 354 0
100 412 0
171 203 0
171 264 0
171 338 0
171 115 0
27 259 0
27 312 0
27 313 0
27 447 0
259 209 0
29 342 0
29 348 0
29 377 0
29 382 0
29 446 0
342 216 0
342 392 0
348 103 0
377 407 0
31 293 0
293 89 0
293 241 0
293 248 0
32 454 0
454 178 0
454 354 0
33 261 0
261 42 0
35 115 0
115 121 0
115 127 0
36 355 0
36 357 0
355 271 0
355 462 0
37 270 0
37 418 0
270 244 0
231 51 0
39 56 0
39 208 0
39 255 0
56 169 0
56 400 0
56 384 0
40 45 0
40 55 0
40 81 0
40 192 0
40 221 0
55 382 0
192 162 0
192 184 0
41 311 0
311 71 0
311 303 0
42 473 0
43 479 0
479 229 0
44 249 0
44 356 0
44 478 0
44 465 0
46 70 0
46 113 0
46 150 0
46 474 0
113 393 0
48 243 0
243 137 0
50 68 0
50 250 0
50 278 0
50 437 0
250 405 0
250 411 0
51 85 0
85 137 0
85 166 0
85 330 0
53 214 0
214 54 0
214 58 0
214 150 0
54 352 0
60 481 0
481 125 0
481 414 0
481 450 0
62 153 0
62 291 0
153 374 0
153 451 0
63 98 0
63 175 0
63 107 0
64 186 0
186 77 0
186 297 0
65 264 0
66 471 0
471 431 0
471 473 0
69 225 0
225 162 0
72 434 0
434 137 0
434 188 0
434 198 0
73 290 0
290 101 0
74 116 0
74 142 0
74 414 0
74 263 0
126 236 0
126 410 0
126 332 0
78 94 0
78 122 0
78 295 0
79 193 0
79 215 0
193 256 0
193 408 0
82 227 0
227 203 0
83 304 0
304 91 0
304 205 0
84 143 0
143 272 0
143 381 0
143 279 0
137 472 0
86 151 0
151 135 0
151 381 0
151 247 0
89 106 0
89 275 0
89 325 0
89 470 0
106 219 0
106 240 0
106 445 0
106 449 0
275 341 0
275 447 0
275 477 0
90 428 0
428 276 0
92 167 0
92 180 0
92 292 0
92 262 0
167 215 0
180 476 0
93 211 0
93 477 0
211 245 0
95 488 0
488 388 0
97 235 0
97 411 0
235 187 0
176 462 0
347 217 0
347 233 0
347 266 0
102 160 0
160 218 0
160 335 0
160 346 0
160 429 0
160 414 0
103 132 0
132 118 0
132 224 0
132 241 0
132 316 0
132 345 0
132 490 0
104 486 0
486 263 0
486 213 0
105 108 0
105 262 0
105 340 0
105 463 0
219 112 0
107 326 0
109 491 0
491 497 0
491 110 0
111 376 0
376 161 0
112 124 0
112 385 0
124 253 0
124 266 0
121 459 0
118 416 0
139 207 0
139 373 0
139 403 0
148 236 0
148 319 0
148 475 0
220 267 0
120 292 0
292 195 0
253 421 0
253 469 0
128 174 0
128 277 0
128 315 0
129 466 0
466 289 0
466 381 0
466 474 0
130 284 0
284 183 0
131 164 0
164 308 0
164 318 0
164 383 0
164 487 0
224 150 0
224 266 0
224 307 0
224 442 0
241 416 0
133 209 0
133 280 0
133 322 0
209 338 0
134 162 0
162 431 0
136 331 0
136 401 0
331 337 0
140 389 0
389 302 0
389 349 0
389 382 0
215 344 0
215 371 0
145 239 0
145 302 0
145 320 0
145 440 0
302 358 0
302 396 0
146 255 0
255 181 0
255 285 0
255 386 0
147 365 0
365 203 0
365 487 0
149 196 0
149 436 0
150 337 0
152 257 0
374 234 0
374 323 0
451 170 0
158 496 0
496 165 0
159 230 0
230 298 0
335 429 0
163 286 0
286 288 0
286 436 0
383 254 0
383 317 0
383 367 0
383 391 0
173 325 0
325 433 0
325 460 0
177 436 0
436 223 0
182 246 0
182 279 0
246 300 0
246 444 0
185 332 0
189 464 0
191 409 0
409 252 0
409 397 0
194 405 0
199 343 0
343 206 0
343 327 0
204 444 0
206 399 0
338 254 0
338 452 0
210 490 0
212 280 0
212 382 0
280 294 0
280 340 0
213 460 0
216 438 0
221 222 0
222 296 0
222 425 0
266 354 0
266 485 0
228 251 0
251 324 0
251 489 0
232 421 0
416 336 0
242 362 0
362 402 0
244 457 0
244 498 0
247 360 0
248 446 0
258 375 0
375 378 0
265 299 0
354 417 0
485 384 0
268 358 0
303 359 0
282 487 0
487 396 0
287 415 0
415 368 0
291 435 0
396 483 0
359 363 0
359 414 0
314 456 0
317 440 0
321 369 0
327 399 0
328 459 0
459 455 0
459 478 0
417 370 0
417 394 0
363 470 0
370 465 0
483 418 0
397 450 0
399 422 0
418 439 0
430 467 0
467 443 0
476 484 0
