339 349 0
1 239 0
239 91 0
239 147 0
239 258 0
2 145 0
145 74 0
145 297 0
145 304 0
3 97 0
3 102 0
3 111 0
3 149 0
97 342 0
4 150 0
150 129 0
150 283 0
5 45 0
5 51 0
5 182 0
5 217 0
51 15 0
51 271 0
51 287 0
51 311 0
51 323 0
6 330 0
330 27 0
7 255 0
255 49 0
255 72 0
255 247 0
8 14 0
8 164 0
8 169 0
8 318 0
14 101 0
14 117 0
14 177 0
14 230 0
14 284 0
9 75 0
75 31 0
75 113 0
75 213 0
10 43 0
10 231 0
10 347 0
10 268 0
43 17 0
43 26 0
231 108 0
11 89 0
89 20 0
89 144 0
12 249 0
249 72 0
249 104 0
13 224 0
224 245 0
101 62 0
101 27 0
117 234 0
117 235 0
177 154 0
15 47 0
15 313 0
15 193 0
16 186 0
16 204 0
16 331 0
16 209 0
17 93 0
17 209 0
17 250 0
17 337 0
93 262 0
18 136 0
136 131 0
136 205 0
19 70 0
19 338 0
70 149 0
70 323 0
70 179 0
20 96 0
20 157 0
96 46 0
96 180 0
96 345 0
21 257 0
257 44 0
257 139 0
22 175 0
175 80 0
175 226 0
175 60 0
23 266 0
266 272 0
24 305 0
305 53 0
25 42 0
25 114 0
25 218 0
25 233 0
25 342 0
25 295 0
114 317 0
233 126 0
233 66 0
26 60 0
26 281 0
60 66 0
60 157 0
60 174 0
60 322 0
281 284 0
28 287 0
287 296 0
29 68 0
68 76 0
68 178 0
30 270 0
270 105 0
270 279 0
270 315 0
270 32 0
270 78 0
31 65 0
31 126 0
65 162 0
65 168 0
65 333 0
32 121 0
32 263 0
121 87 0
121 210 0
263 57 0
263 118 0
263 185 0
33 108 0
108 58 0
108 152 0
108 216 0
34 346 0
346 200 0
346 274 0
346 152 0
346 63 0
346 153 0
35 98 0
36 242 0
242 110 0
37 302 0
302 120 0
38 109 0
38 258 0
109 276 0
109 319 0
109 328 0
39 78 0
39 103 0
39 215 0
39 219 0
39 278 0
39 335 0
40 207 0
40 251 0
40 277 0
40 289 0
40 339 0
251 154 0
41 88 0
88 58 0
88 208 0
88 211 0
88 236 0
44 222 0
44 284 0
222 191 0
48 62 0
48 320 0
62 59 0
62 87 0
62 99 0
62 292 0
62 350 0
50 223 0
223 87 0
52 146 0
52 349 0
146 212 0
54 56 0
54 132 0
56 106 0
56 123 0
56 141 0
56 156 0
56 193 0
56 238 0
56 261 0
55 163 0
163 183 0
163 195 0
123 119 0
238 94 0
238 344 0
58 126 0
59 87 0
59 206 0
59 243 0
59 316 0
66 128 0
66 188 0
66 303 0
157 210 0
157 297 0
174 265 0
61 63 0
63 227 0
63 267 0
63 341 0
267 107 0
64 343 0
343 202 0
343 153 0
343 105 0
162 334 0
128 322 0
128 182 0
67 94 0
94 237 0
94 258 0
69 220 0
220 83 0
220 149 0
220 173 0
149 168 0
149 311 0
71 131 0
131 189 0
72 95 0
72 135 0
95 194 0
95 197 0
95 325 0
135 90 0
135 116 0
135 214 0
135 294 0
73 299 0
73 327 0
299 228 0
299 261 0
77 261 0
77 306 0
261 262 0
261 275 0
79 349 0
81 278 0
278 127 0
278 240 0
278 264 0
278 331 0
82 241 0
241 143 0
241 176 0
83 313 0
84 154 0
154 199 0
154 254 0
85 269 0
269 317 0
86 171 0
171 140 0
171 155 0
144 247 0
92 232 0
232 130 0
232 148 0
100 345 0
107 244 0
107 256 0
107 258 0
244 137 0
244 112 0
256 124 0
256 158 0
256 126 0
276 311 0
276 124 0
112 138 0
112 151 0
112 260 0
151 155 0
115 137 0
137 134 0
137 285 0
137 280 0
119 172 0
119 195 0
172 132 0
172 295 0
122 228 0
124 196 0
196 126 0
196 309 0
125 133 0
130 290 0
142 201 0
201 159 0
147 229 0
147 314 0
229 165 0
229 198 0
229 338 0
168 280 0
311 153 0
153 320 0
320 253 0
210 158 0
160 312 0
160 329 0
161 181 0
161 246 0
170 340 0
340 307 0
179 291 0
192 326 0
326 236 0
309 293 0
203 212 0
221 327 0
225 230 0
225 268 0
230 298 0
230 314 0
248 252 0
248 288 0
252 341 0
258 308 0
308 324 0
259 273 0
259 282 0
282 334 0
264 350 0
284 335 0
334 336 0
300 313 0
333 336 0
