446 449 0
1 355 0
355 224 0
2 98 0
98 70 0
98 282 0
98 435 0
3 128 0
128 13 0
128 116 0
128 308 0
128 351 0
4 297 0
297 56 0
297 120 0
297 44 0
5 76 0
5 258 0
5 339 0
5 347 0
76 219 0
258 112 0
258 300 0
258 171 0
258 261 0
6 147 0
147 211 0
147 255 0
147 176 0
7 214 0
214 247 0
214 266 0
214 337 0
8 291 0
8 430 0
291 287 0
9 116 0
116 209 0
116 396 0
10 343 0
343 108 0
343 165 0
343 328 0
11 81 0
81 247 0
81 446 0
81 436 0
12 183 0
183 157 0
183 422 0
183 361 0
13 161 0
14 110 0
110 160 0
110 167 0
110 387 0
15 191 0
191 91 0
191 293 0
191 211 0
191 445 0
16 232 0
232 169 0
232 277 0
232 421 0
232 223 0
17 75 0
17 252 0
75 348 0
18 22 0
18 159 0
22 85 0
19 146 0
19 272 0
146 136 0
146 300 0
146 315 0
20 442 0
442 417 0
21 249 0
249 30 0
249 201 0
249 143 0
23 438 0
438 186 0
24 173 0
173 377 0
173 125 0
173 411 0
25 125 0
25 271 0
125 417 0
26 121 0
121 31 0
121 216 0
121 365 0
27 223 0
27 296 0
27 334 0
27 374 0
27 447 0
28 219 0
28 283 0
28 342 0
219 285 0
219 135 0
283 242 0
283 424 0
283 427 0
283 244 0
29 263 0
263 242 0
263 254 0
263 380 0
263 383 0
30 119 0
30 378 0
119 44 0
119 285 0
31 202 0
31 270 0
31 295 0
31 321 0
202 315 0
202 342 0
202 375 0
202 318 0
270 61 0
270 316 0
270 338 0
32 366 0
366 164 0
366 108 0
366 308 0
33 59 0
59 44 0
59 320 0
59 372 0
34 351 0
351 401 0
35 304 0
304 132 0
304 330 0
36 405 0
405 288 0
37 196 0
196 175 0
196 239 0
38 409 0
38 437 0
409 197 0
409 70 0
409 236 0
39 43 0
39 83 0
39 185 0
39 423 0
39 426 0
43 299 0
43 345 0
43 393 0
83 90 0
83 233 0
40 55 0
40 115 0
40 212 0
40 231 0
40 392 0
212 87 0
212 243 0
212 346 0
212 400 0
41 353 0
353 145 0
353 226 0
353 117 0
42 231 0
42 253 0
42 325 0
42 388 0
231 267 0
231 171 0
299 234 0
299 332 0
299 360 0
44 272 0
45 176 0
45 272 0
46 416 0
416 450 0
47 149 0
149 162 0
149 420 0
149 204 0
48 326 0
326 118 0
326 157 0
326 238 0
49 399 0
399 80 0
399 138 0
399 443 0
50 106 0
50 137 0
50 260 0
50 427 0
51 184 0
52 215 0
53 391 0
391 407 0
54 159 0
159 331 0
159 375 0
57 79 0
57 252 0
57 394 0
79 58 0
79 278 0
79 91 0
252 88 0
252 371 0
60 161 0
161 318 0
161 370 0
62 414 0
414 240 0
63 103 0
64 123 0
65 306 0
306 77 0
306 95 0
306 286 0
66 310 0
310 336 0
67 394 0
394 68 0
394 276 0
69 431 0
431 182 0
70 327 0
327 262 0
71 244 0
244 95 0
244 213 0
244 250 0
72 281 0
281 167 0
281 168 0
281 319 0
73 93 0
93 190 0
93 292 0
74 329 0
329 104 0
78 267 0
247 241 0
82 153 0
153 389 0
153 280 0
84 259 0
84 298 0
84 425 0
84 309 0
85 205 0
85 375 0
85 449 0
86 210 0
210 117 0
210 189 0
210 203 0
89 112 0
112 359 0
112 413 0
90 122 0
90 317 0
90 415 0
122 131 0
122 170 0
122 284 0
92 313 0
313 113 0
313 262 0
313 373 0
94 139 0
94 167 0
94 174 0
94 280 0
139 102 0
95 117 0
95 170 0
95 309 0
117 109 0
117 348 0
170 342 0
170 370 0
96 194 0
96 265 0
96 322 0
96 424 0
97 369 0
369 127 0
369 133 0
369 264 0
99 228 0
99 242 0
99 301 0
100 345 0
345 428 0
101 133 0
133 256 0
133 432 0
133 384 0
102 363 0
363 217 0
363 221 0
105 284 0
284 237 0
284 311 0
107 323 0
323 151 0
108 171 0
108 385 0
171 135 0
109 135 0
109 354 0
109 421 0
109 447 0
135 393 0
111 418 0
418 130 0
418 379 0
114 134 0
134 142 0
134 294 0
134 346 0
131 172 0
131 195 0
131 289 0
124 154 0
124 225 0
124 241 0
124 421 0
124 269 0
241 144 0
241 248 0
241 321 0
126 408 0
408 357 0
129 163 0
129 330 0
129 439 0
129 444 0
330 229 0
142 374 0
140 352 0
352 279 0
141 211 0
141 362 0
141 368 0
141 395 0
141 404 0
211 188 0
368 198 0
368 246 0
368 419 0
143 360 0
148 261 0
261 257 0
261 364 0
162 387 0
150 348 0
348 340 0
152 434 0
434 356 0
155 179 0
179 432 0
156 274 0
274 268 0
274 382 0
274 432 0
157 188 0
157 272 0
157 374 0
188 303 0
188 381 0
188 433 0
272 199 0
272 341 0
158 389 0
389 220 0
389 379 0
166 378 0
378 324 0
378 403 0
177 301 0
177 336 0
301 242 0
301 350 0
178 275 0
178 344 0
178 367 0
432 349 0
180 386 0
386 181 0
386 302 0
386 420 0
187 319 0
189 398 0
192 206 0
192 229 0
192 262 0
192 441 0
193 235 0
193 290 0
193 410 0
193 420 0
200 251 0
251 346 0
251 402 0
251 440 0
204 413 0
207 295 0
295 314 0
208 385 0
385 233 0
385 273 0
218 305 0
305 307 0
305 370 0
305 398 0
285 406 0
222 312 0
222 333 0
222 397 0
222 427 0
312 372 0
227 271 0
271 245 0
271 447 0
230 436 0
238 412 0
346 349 0
254 420 0
254 425 0
269 370 0
406 411 0
286 376 0
328 335 0
347 421 0
361 384 0
