242 249 0
1 230 0
230 4 0
230 21 0
230 62 0
230 123 0
2 185 0
185 154 0
185 173 0
3 34 0
34 24 0
34 193 0
34 28 0
5 32 0
32 161 0
32 186 0
32 139 0
32 236 0
6 220 0
220 63 0
7 131 0
131 108 0
131 165 0
8 59 0
8 82 0
8 120 0
8 234 0
59 23 0
59 47 0
59 58 0
59 197 0
82 28 0
82 192 0
9 102 0
9 189 0
9 204 0
189 76 0
189 86 0
189 90 0
10 12 0
10 180 0
10 203 0
10 182 0
12 62 0
11 36 0
11 155 0
11 163 0
11 198 0
11 212 0
36 152 0
155 99 0
163 149 0
163 176 0
163 48 0
163 119 0
13 49 0
49 14 0
49 112 0
49 101 0
49 207 0
15 20 0
20 43 0
20 44 0
20 142 0
16 168 0
168 226 0
17 174 0
174 215 0
174 43 0
174 217 0
18 135 0
18 188 0
19 127 0
19 210 0
127 52 0
127 136 0
43 146 0
22 99 0
22 104 0
23 87 0
23 138 0
23 141 0
23 172 0
23 205 0
87 88 0
87 167 0
87 200 0
87 213 0
87 219 0
138 116 0
138 150 0
141 54 0
172 47 0
25 139 0
25 144 0
25 147 0
25 184 0
139 213 0
144 107 0
26 153 0
26 236 0
26 179 0
153 42 0
153 84 0
153 133 0
153 91 0
27 51 0
27 62 0
27 113 0
62 197 0
62 248 0
29 188 0
188 88 0
188 42 0
30 176 0
176 157 0
31 60 0
31 115 0
31 150 0
161 98 0
161 114 0
33 73 0
73 140 0
73 193 0
73 148 0
35 53 0
37 58 0
58 55 0
58 72 0
58 124 0
38 56 0
38 80 0
38 101 0
38 143 0
38 196 0
38 198 0
56 129 0
101 48 0
143 70 0
143 118 0
143 126 0
39 205 0
205 105 0
205 121 0
40 109 0
40 117 0
40 200 0
40 228 0
117 46 0
41 77 0
41 90 0
41 134 0
41 156 0
90 145 0
146 192 0
45 170 0
170 229 0
46 50 0
46 209 0
46 187 0
47 94 0
47 160 0
48 88 0
48 103 0
48 167 0
103 76 0
103 152 0
57 149 0
57 213 0
72 244 0
61 218 0
218 89 0
218 208 0
197 203 0
197 239 0
197 76 0
248 199 0
64 166 0
65 130 0
130 75 0
66 222 0
222 175 0
222 238 0
67 107 0
67 200 0
107 201 0
107 159 0
68 145 0
68 171 0
145 95 0
145 164 0
69 162 0
162 203 0
71 93 0
93 78 0
93 150 0
93 247 0
140 164 0
74 97 0
74 190 0
74 208 0
74 242 0
79 86 0
79 132 0
79 171 0
86 83 0
86 179 0
132 192 0
132 193 0
81 122 0
122 119 0
85 227 0
167 98 0
200 223 0
91 104 0
91 128 0
104 100 0
104 231 0
128 183 0
92 125 0
92 210 0
96 221 0
221 129 0
98 113 0
113 148 0
106 232 0
232 110 0
111 121 0
114 151 0
114 178 0
120 193 0
123 158 0
158 240 0
137 152 0
152 171 0
171 181 0
156 241 0
159 187 0
203 194 0
169 206 0
206 216 0
177 250 0
250 208 0
182 244 0
239 240 0
202 240 0
240 246 0
211 233 0
211 235 0
237 247 0
