112 119 0
1 8 0
8 15 0
8 64 0
8 65 0
8 82 0
8 109 0
2 31 0
2 74 0
2 82 0
31 94 0
3 67 0
67 17 0
67 58 0
67 19 0
67 74 0
4 19 0
4 74 0
4 96 0
4 95 0
19 120 0
5 14 0
5 35 0
5 46 0
5 49 0
5 94 0
5 103 0
5 106 0
14 60 0
14 64 0
14 65 0
14 79 0
35 21 0
35 83 0
46 57 0
6 117 0
117 116 0
117 17 0
7 20 0
7 41 0
7 106 0
7 109 0
7 114 0
20 23 0
106 10 0
65 85 0
9 93 0
9 96 0
10 84 0
10 88 0
84 12 0
11 120 0
120 91 0
12 13 0
12 63 0
12 73 0
12 78 0
13 28 0
13 81 0
63 73 0
73 52 0
60 72 0
16 43 0
43 17 0
43 66 0
17 71 0
17 78 0
71 90 0
18 51 0
18 82 0
51 27 0
21 23 0
21 85 0
23 30 0
23 40 0
23 58 0
22 50 0
50 68 0
40 109 0
24 53 0
53 29 0
53 34 0
25 69 0
25 103 0
25 105 0
103 48 0
26 32 0
26 45 0
45 37 0
33 101 0
101 36 0
101 72 0
83 78 0
38 105 0
105 99 0
39 96 0
96 90 0
42 57 0
42 61 0
44 55 0
44 90 0
44 95 0
47 110 0
110 48 0
110 80 0
56 77 0
56 92 0
59 98 0
62 82 0
70 111 0
75 113 0
113 81 0
113 108 0
78 100 0
78 112 0
78 118 0
81 92 0
92 109 0
86 114 0
115 119 0
