150 159 0
1 105 0
1 143 0
105 48 0
105 62 0
2 5 0
2 29 0
2 73 0
2 101 0
2 129 0
2 155 0
5 103 0
5 144 0
73 37 0
73 48 0
73 98 0
3 52 0
3 54 0
3 116 0
3 131 0
4 36 0
6 142 0
142 84 0
7 89 0
7 146 0
89 9 0
8 146 0
146 28 0
146 127 0
9 44 0
9 114 0
9 120 0
9 122 0
10 23 0
10 78 0
11 56 0
11 57 0
11 124 0
56 143 0
12 16 0
12 42 0
12 45 0
12 48 0
16 69 0
16 74 0
16 126 0
16 85 0
45 107 0
13 78 0
78 137 0
14 34 0
14 51 0
14 147 0
14 157 0
34 18 0
34 38 0
34 39 0
51 25 0
51 30 0
51 48 0
51 80 0
15 31 0
15 65 0
15 67 0
15 136 0
31 20 0
31 82 0
67 72 0
67 93 0
74 49 0
17 109 0
17 118 0
109 25 0
18 26 0
18 41 0
18 91 0
18 157 0
26 110 0
19 53 0
19 60 0
19 153 0
19 154 0
19 157 0
19 158 0
53 25 0
53 71 0
60 20 0
60 130 0
21 77 0
21 87 0
77 63 0
77 79 0
22 50 0
50 58 0
24 98 0
24 152 0
98 47 0
25 59 0
25 64 0
25 83 0
64 40 0
64 55 0
83 90 0
83 92 0
27 80 0
27 85 0
27 103 0
27 104 0
80 75 0
103 108 0
103 124 0
32 143 0
33 49 0
49 75 0
38 87 0
39 35 0
39 43 0
37 148 0
87 90 0
87 99 0
87 100 0
43 104 0
104 86 0
104 158 0
107 126 0
46 95 0
48 131 0
75 90 0
57 132 0
57 135 0
57 157 0
57 159 0
135 156 0
61 93 0
93 70 0
66 118 0
118 140 0
118 159 0
71 149 0
149 117 0
149 122 0
76 133 0
137 88 0
81 88 0
88 121 0
121 122 0
96 113 0
96 115 0
113 116 0
97 125 0
125 102 0
110 151 0
151 112 0
111 130 0
130 134 0
140 150 0
122 138 0
126 136 0
144 147 0
144 152 0
