178 179 0
1 104 0
104 7 0
104 79 0
104 113 0
2 10 0
2 82 0
2 94 0
2 123 0
2 127 0
2 180 0
10 158 0
82 8 0
82 14 0
82 24 0
82 119 0
94 93 0
94 149 0
94 40 0
94 106 0
3 61 0
61 115 0
61 154 0
61 162 0
4 102 0
102 53 0
102 100 0
102 166 0
102 127 0
5 107 0
5 108 0
5 124 0
5 131 0
107 158 0
6 90 0
6 128 0
6 164 0
90 15 0
90 168 0
90 114 0
90 137 0
128 18 0
128 89 0
128 103 0
8 48 0
8 101 0
8 111 0
8 126 0
9 25 0
25 28 0
25 41 0
25 165 0
11 158 0
158 164 0
158 52 0
158 120 0
12 20 0
20 70 0
20 79 0
20 130 0
13 64 0
64 56 0
64 146 0
64 23 0
14 63 0
14 81 0
14 85 0
14 171 0
63 28 0
63 67 0
63 71 0
63 179 0
16 19 0
16 66 0
16 68 0
16 147 0
17 137 0
137 30 0
137 80 0
18 23 0
18 57 0
18 133 0
18 161 0
21 32 0
32 68 0
32 88 0
32 159 0
22 114 0
114 37 0
114 136 0
24 35 0
24 96 0
24 152 0
35 52 0
28 95 0
28 170 0
26 39 0
39 34 0
39 75 0
39 68 0
27 55 0
27 99 0
29 40 0
40 72 0
40 132 0
31 168 0
168 112 0
168 118 0
68 125 0
33 177 0
177 60 0
36 83 0
83 47 0
83 50 0
38 58 0
58 127 0
58 151 0
58 174 0
72 117 0
42 106 0
106 77 0
106 172 0
43 87 0
87 73 0
87 121 0
87 148 0
44 173 0
173 84 0
173 98 0
173 121 0
45 126 0
45 140 0
45 170 0
45 176 0
170 146 0
170 162 0
170 62 0
46 103 0
103 122 0
103 156 0
49 153 0
153 69 0
51 116 0
116 79 0
116 143 0
116 167 0
52 139 0
139 78 0
54 76 0
54 110 0
54 121 0
127 92 0
59 95 0
95 119 0
95 145 0
115 175 0
62 125 0
125 121 0
125 79 0
65 92 0
92 155 0
92 163 0
73 148 0
73 169 0
74 141 0
141 120 0
86 149 0
89 105 0
89 117 0
89 138 0
91 129 0
129 150 0
129 160 0
97 109 0
109 164 0
164 146 0
134 178 0
134 180 0
178 144 0
157 166 0
