250 249 0
1 61 0
61 80 0
61 134 0
61 214 0
2 131 0
131 81 0
131 136 0
131 182 0
3 44 0
3 59 0
3 86 0
3 143 0
44 5 0
44 179 0
44 239 0
59 214 0
59 223 0
59 226 0
4 38 0
4 43 0
4 224 0
4 226 0
38 31 0
38 181 0
38 210 0
43 92 0
43 221 0
6 209 0
209 66 0
209 104 0
209 230 0
7 52 0
7 152 0
7 88 0
52 198 0
8 235 0
235 57 0
235 215 0
235 182 0
9 86 0
86 112 0
86 229 0
86 247 0
10 37 0
10 40 0
10 48 0
10 189 0
40 71 0
40 106 0
40 186 0
40 218 0
11 142 0
11 193 0
11 227 0
11 230 0
12 110 0
110 79 0
110 91 0
110 127 0
110 129 0
13 120 0
13 163 0
13 182 0
13 242 0
13 245 0
120 148 0
120 175 0
120 188 0
163 96 0
163 130 0
163 82 0
182 198 0
182 206 0
14 249 0
249 149 0
15 77 0
77 56 0
77 60 0
77 167 0
16 71 0
71 168 0
71 204 0
17 62 0
62 18 0
62 139 0
62 95 0
18 141 0
18 161 0
141 60 0
141 101 0
141 230 0
19 161 0
161 160 0
161 200 0
161 63 0
161 31 0
20 25 0
20 206 0
20 212 0
25 33 0
25 211 0
25 126 0
206 90 0
21 152 0
152 158 0
152 172 0
22 114 0
22 243 0
114 102 0
114 125 0
23 181 0
181 68 0
181 140 0
24 177 0
177 29 0
177 87 0
26 166 0
27 109 0
27 132 0
109 97 0
109 144 0
109 155 0
28 107 0
107 119 0
107 180 0
30 197 0
197 72 0
31 69 0
31 113 0
31 146 0
32 133 0
133 135 0
133 214 0
133 186 0
34 138 0
138 65 0
138 130 0
138 192 0
35 219 0
219 123 0
219 159 0
219 90 0
219 72 0
36 117 0
117 75 0
117 85 0
117 158 0
39 187 0
187 100 0
187 230 0
187 233 0
106 82 0
106 158 0
41 53 0
53 78 0
53 91 0
53 234 0
42 242 0
242 89 0
242 111 0
92 137 0
92 207 0
92 232 0
45 217 0
217 51 0
217 55 0
217 223 0
46 244 0
244 154 0
47 98 0
47 178 0
47 199 0
49 169 0
169 50 0
169 96 0
169 203 0
54 183 0
183 90 0
183 164 0
183 213 0
58 205 0
205 157 0
60 115 0
60 170 0
115 173 0
115 222 0
115 250 0
63 83 0
83 82 0
83 212 0
64 124 0
124 84 0
124 130 0
124 202 0
124 204 0
67 108 0
108 151 0
108 165 0
70 218 0
70 221 0
218 190 0
218 191 0
218 238 0
73 210 0
210 162 0
210 246 0
74 96 0
74 128 0
74 147 0
74 156 0
76 225 0
225 241 0
225 247 0
82 91 0
82 101 0
229 174 0
88 212 0
212 116 0
90 248 0
93 237 0
237 153 0
94 132 0
94 176 0
94 224 0
132 158 0
132 184 0
132 196 0
95 231 0
231 248 0
231 171 0
99 170 0
170 185 0
170 236 0
103 143 0
143 118 0
143 171 0
105 226 0
121 198 0
198 145 0
122 248 0
248 220 0
126 129 0
150 245 0
245 216 0
245 240 0
194 228 0
228 201 0
195 221 0
221 208 0
