468 499 0
1 100 0
100 167 0
100 202 0
100 452 0
100 470 0
100 464 0
2 266 0
2 381 0
3 271 0
3 348 0
271 258 0
271 282 0
4 158 0
4 305 0
4 434 0
4 409 0
158 313 0
305 360 0
5 144 0
5 205 0
5 336 0
5 341 0
5 499 0
5 395 0
144 19 0
205 8 0
205 62 0
205 101 0
205 172 0
336 299 0
336 330 0
336 39 0
336 485 0
341 484 0
341 24 0
6 388 0
388 328 0
388 335 0
7 184 0
184 272 0
184 304 0
8 91 0
8 490 0
9 129 0
129 86 0
129 253 0
129 307 0
10 46 0
10 445 0
46 40 0
46 231 0
11 178 0
178 127 0
178 139 0
178 166 0
178 191 0
178 490 0
12 99 0
99 402 0
99 425 0
13 17 0
13 28 0
13 260 0
13 329 0
13 392 0
28 162 0
28 220 0
28 248 0
28 441 0
28 485 0
14 89 0
14 246 0
14 259 0
14 486 0
89 258 0
89 357 0
246 81 0
246 54 0
246 379 0
15 101 0
15 123 0
15 294 0
15 335 0
15 349 0
101 115 0
101 199 0
101 302 0
294 127 0
294 401 0
294 119 0
294 490 0
16 57 0
18 48 0
18 402 0
48 80 0
48 380 0
48 88 0
19 92 0
19 331 0
19 498 0
92 42 0
20 297 0
297 254 0
21 104 0
21 284 0
21 365 0
21 413 0
104 373 0
22 141 0
22 145 0
22 301 0
22 479 0
22 489 0
145 60 0
301 103 0
23 218 0
23 296 0
23 338 0
23 479 0
296 36 0
24 161 0
24 183 0
24 280 0
24 470 0
161 134 0
25 430 0
25 434 0
25 448 0
25 495 0
430 253 0
434 444 0
434 445 0
434 230 0
26 324 0
27 441 0
441 423 0
441 70 0
162 34 0
162 45 0
162 216 0
220 208 0
248 38 0
248 236 0
29 61 0
29 69 0
29 215 0
29 272 0
29 410 0
29 464 0
69 44 0
30 389 0
389 173 0
389 431 0
31 79 0
31 124 0
31 203 0
31 427 0
31 444 0
79 53 0
79 105 0
79 227 0
124 181 0
124 192 0
124 259 0
203 49 0
32 366 0
366 325 0
33 110 0
110 58 0
110 492 0
110 482 0
34 56 0
34 190 0
34 300 0
34 357 0
34 359 0
56 469 0
56 423 0
300 395 0
35 200 0
35 314 0
200 140 0
200 228 0
36 238 0
36 357 0
36 368 0
357 121 0
37 40 0
37 469 0
40 316 0
40 333 0
40 383 0
39 60 0
39 166 0
60 355 0
60 381 0
333 422 0
333 130 0
41 310 0
41 323 0
41 358 0
41 459 0
42 243 0
42 445 0
43 386 0
386 261 0
386 195 0
44 109 0
44 170 0
44 198 0
44 254 0
44 411 0
170 415 0
198 81 0
198 197 0
198 318 0
254 142 0
45 113 0
45 163 0
45 259 0
45 285 0
45 290 0
45 485 0
113 177 0
113 326 0
259 147 0
259 338 0
47 147 0
47 328 0
47 348 0
47 498 0
328 221 0
328 71 0
80 306 0
80 49 0
50 87 0
87 151 0
87 497 0
87 204 0
51 72 0
51 319 0
51 365 0
51 454 0
52 440 0
440 244 0
53 115 0
53 397 0
54 149 0
54 202 0
54 358 0
149 98 0
202 126 0
55 338 0
338 375 0
338 419 0
58 174 0
58 229 0
58 400 0
174 94 0
174 275 0
229 214 0
229 298 0
59 425 0
425 417 0
425 450 0
425 65 0
63 378 0
378 326 0
378 451 0
378 192 0
64 121 0
64 226 0
121 134 0
121 337 0
121 431 0
65 70 0
65 385 0
66 283 0
283 431 0
67 154 0
67 185 0
67 255 0
67 277 0
67 484 0
255 231 0
255 232 0
68 318 0
71 137 0
71 210 0
71 360 0
210 90 0
73 233 0
73 399 0
73 442 0
233 348 0
233 369 0
399 226 0
74 84 0
84 351 0
84 375 0
84 450 0
75 469 0
469 350 0
76 278 0
278 118 0
77 98 0
77 427 0
98 96 0
98 292 0
98 304 0
78 112 0
112 111 0
112 412 0
227 85 0
81 362 0
81 380 0
82 224 0
224 257 0
83 256 0
256 223 0
85 313 0
85 344 0
85 407 0
86 157 0
86 212 0
86 250 0
86 380 0
86 419 0
212 498 0
151 391 0
88 201 0
201 136 0
201 412 0
258 418 0
90 168 0
90 442 0
93 127 0
93 410 0
127 327 0
94 435 0
94 482 0
95 182 0
95 216 0
95 268 0
95 342 0
95 343 0
268 117 0
268 159 0
97 394 0
394 153 0
115 160 0
115 487 0
199 156 0
199 347 0
102 321 0
321 106 0
103 131 0
131 330 0
107 249 0
249 138 0
249 148 0
108 406 0
406 239 0
111 179 0
111 326 0
111 433 0
179 400 0
177 187 0
177 242 0
114 476 0
476 240 0
476 286 0
116 456 0
116 494 0
456 251 0
456 262 0
119 165 0
119 180 0
119 235 0
119 371 0
235 500 0
120 400 0
400 363 0
400 332 0
122 276 0
122 444 0
276 362 0
181 463 0
125 403 0
125 453 0
403 340 0
126 189 0
126 274 0
126 428 0
128 472 0
472 213 0
130 186 0
130 196 0
132 225 0
132 237 0
132 273 0
133 195 0
135 381 0
381 362 0
140 329 0
143 375 0
143 420 0
146 289 0
146 303 0
289 188 0
303 376 0
150 299 0
299 265 0
299 293 0
391 169 0
152 431 0
431 312 0
155 496 0
496 211 0
496 245 0
164 361 0
361 193 0
171 432 0
432 207 0
432 346 0
175 439 0
439 263 0
439 402 0
439 322 0
176 377 0
176 396 0
187 230 0
187 242 0
194 209 0
194 348 0
194 437 0
209 262 0
348 317 0
197 446 0
197 461 0
204 332 0
206 457 0
457 467 0
211 486 0
486 368 0
486 444 0
217 219 0
217 311 0
217 365 0
311 427 0
221 353 0
222 468 0
468 335 0
468 436 0
369 459 0
236 444 0
241 317 0
247 252 0
247 356 0
418 288 0
418 322 0
263 467 0
264 465 0
269 416 0
416 398 0
270 427 0
282 479 0
279 445 0
281 442 0
442 320 0
442 329 0
287 291 0
287 385 0
401 479 0
309 345 0
345 380 0
345 397 0
314 405 0
314 498 0
405 426 0
325 393 0
325 492 0
393 390 0
329 422 0
340 462 0
340 475 0
484 485 0
363 470 0
364 495 0
371 493 0
374 382 0
382 417 0
379 470 0
470 438 0
402 491 0
408 477 0
477 455 0
409 435 0
410 458 0
