135 139 0
1 78 0
78 8 0
78 52 0
2 139 0
139 115 0
139 138 0
139 29 0
3 51 0
3 101 0
3 106 0
3 119 0
51 54 0
51 134 0
51 127 0
101 133 0
4 55 0
4 73 0
55 53 0
55 98 0
55 117 0
5 9 0
9 18 0
9 26 0
9 28 0
9 121 0
6 25 0
6 112 0
6 113 0
25 59 0
25 66 0
25 113 0
25 120 0
112 38 0
112 8 0
7 44 0
7 137 0
8 50 0
8 97 0
8 125 0
50 21 0
50 75 0
50 128 0
97 32 0
26 104 0
10 29 0
10 42 0
10 82 0
82 63 0
11 63 0
11 106 0
63 61 0
63 123 0
63 136 0
12 20 0
12 108 0
20 57 0
20 72 0
13 106 0
106 87 0
14 85 0
85 15 0
15 24 0
15 80 0
15 117 0
24 17 0
24 41 0
24 105 0
16 71 0
16 83 0
71 83 0
71 115 0
19 83 0
19 90 0
19 100 0
19 124 0
83 92 0
90 69 0
22 34 0
22 47 0
22 107 0
22 114 0
22 124 0
34 27 0
34 56 0
34 111 0
47 58 0
47 96 0
47 65 0
23 32 0
23 113 0
32 28 0
32 135 0
59 30 0
28 117 0
117 96 0
117 38 0
31 119 0
119 49 0
119 70 0
33 84 0
84 72 0
84 86 0
35 89 0
35 98 0
36 43 0
36 133 0
37 114 0
114 67 0
38 64 0
64 129 0
39 67 0
40 125 0
125 68 0
125 122 0
125 46 0
45 113 0
45 116 0
113 93 0
113 46 0
46 79 0
48 81 0
81 94 0
53 76 0
60 98 0
98 62 0
98 118 0
65 124 0
124 72 0
72 95 0
95 131 0
77 127 0
91 126 0
126 103 0
126 132 0
99 137 0
137 104 0
137 130 0
133 121 0
129 140 0
