285 299 0
1 118 0
118 119 0
118 143 0
2 104 0
104 127 0
104 135 0
104 294 0
3 47 0
3 149 0
47 96 0
47 160 0
47 263 0
4 141 0
141 88 0
141 210 0
141 17 0
141 298 0
5 29 0
29 112 0
29 58 0
6 128 0
6 247 0
6 248 0
128 177 0
7 276 0
276 162 0
8 40 0
8 167 0
8 197 0
8 246 0
9 175 0
9 200 0
9 284 0
175 99 0
200 89 0
200 139 0
10 58 0
10 122 0
10 147 0
10 213 0
10 269 0
58 19 0
11 51 0
11 209 0
12 253 0
12 272 0
253 111 0
253 283 0
13 211 0
211 208 0
211 48 0
211 54 0
14 131 0
14 291 0
15 84 0
15 226 0
15 233 0
15 274 0
84 63 0
226 188 0
226 224 0
16 203 0
16 269 0
203 177 0
203 181 0
17 21 0
17 101 0
17 281 0
21 139 0
21 264 0
21 265 0
101 28 0
101 44 0
101 165 0
18 31 0
18 71 0
31 89 0
31 172 0
31 258 0
31 266 0
19 186 0
19 196 0
19 231 0
20 154 0
20 293 0
154 48 0
154 149 0
22 160 0
22 180 0
23 27 0
23 242 0
23 283 0
27 59 0
27 282 0
24 34 0
24 73 0
24 82 0
24 270 0
24 280 0
34 39 0
34 184 0
73 32 0
73 52 0
82 106 0
25 61 0
61 95 0
61 158 0
26 59 0
59 225 0
59 245 0
59 278 0
30 96 0
30 130 0
30 159 0
96 79 0
96 129 0
130 60 0
130 93 0
130 249 0
89 67 0
172 80 0
172 183 0
172 241 0
32 100 0
32 158 0
33 189 0
33 268 0
33 273 0
33 294 0
39 176 0
39 192 0
39 237 0
39 251 0
39 269 0
35 252 0
252 140 0
252 156 0
252 210 0
36 275 0
36 291 0
37 38 0
37 148 0
37 180 0
37 274 0
37 293 0
38 288 0
176 76 0
192 50 0
192 114 0
192 174 0
237 185 0
41 137 0
137 68 0
137 72 0
137 197 0
42 74 0
42 236 0
74 55 0
74 91 0
43 164 0
164 222 0
44 119 0
44 153 0
44 168 0
44 218 0
45 155 0
155 120 0
155 173 0
46 161 0
161 133 0
161 232 0
161 247 0
48 57 0
57 184 0
57 221 0
49 290 0
290 300 0
53 62 0
53 110 0
53 209 0
53 233 0
62 83 0
62 108 0
110 116 0
54 56 0
54 102 0
54 197 0
56 227 0
55 190 0
55 233 0
55 299 0
55 262 0
190 151 0
233 285 0
184 132 0
184 144 0
225 241 0
225 254 0
245 171 0
245 197 0
245 229 0
245 239 0
60 197 0
60 241 0
64 107 0
64 241 0
107 247 0
65 91 0
91 98 0
66 78 0
66 295 0
78 144 0
78 149 0
67 152 0
69 193 0
69 194 0
193 120 0
193 146 0
193 88 0
70 115 0
75 169 0
75 244 0
77 299 0
299 125 0
299 170 0
149 138 0
149 210 0
80 166 0
81 87 0
106 293 0
85 294 0
294 239 0
86 242 0
242 109 0
242 221 0
90 220 0
220 157 0
98 191 0
92 146 0
94 132 0
97 183 0
97 270 0
183 134 0
183 182 0
100 209 0
209 279 0
209 297 0
103 121 0
135 241 0
105 204 0
247 254 0
113 288 0
288 300 0
117 274 0
274 187 0
274 236 0
274 293 0
120 177 0
123 251 0
251 289 0
124 158 0
158 163 0
158 223 0
158 300 0
126 214 0
126 221 0
221 156 0
136 145 0
145 277 0
210 156 0
142 208 0
142 240 0
156 195 0
156 262 0
195 297 0
159 227 0
159 287 0
159 292 0
241 215 0
174 293 0
182 216 0
185 230 0
196 246 0
199 289 0
201 272 0
272 259 0
205 216 0
216 207 0
212 286 0
215 240 0
240 271 0
217 270 0
270 234 0
238 293 0
293 256 0
243 263 0
263 248 0
263 260 0
256 273 0
