295 299 0
1 72 0
72 89 0
72 137 0
72 251 0
72 228 0
2 81 0
2 128 0
2 241 0
2 256 0
81 159 0
81 221 0
128 242 0
128 279 0
3 30 0
3 50 0
3 93 0
3 129 0
3 236 0
50 59 0
50 183 0
50 266 0
50 271 0
93 24 0
4 95 0
4 207 0
4 263 0
4 298 0
5 231 0
231 173 0
231 177 0
231 217 0
6 39 0
6 135 0
6 255 0
6 285 0
7 19 0
7 122 0
7 200 0
8 223 0
8 251 0
8 279 0
8 298 0
223 186 0
223 257 0
223 47 0
251 147 0
251 65 0
9 208 0
208 51 0
208 60 0
208 159 0
208 232 0
10 11 0
10 29 0
10 41 0
10 146 0
12 61 0
12 100 0
12 104 0
12 157 0
61 35 0
61 85 0
61 108 0
61 234 0
100 121 0
100 242 0
100 275 0
100 34 0
13 14 0
13 59 0
13 66 0
13 300 0
14 286 0
14 165 0
59 256 0
15 34 0
15 155 0
15 228 0
15 240 0
15 275 0
16 212 0
212 24 0
212 166 0
212 237 0
17 176 0
176 154 0
176 189 0
176 182 0
18 112 0
112 113 0
112 121 0
112 185 0
20 132 0
132 41 0
132 140 0
132 182 0
132 204 0
21 68 0
21 82 0
21 101 0
21 209 0
68 27 0
68 246 0
68 267 0
22 87 0
87 161 0
87 174 0
87 175 0
87 244 0
23 27 0
27 120 0
27 130 0
24 67 0
24 199 0
24 277 0
67 48 0
67 216 0
67 234 0
199 28 0
199 214 0
199 276 0
25 292 0
292 160 0
292 236 0
26 63 0
63 37 0
63 131 0
63 152 0
31 157 0
157 269 0
157 294 0
32 70 0
70 151 0
70 213 0
70 249 0
33 260 0
260 121 0
36 206 0
206 38 0
206 43 0
206 159 0
40 111 0
111 64 0
41 107 0
41 241 0
107 139 0
107 218 0
107 270 0
107 275 0
42 94 0
42 144 0
42 163 0
42 172 0
44 55 0
44 241 0
55 174 0
55 219 0
55 286 0
45 167 0
167 203 0
167 243 0
167 250 0
46 284 0
284 88 0
284 191 0
284 224 0
284 121 0
47 98 0
98 233 0
49 104 0
104 149 0
104 193 0
52 253 0
52 273 0
253 86 0
253 232 0
53 222 0
222 69 0
222 115 0
222 123 0
222 262 0
54 65 0
65 225 0
65 278 0
174 241 0
174 181 0
56 187 0
187 123 0
187 230 0
187 296 0
57 84 0
84 106 0
84 163 0
84 289 0
58 103 0
58 138 0
58 275 0
58 287 0
103 105 0
103 91 0
62 134 0
134 126 0
134 152 0
134 280 0
151 180 0
151 291 0
151 256 0
71 259 0
259 124 0
73 299 0
299 99 0
299 178 0
299 121 0
74 76 0
74 156 0
74 221 0
74 264 0
75 267 0
267 150 0
267 190 0
77 198 0
198 114 0
198 215 0
78 184 0
78 224 0
78 227 0
78 285 0
79 116 0
79 153 0
79 164 0
80 295 0
295 83 0
295 97 0
295 163 0
159 288 0
90 240 0
240 194 0
240 205 0
240 252 0
91 102 0
102 154 0
102 168 0
102 290 0
92 188 0
188 141 0
188 177 0
188 196 0
96 288 0
288 117 0
288 133 0
242 246 0
154 273 0
154 246 0
105 226 0
105 268 0
105 275 0
105 282 0
109 273 0
273 142 0
110 197 0
197 152 0
197 192 0
197 210 0
118 265 0
265 123 0
265 211 0
265 235 0
119 248 0
248 201 0
125 283 0
283 145 0
127 181 0
181 158 0
181 170 0
136 195 0
195 148 0
195 281 0
195 221 0
143 180 0
180 239 0
180 254 0
147 291 0
152 256 0
162 179 0
179 169 0
179 229 0
163 279 0
279 205 0
165 258 0
258 202 0
171 233 0
233 221 0
233 297 0
177 246 0
220 291 0
291 247 0
236 241 0
243 277 0
245 282 0
