200 199 0
1 185 0
1 41 0
185 77 0
10 157 0
10 30 0
10 33 0
10 79 0
157 103 0
157 168 0
157 183 0
30 138 0
30 14 0
30 29 0
33 89 0
101 25 0
101 146 0
25 57 0
102 40 0
102 41 0
40 44 0
40 80 0
40 9 0
104 134 0
104 135 0
104 41 0
104 23 0
134 50 0
41 129 0
41 191 0
105 122 0
105 27 0
105 67 0
105 159 0
108 152 0
108 51 0
108 90 0
108 179 0
90 24 0
109 22 0
109 161 0
22 85 0
113 166 0
113 188 0
113 47 0
113 77 0
166 121 0
166 151 0
166 70 0
166 94 0
188 149 0
188 49 0
188 52 0
47 145 0
47 16 0
47 167 0
114 127 0
114 136 0
114 150 0
114 31 0
114 194 0
31 91 0
116 126 0
116 154 0
116 34 0
116 45 0
34 124 0
34 153 0
34 64 0
34 79 0
45 4 0
117 119 0
117 123 0
117 128 0
117 95 0
117 151 0
128 118 0
118 74 0
74 176 0
74 53 0
12 3 0
12 163 0
3 56 0
124 142 0
124 20 0
124 78 0
129 147 0
131 76 0
131 159 0
76 137 0
76 141 0
76 163 0
133 193 0
133 56 0
193 175 0
193 194 0
193 6 0
50 186 0
137 181 0
137 39 0
137 99 0
139 177 0
139 4 0
141 195 0
141 59 0
141 7 0
145 165 0
145 200 0
145 46 0
145 48 0
146 107 0
146 112 0
146 8 0
146 37 0
8 179 0
8 190 0
8 63 0
8 65 0
149 161 0
149 60 0
149 66 0
15 86 0
15 199 0
86 156 0
86 197 0
86 55 0
153 130 0
153 19 0
153 198 0
159 87 0
159 57 0
87 38 0
87 5 0
87 61 0
16 132 0
16 164 0
16 73 0
160 82 0
160 64 0
82 158 0
82 187 0
82 71 0
163 13 0
163 26 0
167 140 0
167 182 0
167 84 0
17 171 0
17 180 0
17 37 0
17 18 0
37 2 0
37 23 0
37 96 0
174 144 0
174 170 0
174 43 0
174 83 0
178 125 0
178 62 0
178 98 0
178 80 0
18 187 0
186 42 0
49 21 0
49 68 0
49 72 0
52 100 0
52 54 0
52 58 0
191 162 0
191 173 0
191 184 0
199 143 0
199 196 0
199 92 0
199 24 0
92 69 0
2 83 0
83 28 0
83 35 0
57 106 0
57 36 0
28 189 0
28 32 0
28 81 0
56 110 0
56 93 0
91 115 0
91 155 0
91 88 0
35 172 0
35 192 0
35 97 0
96 11 0
96 169 0
96 75 0
44 111 0
44 120 0
44 148 0
