500 499 0
101 293 0
101 458 0
101 156 0
103 418 0
103 153 0
418 287 0
105 7 0
105 239 0
106 216 0
106 314 0
106 429 0
106 85 0
106 30 0
314 63 0
11 86 0
11 171 0
86 322 0
110 301 0
110 171 0
301 119 0
301 328 0
111 109 0
111 283 0
111 72 0
111 116 0
116 139 0
116 342 0
116 348 0
342 284 0
342 355 0
342 375 0
120 351 0
120 327 0
351 27 0
351 34 0
351 500 0
121 286 0
121 66 0
286 112 0
286 230 0
286 463 0
286 479 0
122 485 0
122 272 0
125 325 0
125 474 0
126 274 0
126 446 0
274 299 0
129 151 0
129 430 0
151 264 0
13 196 0
13 52 0
130 243 0
130 326 0
130 407 0
130 194 0
131 159 0
131 276 0
131 410 0
131 339 0
132 197 0
132 438 0
197 223 0
135 169 0
135 239 0
135 66 0
135 81 0
135 408 0
169 457 0
66 142 0
66 257 0
66 318 0
81 206 0
81 411 0
81 426 0
137 369 0
137 403 0
137 70 0
137 25 0
138 16 0
138 165 0
138 192 0
138 484 0
138 412 0
484 255 0
484 305 0
484 478 0
140 308 0
140 264 0
308 10 0
308 261 0
308 271 0
141 30 0
141 311 0
141 430 0
141 494 0
141 341 0
30 231 0
30 387 0
430 291 0
430 300 0
430 392 0
494 60 0
143 176 0
143 201 0
143 21 0
143 41 0
201 278 0
201 475 0
201 67 0
144 208 0
144 234 0
208 316 0
208 415 0
208 42 0
145 175 0
145 205 0
145 248 0
145 365 0
146 104 0
146 17 0
146 259 0
146 354 0
147 44 0
147 148 0
44 424 0
148 393 0
148 481 0
148 80 0
148 186 0
15 185 0
15 303 0
15 435 0
15 150 0
185 235 0
150 256 0
264 118 0
264 51 0
152 48 0
152 377 0
48 330 0
48 364 0
48 371 0
48 467 0
153 20 0
156 463 0
157 12 0
157 262 0
157 447 0
157 300 0
158 433 0
158 258 0
433 202 0
433 88 0
161 190 0
161 455 0
161 99 0
161 365 0
164 198 0
164 328 0
198 399 0
457 348 0
171 382 0
171 385 0
171 386 0
171 448 0
382 378 0
386 240 0
173 493 0
173 486 0
493 162 0
493 323 0
177 127 0
177 168 0
177 222 0
177 247 0
177 281 0
247 124 0
247 488 0
247 495 0
247 82 0
178 181 0
178 199 0
178 285 0
178 302 0
178 456 0
285 91 0
179 310 0
179 381 0
182 3 0
182 91 0
3 167 0
3 219 0
3 89 0
184 102 0
184 211 0
184 315 0
184 96 0
235 115 0
235 307 0
235 419 0
235 98 0
186 225 0
186 368 0
186 387 0
225 136 0
225 244 0
225 312 0
225 359 0
368 289 0
368 309 0
368 441 0
368 483 0
187 183 0
187 341 0
187 38 0
187 90 0
187 92 0
189 317 0
189 469 0
317 470 0
194 20 0
194 246 0
194 278 0
20 268 0
20 58 0
246 340 0
246 460 0
246 97 0
223 275 0
223 414 0
2 215 0
2 370 0
2 438 0
2 46 0
215 456 0
370 117 0
370 260 0
370 273 0
438 333 0
438 445 0
438 59 0
46 279 0
46 344 0
46 363 0
46 464 0
475 23 0
475 421 0
475 452 0
67 107 0
67 319 0
67 471 0
203 128 0
203 170 0
203 212 0
203 384 0
203 390 0
212 288 0
212 35 0
212 397 0
212 442 0
204 1 0
204 487 0
204 53 0
204 459 0
53 416 0
316 486 0
209 469 0
209 404 0
397 296 0
214 236 0
214 461 0
214 84 0
214 82 0
236 474 0
456 218 0
456 395 0
217 64 0
217 358 0
64 200 0
64 321 0
64 468 0
218 331 0
218 482 0
218 95 0
220 347 0
220 413 0
220 443 0
220 272 0
224 267 0
224 381 0
267 29 0
267 365 0
267 425 0
244 113 0
244 345 0
244 439 0
231 154 0
231 266 0
231 431 0
231 83 0
83 233 0
83 320 0
83 446 0
83 498 0
83 78 0
233 14 0
233 4 0
233 50 0
234 297 0
234 402 0
234 47 0
234 377 0
402 229 0
307 32 0
24 45 0
24 365 0
45 254 0
45 28 0
45 36 0
242 324 0
242 76 0
97 62 0
249 400 0
249 432 0
249 497 0
249 343 0
25 349 0
251 226 0
251 346 0
251 492 0
251 92 0
252 193 0
252 54 0
252 77 0
252 321 0
253 332 0
253 334 0
332 298 0
254 19 0
255 334 0
256 363 0
258 133 0
258 180 0
258 55 0
26 295 0
26 377 0
272 71 0
272 320 0
71 221 0
71 362 0
71 453 0
299 238 0
299 39 0
277 41 0
277 490 0
28 40 0
28 423 0
28 75 0
281 427 0
91 290 0
91 65 0
91 73 0
292 313 0
292 37 0
292 473 0
292 49 0
473 408 0
296 174 0
296 394 0
296 412 0
296 43 0
394 33 0
394 343 0
394 480 0
394 9 0
298 354 0
354 336 0
354 76 0
305 306 0
305 454 0
305 6 0
32 18 0
32 339 0
32 5 0
31 114 0
31 188 0
31 372 0
31 364 0
372 356 0
63 389 0
322 49 0
49 440 0
49 444 0
327 478 0
330 448 0
336 100 0
336 228 0
336 450 0
336 476 0
476 366 0
476 391 0
476 477 0
476 93 0
34 404 0
404 163 0
404 79 0
348 245 0
348 428 0
349 451 0
349 61 0
349 498 0
350 383 0
350 472 0
350 401 0
76 269 0
76 69 0
356 172 0
356 241 0
356 338 0
357 459 0
357 391 0
358 409 0
36 396 0
36 57 0
36 74 0
366 96 0
96 434 0
96 436 0
441 427 0
373 55 0
373 499 0
377 195 0
377 282 0
377 391 0
378 265 0
378 417 0
378 449 0
378 56 0
417 52 0
56 380 0
380 374 0
380 405 0
381 210 0
381 68 0
390 496 0
391 489 0
391 491 0
491 499 0
395 232 0
395 294 0
395 422 0
401 444 0
408 263 0
408 406 0
408 437 0
437 68 0
409 92 0
416 166 0
416 329 0
416 379 0
427 250 0
427 280 0
434 160 0
434 465 0
434 466 0
436 123 0
436 270 0
436 388 0
440 213 0
440 360 0
440 462 0
444 134 0
444 191 0
444 398 0
446 207 0
446 94 0
464 490 0
490 22 0
490 92 0
477 237 0
477 304 0
477 420 0
477 8 0
93 108 0
93 227 0
93 376 0
478 352 0
478 87 0
499 335 0
499 367 0
60 496 0
496 149 0
496 155 0
78 337 0
78 353 0
78 361 0
