500 499 0
1 123 0
1 280 0
123 174 0
10 449 0
10 399 0
449 453 0
103 320 0
103 286 0
104 296 0
104 410 0
104 90 0
104 355 0
106 472 0
106 32 0
472 93 0
107 280 0
107 272 0
108 61 0
108 371 0
61 124 0
61 413 0
112 354 0
112 400 0
112 78 0
112 455 0
115 213 0
115 237 0
115 366 0
115 418 0
117 315 0
117 174 0
315 165 0
315 183 0
315 212 0
315 384 0
174 260 0
174 369 0
174 73 0
125 197 0
125 47 0
125 80 0
125 386 0
47 164 0
127 380 0
127 448 0
380 214 0
13 145 0
13 242 0
13 492 0
13 350 0
130 99 0
130 350 0
99 133 0
132 347 0
132 355 0
132 79 0
132 343 0
355 272 0
355 445 0
133 84 0
84 111 0
134 404 0
134 407 0
134 97 0
134 390 0
407 85 0
135 12 0
135 392 0
135 421 0
135 497 0
135 74 0
135 43 0
421 422 0
497 447 0
136 179 0
136 265 0
179 102 0
138 261 0
138 388 0
261 205 0
140 455 0
140 76 0
142 361 0
142 445 0
361 232 0
143 147 0
143 175 0
143 381 0
143 281 0
381 307 0
148 50 0
148 427 0
50 283 0
50 486 0
50 7 0
149 141 0
149 171 0
150 377 0
150 268 0
377 137 0
377 162 0
377 394 0
151 231 0
151 262 0
151 452 0
151 369 0
156 100 0
156 386 0
156 389 0
156 68 0
156 203 0
158 290 0
158 34 0
158 45 0
158 66 0
290 144 0
290 388 0
290 40 0
290 499 0
34 182 0
34 209 0
34 267 0
45 217 0
45 376 0
45 475 0
16 116 0
16 160 0
16 383 0
16 4 0
161 483 0
161 298 0
483 256 0
483 424 0
483 428 0
163 41 0
163 447 0
41 277 0
164 463 0
463 226 0
165 228 0
228 311 0
166 131 0
166 258 0
166 470 0
166 8 0
166 394 0
169 247 0
169 443 0
170 259 0
170 207 0
259 119 0
259 168 0
259 264 0
171 468 0
176 23 0
176 268 0
176 285 0
176 338 0
176 469 0
176 476 0
268 274 0
268 279 0
268 299 0
268 88 0
338 239 0
469 365 0
178 181 0
178 416 0
178 75 0
178 278 0
181 113 0
181 331 0
181 436 0
181 459 0
331 408 0
459 312 0
183 263 0
263 105 0
263 437 0
184 287 0
184 395 0
184 443 0
184 55 0
184 408 0
287 186 0
287 221 0
287 230 0
395 301 0
443 442 0
443 53 0
55 293 0
55 304 0
55 368 0
55 52 0
185 302 0
185 202 0
187 167 0
187 56 0
188 448 0
188 453 0
189 159 0
189 229 0
189 292 0
189 372 0
19 266 0
19 360 0
19 461 0
19 81 0
191 245 0
191 451 0
191 58 0
191 95 0
191 334 0
451 364 0
58 325 0
192 397 0
192 295 0
193 32 0
193 417 0
32 281 0
32 396 0
32 426 0
196 200 0
196 419 0
199 493 0
199 254 0
493 63 0
2 227 0
2 343 0
227 248 0
20 387 0
20 460 0
387 92 0
201 401 0
201 339 0
401 249 0
401 357 0
401 82 0
202 85 0
203 353 0
206 251 0
206 33 0
207 94 0
208 255 0
208 494 0
255 332 0
255 373 0
255 433 0
255 495 0
209 253 0
209 350 0
253 9 0
350 352 0
350 434 0
350 471 0
21 62 0
21 38 0
215 319 0
215 471 0
319 26 0
216 444 0
216 274 0
444 172 0
444 222 0
218 25 0
218 318 0
218 6 0
218 57 0
25 17 0
219 322 0
219 325 0
322 48 0
220 466 0
220 243 0
466 76 0
226 234 0
226 300 0
226 44 0
234 291 0
234 35 0
234 378 0
44 337 0
311 488 0
232 243 0
243 298 0
243 363 0
243 450 0
291 457 0
291 46 0
291 498 0
35 4 0
378 126 0
378 177 0
378 233 0
235 211 0
235 429 0
235 365 0
238 303 0
238 88 0
303 236 0
303 244 0
303 412 0
239 351 0
241 324 0
241 67 0
324 94 0
244 391 0
391 27 0
250 305 0
250 382 0
305 29 0
305 336 0
305 414 0
305 441 0
305 81 0
9 195 0
9 39 0
9 476 0
254 494 0
433 96 0
257 317 0
257 458 0
317 173 0
265 180 0
265 31 0
265 327 0
265 491 0
265 275 0
327 358 0
274 101 0
274 289 0
274 467 0
274 487 0
279 271 0
279 371 0
279 5 0
299 375 0
88 15 0
88 346 0
269 67 0
269 465 0
27 118 0
27 270 0
27 64 0
270 456 0
456 128 0
456 297 0
456 341 0
272 152 0
272 223 0
272 91 0
289 367 0
467 485 0
467 49 0
487 372 0
275 85 0
276 460 0
276 306 0
277 204 0
277 403 0
278 309 0
282 157 0
282 30 0
286 321 0
29 494 0
494 288 0
494 353 0
494 38 0
494 43 0
494 464 0
293 323 0
293 418 0
293 484 0
293 490 0
323 479 0
418 440 0
418 482 0
490 390 0
295 480 0
375 438 0
3 313 0
3 356 0
313 69 0
30 384 0
301 328 0
301 405 0
301 71 0
328 120 0
336 473 0
81 28 0
81 417 0
81 66 0
306 357 0
307 465 0
309 76 0
312 18 0
312 431 0
312 60 0
69 224 0
69 246 0
69 406 0
321 342 0
48 344 0
479 379 0
358 411 0
33 398 0
334 72 0
335 356 0
335 337 0
356 122 0
356 198 0
356 349 0
473 109 0
339 359 0
342 155 0
342 446 0
342 406 0
344 439 0
439 333 0
4 432 0
4 481 0
4 87 0
352 139 0
352 154 0
352 423 0
434 86 0
353 210 0
353 399 0
353 77 0
359 129 0
359 22 0
359 36 0
359 96 0
36 51 0
51 54 0
362 326 0
362 37 0
364 56 0
56 345 0
56 98 0
37 432 0
370 225 0
370 468 0
370 496 0
370 500 0
370 379 0
496 385 0
374 480 0
374 417 0
438 435 0
382 76 0
385 110 0
385 70 0
39 419 0
419 340 0
419 409 0
398 121 0
398 430 0
398 424 0
432 153 0
432 252 0
432 89 0
481 273 0
481 314 0
481 420 0
87 427 0
85 114 0
85 57 0
417 316 0
417 393 0
417 65 0
440 146 0
440 294 0
440 462 0
482 458 0
422 24 0
427 240 0
427 308 0
86 478 0
435 190 0
435 42 0
435 83 0
447 14 0
447 284 0
76 310 0
76 329 0
76 415 0
76 489 0
93 72 0
474 194 0
474 330 0
474 402 0
474 425 0
474 52 0
477 348 0
477 454 0
477 59 0
477 98 0
54 11 0
