250 249 0
101 57 0
101 35 0
57 176 0
57 179 0
57 20 0
102 92 0
102 25 0
92 137 0
92 51 0
92 61 0
92 82 0
103 250 0
103 79 0
250 185 0
104 66 0
104 232 0
105 108 0
105 157 0
105 46 0
105 62 0
107 73 0
107 8 0
73 193 0
73 28 0
73 59 0
114 30 0
114 9 0
30 194 0
115 203 0
115 2 0
203 244 0
203 34 0
203 91 0
116 54 0
116 138 0
117 96 0
117 189 0
96 140 0
96 192 0
96 200 0
118 17 0
118 87 0
12 83 0
12 230 0
83 164 0
83 209 0
83 97 0
121 238 0
121 133 0
238 186 0
123 210 0
123 228 0
210 1 0
124 127 0
124 132 0
124 188 0
124 208 0
124 39 0
124 153 0
127 235 0
132 125 0
132 75 0
132 87 0
188 14 0
188 246 0
188 8 0
208 93 0
39 215 0
125 165 0
165 169 0
235 218 0
13 175 0
13 36 0
13 70 0
13 4 0
36 27 0
36 33 0
36 50 0
130 219 0
130 243 0
130 245 0
130 26 0
130 49 0
130 167 0
245 211 0
49 234 0
131 170 0
131 42 0
131 85 0
131 62 0
85 152 0
133 67 0
136 225 0
136 144 0
137 174 0
174 90 0
138 209 0
139 68 0
139 163 0
68 206 0
144 158 0
144 239 0
144 241 0
144 63 0
158 196 0
158 32 0
158 94 0
145 149 0
145 197 0
149 187 0
147 213 0
147 185 0
213 226 0
148 37 0
148 34 0
37 5 0
187 58 0
15 237 0
15 249 0
237 212 0
237 242 0
151 81 0
151 211 0
81 18 0
81 31 0
81 6 0
81 86 0
152 228 0
228 135 0
228 156 0
228 22 0
153 162 0
196 173 0
196 197 0
196 220 0
196 232 0
94 35 0
16 142 0
16 189 0
16 195 0
16 86 0
160 44 0
160 163 0
44 19 0
44 43 0
44 98 0
161 84 0
161 61 0
84 76 0
162 112 0
162 155 0
162 95 0
162 88 0
95 80 0
163 100 0
163 227 0
163 190 0
169 29 0
167 197 0
172 79 0
172 61 0
178 56 0
178 224 0
56 183 0
179 40 0
18 3 0
3 65 0
180 171 0
180 71 0
181 109 0
181 201 0
181 74 0
181 240 0
182 45 0
182 67 0
183 217 0
184 224 0
184 76 0
224 120 0
224 47 0
185 204 0
185 216 0
185 223 0
216 199 0
58 146 0
190 233 0
193 205 0
193 55 0
193 89 0
205 71 0
55 141 0
55 53 0
55 72 0
89 222 0
89 236 0
89 247 0
194 69 0
197 166 0
197 99 0
199 11 0
199 126 0
199 23 0
2 143 0
2 159 0
2 240 0
2 77 0
2 78 0
2 88 0
206 150 0
207 106 0
207 122 0
207 52 0
207 60 0
207 63 0
207 24 0
215 119 0
218 64 0
64 25 0
229 128 0
229 230 0
230 233 0
230 41 0
230 51 0
234 10 0
234 154 0
24 25 0
249 6 0
25 231 0
25 248 0
65 191 0
35 110 0
35 221 0
35 67 0
35 7 0
67 202 0
67 38 0
67 48 0
5 62 0
4 6 0
62 9 0
6 134 0
6 214 0
61 168 0
61 21 0
9 177 0
9 198 0
76 111 0
76 129 0
80 113 0
