120 119 0
1 7 0
1 52 0
102 98 0
102 69 0
98 28 0
103 11 0
103 48 0
11 78 0
11 99 0
104 40 0
104 37 0
40 82 0
105 92 0
105 95 0
105 9 0
107 112 0
107 43 0
107 50 0
107 58 0
107 9 0
107 27 0
112 31 0
50 24 0
58 21 0
109 120 0
109 23 0
109 66 0
109 90 0
66 96 0
110 49 0
110 5 0
49 33 0
49 41 0
49 8 0
111 35 0
111 64 0
31 100 0
31 106 0
31 88 0
114 42 0
114 18 0
42 116 0
42 25 0
42 60 0
42 84 0
115 37 0
115 46 0
115 80 0
115 97 0
115 26 0
46 22 0
97 71 0
116 79 0
79 39 0
79 48 0
79 51 0
79 65 0
117 54 0
117 87 0
54 6 0
54 61 0
54 85 0
54 86 0
12 19 0
12 6 0
19 90 0
15 18 0
15 62 0
18 67 0
18 70 0
18 94 0
94 13 0
94 77 0
2 26 0
2 3 0
2 38 0
2 52 0
2 53 0
3 30 0
38 4 0
21 14 0
27 55 0
28 72 0
72 57 0
29 89 0
29 77 0
89 64 0
30 45 0
30 55 0
30 62 0
30 68 0
4 44 0
44 5 0
82 56 0
84 87 0
8 83 0
51 76 0
76 69 0
56 34 0
56 36 0
57 108 0
59 73 0
59 83 0
73 81 0
96 10 0
96 119 0
96 93 0
69 16 0
69 47 0
71 32 0
71 63 0
71 75 0
81 91 0
77 118 0
77 17 0
83 101 0
83 20 0
87 113 0
87 74 0
