200 199 0
1 61 0
1 10 0
61 136 0
61 191 0
61 97 0
10 42 0
100 150 0
100 72 0
150 109 0
150 135 0
150 173 0
150 99 0
102 157 0
102 176 0
102 45 0
102 95 0
103 12 0
103 127 0
103 129 0
103 6 0
127 160 0
104 188 0
104 86 0
188 63 0
105 163 0
105 172 0
105 41 0
105 74 0
105 82 0
172 83 0
74 38 0
106 125 0
106 194 0
125 49 0
107 184 0
107 38 0
184 35 0
109 152 0
109 8 0
109 92 0
152 186 0
92 34 0
110 154 0
110 89 0
154 15 0
154 39 0
111 77 0
111 25 0
77 44 0
114 76 0
114 30 0
76 146 0
119 53 0
119 47 0
53 13 0
53 143 0
53 149 0
53 93 0
120 82 0
120 156 0
122 169 0
122 83 0
169 174 0
49 148 0
160 112 0
160 183 0
160 9 0
128 134 0
128 170 0
128 193 0
128 17 0
193 43 0
13 91 0
91 32 0
91 37 0
91 64 0
130 30 0
130 174 0
131 199 0
131 50 0
199 196 0
132 73 0
132 51 0
73 190 0
133 156 0
133 2 0
135 123 0
135 189 0
135 195 0
195 59 0
139 185 0
139 179 0
185 113 0
185 153 0
185 72 0
14 79 0
14 20 0
79 118 0
140 25 0
140 40 0
141 165 0
141 98 0
165 19 0
142 171 0
142 68 0
171 121 0
171 187 0
144 180 0
144 69 0
173 151 0
186 182 0
155 88 0
155 198 0
88 46 0
158 164 0
158 20 0
158 200 0
158 40 0
158 84 0
164 50 0
16 60 0
16 3 0
60 78 0
183 27 0
161 7 0
161 44 0
7 194 0
162 117 0
162 22 0
162 62 0
162 33 0
22 58 0
19 147 0
167 192 0
167 4 0
167 42 0
167 56 0
167 72 0
192 86 0
174 175 0
174 197 0
174 21 0
174 70 0
17 24 0
175 179 0
197 48 0
179 108 0
179 33 0
179 87 0
178 198 0
178 190 0
18 57 0
18 196 0
57 137 0
57 138 0
57 95 0
181 51 0
181 31 0
51 65 0
51 96 0
27 3 0
35 98 0
72 6 0
72 69 0
72 94 0
86 11 0
86 29 0
86 54 0
86 84 0
43 81 0
59 31 0
48 166 0
58 68 0
23 55 0
23 69 0
55 116 0
55 28 0
55 47 0
24 71 0
34 89 0
89 168 0
89 85 0
38 52 0
38 75 0
5 80 0
5 94 0
6 124 0
6 145 0
6 177 0
97 66 0
66 101 0
66 126 0
66 67 0
69 115 0
69 26 0
69 71 0
94 159 0
94 36 0
94 90 0
