350 349 0
1 342 0
1 81 0
1 37 0
10 106 0
10 195 0
10 27 0
10 237 0
100 244 0
100 229 0
244 116 0
244 169 0
244 305 0
102 301 0
102 128 0
103 336 0
103 192 0
336 147 0
336 269 0
336 36 0
104 139 0
104 223 0
104 306 0
104 66 0
105 230 0
105 325 0
105 41 0
105 151 0
41 54 0
107 34 0
107 346 0
34 26 0
108 69 0
108 58 0
69 132 0
69 331 0
69 74 0
11 238 0
11 178 0
238 307 0
110 159 0
110 149 0
159 281 0
115 59 0
115 24 0
59 256 0
118 140 0
118 201 0
118 287 0
118 170 0
287 136 0
119 265 0
119 78 0
265 199 0
123 252 0
123 218 0
252 313 0
124 187 0
124 231 0
124 309 0
124 151 0
126 13 0
126 219 0
126 329 0
126 250 0
128 220 0
130 50 0
130 98 0
50 156 0
50 233 0
131 291 0
131 256 0
291 148 0
291 311 0
291 76 0
132 175 0
132 192 0
132 25 0
175 260 0
175 273 0
175 30 0
192 206 0
192 224 0
192 248 0
25 255 0
133 275 0
133 327 0
133 80 0
133 298 0
327 276 0
136 194 0
136 314 0
136 340 0
137 289 0
137 242 0
138 14 0
138 312 0
138 96 0
138 304 0
96 261 0
141 247 0
141 57 0
141 87 0
141 278 0
247 171 0
247 185 0
247 284 0
57 225 0
57 262 0
57 294 0
57 48 0
87 179 0
87 339 0
87 71 0
142 242 0
142 250 0
242 240 0
242 338 0
144 43 0
144 154 0
43 125 0
43 271 0
43 347 0
146 280 0
146 295 0
146 5 0
146 215 0
280 346 0
148 198 0
198 3 0
149 22 0
149 319 0
149 324 0
149 35 0
22 170 0
319 83 0
324 21 0
151 193 0
151 173 0
193 117 0
193 236 0
193 95 0
152 215 0
152 24 0
153 181 0
153 197 0
153 288 0
153 237 0
288 316 0
154 257 0
154 349 0
154 272 0
257 61 0
155 226 0
155 296 0
226 12 0
157 64 0
157 227 0
64 292 0
281 221 0
160 122 0
160 222 0
160 258 0
160 55 0
162 4 0
162 249 0
4 70 0
168 120 0
168 202 0
168 304 0
172 93 0
172 237 0
93 216 0
93 299 0
93 37 0
173 277 0
177 259 0
177 343 0
177 85 0
177 2 0
343 212 0
178 264 0
178 32 0
178 55 0
179 53 0
53 337 0
180 165 0
180 29 0
180 310 0
180 250 0
310 77 0
184 266 0
184 39 0
184 67 0
184 200 0
266 145 0
266 333 0
266 86 0
39 113 0
39 174 0
39 33 0
39 60 0
39 89 0
67 207 0
67 208 0
67 72 0
188 7 0
188 315 0
7 211 0
7 246 0
7 279 0
191 186 0
191 263 0
191 303 0
191 84 0
224 82 0
2 24 0
24 18 0
20 298 0
20 45 0
20 68 0
20 61 0
200 255 0
203 164 0
203 254 0
203 322 0
203 323 0
203 92 0
323 326 0
204 218 0
204 249 0
204 344 0
204 35 0
204 337 0
218 16 0
218 285 0
249 114 0
249 38 0
205 315 0
205 212 0
315 109 0
315 161 0
315 8 0
21 234 0
21 250 0
21 56 0
21 62 0
21 79 0
212 143 0
212 196 0
216 286 0
286 290 0
285 296 0
220 232 0
82 73 0
227 94 0
228 278 0
228 320 0
229 293 0
232 262 0
235 135 0
235 296 0
237 320 0
237 321 0
320 334 0
320 47 0
307 283 0
307 88 0
239 183 0
239 23 0
239 245 0
239 277 0
240 121 0
240 129 0
240 190 0
338 297 0
338 341 0
338 9 0
305 92 0
246 31 0
31 293 0
251 127 0
251 26 0
313 150 0
313 84 0
313 99 0
253 111 0
253 77 0
256 217 0
256 332 0
261 97 0
97 243 0
272 328 0
277 46 0
277 293 0
46 166 0
46 167 0
46 267 0
296 158 0
296 176 0
296 308 0
296 55 0
290 112 0
290 163 0
292 6 0
6 134 0
6 328 0
6 42 0
293 91 0
55 300 0
55 330 0
300 304 0
304 78 0
302 66 0
302 92 0
66 321 0
66 350 0
66 51 0
78 15 0
78 44 0
92 19 0
92 98 0
317 213 0
317 90 0
317 330 0
83 49 0
326 17 0
326 58 0
326 65 0
36 348 0
337 214 0
337 282 0
348 241 0
348 345 0
348 52 0
350 209 0
350 268 0
350 335 0
37 63 0
37 94 0
63 101 0
63 189 0
63 318 0
70 75 0
49 40 0
51 182 0
51 210 0
51 28 0
73 270 0
73 274 0
