140 139 0
10 128 0
10 135 0
10 71 0
10 85 0
10 107 0
71 57 0
100 105 0
100 93 0
100 102 0
93 94 0
102 111 0
104 66 0
104 14 0
66 46 0
107 61 0
109 118 0
109 129 0
118 31 0
11 122 0
11 26 0
110 63 0
110 115 0
63 76 0
111 88 0
112 80 0
112 117 0
80 23 0
113 115 0
113 22 0
117 7 0
31 21 0
31 51 0
31 95 0
119 12 0
119 121 0
119 54 0
119 42 0
12 131 0
12 137 0
12 32 0
121 101 0
121 106 0
121 37 0
54 30 0
54 43 0
54 62 0
120 5 0
120 83 0
5 15 0
5 55 0
5 58 0
37 48 0
126 125 0
126 139 0
126 24 0
126 88 0
129 123 0
129 67 0
129 36 0
130 132 0
130 36 0
130 6 0
130 2 0
6 41 0
134 92 0
134 3 0
136 7 0
136 28 0
138 9 0
138 38 0
9 45 0
9 73 0
9 74 0
9 90 0
14 64 0
15 133 0
16 44 0
16 52 0
16 88 0
16 96 0
16 75 0
88 47 0
88 98 0
17 35 0
17 61 0
35 69 0
22 3 0
22 60 0
22 65 0
22 89 0
60 25 0
23 83 0
25 108 0
25 127 0
25 13 0
26 58 0
27 4 0
27 59 0
4 87 0
28 1 0
28 56 0
28 70 0
28 41 0
95 61 0
69 33 0
69 99 0
48 38 0
87 50 0
40 114 0
40 140 0
40 47 0
42 50 0
45 103 0
45 116 0
45 39 0
53 77 0
53 73 0
77 75 0
57 59 0
57 8 0
57 91 0
57 97 0
61 78 0
61 86 0
64 82 0
64 84 0
64 90 0
99 19 0
72 89 0
72 74 0
73 34 0
73 81 0
74 68 0
74 79 0
75 20 0
75 29 0
98 124 0
98 18 0
98 49 0
