120 119 0
1 90 0
1 8 0
90 53 0
10 88 0
10 84 0
101 117 0
101 33 0
101 36 0
101 72 0
101 21 0
117 116 0
117 6 0
117 70 0
72 60 0
105 38 0
105 99 0
105 25 0
106 110 0
106 13 0
110 20 0
110 47 0
110 48 0
110 80 0
109 40 0
109 8 0
40 23 0
20 7 0
47 113 0
48 103 0
111 35 0
111 70 0
35 102 0
112 44 0
112 78 0
44 55 0
44 95 0
44 98 0
113 108 0
113 75 0
113 81 0
113 93 0
81 51 0
93 9 0
114 71 0
114 86 0
71 28 0
116 45 0
45 26 0
45 30 0
45 37 0
118 78 0
118 53 0
78 100 0
78 17 0
78 83 0
119 115 0
119 64 0
12 84 0
12 73 0
120 11 0
120 59 0
120 91 0
120 94 0
120 19 0
59 49 0
94 85 0
13 28 0
14 79 0
14 60 0
17 43 0
43 16 0
43 66 0
43 69 0
43 97 0
18 82 0
18 51 0
82 62 0
19 4 0
2 31 0
2 74 0
31 104 0
74 4 0
7 41 0
21 85 0
23 58 0
58 67 0
24 68 0
24 53 0
68 50 0
25 69 0
26 107 0
26 32 0
26 65 0
65 8 0
37 63 0
63 73 0
63 87 0
42 61 0
42 89 0
42 57 0
46 57 0
46 5 0
49 5 0
50 22 0
51 27 0
51 54 0
53 29 0
53 34 0
56 77 0
56 92 0
67 3 0
62 92 0
73 52 0
73 76 0
73 86 0
64 8 0
8 15 0
9 96 0
96 39 0
