400 399 0
10 96 0
10 396 0
96 131 0
96 148 0
96 331 0
100 45 0
100 57 0
100 62 0
100 114 0
45 202 0
101 231 0
101 239 0
101 318 0
101 133 0
231 149 0
231 254 0
231 48 0
239 290 0
239 293 0
239 68 0
318 175 0
318 272 0
318 328 0
318 74 0
102 139 0
102 198 0
102 221 0
102 377 0
103 25 0
103 316 0
103 400 0
103 22 0
25 112 0
25 160 0
25 399 0
316 187 0
316 294 0
316 302 0
400 1 0
400 169 0
400 249 0
400 61 0
11 396 0
11 110 0
396 210 0
396 226 0
396 276 0
110 326 0
110 338 0
110 368 0
326 167 0
111 224 0
111 286 0
224 244 0
224 266 0
114 194 0
117 267 0
117 369 0
117 88 0
117 130 0
118 205 0
118 363 0
118 50 0
118 188 0
363 306 0
119 193 0
119 373 0
119 8 0
119 169 0
373 311 0
373 313 0
373 397 0
121 270 0
121 242 0
270 132 0
123 344 0
123 350 0
123 44 0
123 375 0
130 304 0
130 379 0
130 268 0
304 73 0
379 327 0
379 340 0
379 370 0
132 104 0
132 360 0
133 203 0
133 234 0
133 72 0
133 262 0
203 161 0
203 371 0
203 393 0
234 194 0
72 22 0
134 240 0
134 194 0
240 147 0
135 116 0
135 295 0
135 90 0
135 151 0
90 228 0
136 375 0
136 21 0
375 345 0
375 70 0
137 236 0
137 63 0
236 43 0
14 262 0
14 292 0
14 336 0
14 2 0
262 212 0
262 54 0
140 209 0
140 308 0
140 332 0
140 21 0
209 247 0
141 334 0
141 378 0
141 66 0
141 247 0
142 322 0
142 354 0
322 320 0
322 36 0
143 374 0
143 247 0
374 174 0
374 19 0
374 395 0
147 206 0
147 307 0
147 380 0
206 170 0
149 257 0
257 268 0
151 32 0
151 79 0
151 91 0
32 15 0
32 191 0
32 398 0
79 192 0
79 253 0
79 67 0
158 321 0
158 52 0
158 260 0
321 105 0
321 154 0
321 60 0
52 150 0
52 264 0
52 99 0
16 241 0
16 364 0
16 84 0
16 69 0
364 97 0
161 108 0
161 13 0
161 385 0
162 256 0
162 330 0
162 346 0
162 94 0
163 27 0
163 291 0
163 7 0
163 186 0
165 166 0
165 53 0
165 65 0
165 386 0
167 242 0
167 278 0
167 390 0
242 258 0
242 376 0
278 94 0
390 351 0
390 358 0
390 394 0
17 155 0
17 269 0
17 80 0
17 78 0
269 217 0
170 129 0
170 298 0
170 392 0
172 299 0
172 341 0
172 388 0
172 175 0
388 303 0
173 185 0
173 268 0
185 286 0
174 146 0
174 33 0
174 367 0
176 113 0
176 179 0
176 81 0
176 337 0
179 109 0
179 127 0
179 225 0
81 125 0
81 246 0
81 288 0
183 21 0
183 243 0
183 353 0
183 228 0
21 214 0
186 297 0
186 305 0
186 313 0
297 23 0
297 381 0
297 87 0
305 201 0
305 391 0
305 59 0
188 287 0
188 76 0
188 28 0
287 263 0
287 47 0
287 5 0
76 126 0
76 128 0
76 211 0
76 71 0
19 171 0
19 355 0
19 9 0
190 222 0
190 248 0
190 26 0
190 331 0
194 37 0
202 349 0
349 312 0
349 49 0
371 195 0
371 24 0
371 38 0
393 199 0
393 265 0
393 92 0
247 284 0
247 31 0
214 18 0
214 29 0
214 366 0
211 348 0
348 354 0
212 120 0
212 182 0
212 384 0
216 300 0
216 329 0
216 383 0
216 94 0
217 12 0
217 281 0
217 56 0
220 207 0
220 213 0
220 55 0
220 4 0
43 204 0
43 230 0
43 377 0
284 138 0
284 296 0
284 314 0
31 106 0
31 319 0
31 64 0
250 235 0
250 77 0
250 89 0
250 73 0
268 184 0
268 356 0
259 232 0
259 301 0
259 95 0
259 331 0
260 107 0
260 85 0
260 342 0
54 153 0
54 323 0
54 365 0
264 69 0
271 51 0
271 86 0
51 180 0
51 30 0
51 93 0
274 245 0
274 289 0
274 347 0
274 361 0
289 285 0
289 343 0
289 91 0
275 238 0
275 273 0
275 325 0
275 389 0
275 303 0
325 382 0
94 63 0
279 368 0
279 335 0
28 386 0
283 342 0
283 372 0
285 152 0
285 223 0
285 40 0
343 145 0
343 178 0
343 237 0
30 333 0
333 337 0
303 233 0
303 251 0
303 98 0
73 335 0
73 46 0
306 124 0
306 189 0
306 261 0
311 196 0
311 41 0
311 82 0
315 317 0
315 35 0
315 361 0
315 386 0
315 42 0
315 335 0
386 58 0
42 362 0
382 115 0
382 168 0
382 280 0
337 164 0
337 282 0
335 157 0
335 83 0
34 144 0
34 181 0
34 208 0
34 377 0
345 177 0
345 352 0
345 6 0
362 4 0
4 372 0
4 78 0
4 86 0
97 156 0
97 197 0
97 215 0
372 359 0
372 387 0
397 122 0
397 227 0
397 339 0
395 229 0
395 324 0
395 39 0
70 219 0
70 277 0
70 3 0
58 200 0
58 252 0
58 309 0
86 310 0
86 75 0
46 159 0
46 218 0
46 255 0
63 20 0
63 357 0
