450 449 0
10 346 0
10 181 0
346 144 0
100 7 0
100 160 0
7 286 0
7 331 0
7 359 0
101 348 0
101 306 0
348 13 0
102 137 0
102 22 0
102 269 0
102 197 0
137 304 0
104 162 0
104 26 0
162 159 0
162 193 0
162 297 0
162 94 0
105 188 0
105 41 0
188 174 0
188 221 0
188 3 0
106 168 0
106 179 0
168 245 0
168 251 0
168 364 0
109 12 0
109 220 0
12 69 0
111 389 0
111 433 0
389 204 0
114 425 0
114 248 0
425 325 0
115 252 0
115 262 0
252 302 0
116 259 0
116 318 0
116 55 0
116 77 0
116 95 0
116 158 0
259 395 0
318 146 0
318 49 0
318 89 0
77 229 0
95 413 0
95 60 0
95 79 0
69 192 0
122 160 0
122 76 0
125 258 0
125 82 0
258 342 0
258 397 0
127 418 0
127 200 0
418 139 0
128 119 0
128 19 0
128 210 0
128 214 0
128 340 0
128 145 0
214 226 0
340 44 0
13 186 0
186 428 0
130 282 0
130 36 0
282 375 0
282 47 0
282 85 0
132 35 0
132 432 0
35 257 0
133 220 0
133 248 0
133 431 0
133 60 0
220 1 0
220 311 0
431 264 0
431 272 0
431 317 0
134 222 0
134 422 0
222 25 0
136 155 0
136 59 0
155 411 0
304 433 0
138 73 0
138 303 0
73 84 0
139 151 0
139 321 0
139 8 0
151 305 0
14 344 0
14 251 0
141 64 0
141 268 0
64 241 0
142 153 0
142 263 0
142 378 0
142 410 0
378 67 0
143 43 0
143 410 0
43 156 0
43 185 0
43 274 0
43 320 0
145 268 0
146 387 0
387 366 0
305 265 0
305 338 0
305 83 0
152 373 0
152 383 0
154 121 0
154 440 0
154 206 0
411 129 0
411 412 0
411 427 0
411 9 0
156 256 0
156 266 0
156 424 0
158 59 0
16 436 0
16 196 0
436 295 0
436 307 0
436 403 0
161 6 0
161 169 0
6 180 0
6 32 0
6 415 0
297 167 0
163 29 0
163 326 0
167 442 0
442 209 0
245 197 0
245 312 0
245 316 0
169 432 0
170 99 0
170 24 0
99 324 0
172 124 0
172 280 0
172 383 0
172 67 0
383 294 0
383 444 0
383 51 0
175 328 0
175 66 0
328 283 0
177 240 0
177 217 0
240 195 0
240 237 0
240 369 0
240 52 0
178 402 0
178 416 0
402 277 0
179 243 0
179 408 0
179 360 0
181 108 0
181 202 0
181 235 0
181 391 0
235 400 0
182 147 0
182 325 0
183 82 0
183 284 0
82 244 0
82 309 0
82 396 0
82 414 0
185 110 0
185 261 0
185 81 0
428 208 0
428 323 0
428 404 0
221 227 0
190 223 0
190 201 0
223 203 0
223 330 0
223 57 0
195 253 0
253 233 0
196 377 0
197 447 0
197 88 0
447 149 0
447 394 0
447 61 0
88 165 0
2 288 0
288 199 0
288 281 0
288 421 0
20 347 0
20 399 0
20 448 0
20 72 0
20 234 0
448 276 0
448 303 0
448 422 0
200 216 0
201 356 0
203 205 0
205 166 0
205 230 0
205 360 0
204 329 0
206 239 0
207 374 0
207 400 0
374 379 0
374 386 0
374 87 0
209 279 0
279 429 0
211 24 0
211 293 0
211 391 0
211 421 0
293 135 0
213 187 0
213 249 0
213 314 0
213 439 0
226 123 0
226 270 0
226 343 0
216 33 0
216 332 0
216 86 0
332 39 0
332 443 0
217 31 0
217 441 0
217 234 0
218 15 0
218 224 0
218 30 0
218 417 0
218 46 0
224 59 0
417 319 0
219 416 0
219 350 0
227 231 0
227 238 0
227 80 0
25 384 0
59 268 0
59 284 0
59 377 0
59 432 0
343 380 0
231 239 0
229 362 0
232 37 0
232 246 0
37 113 0
37 290 0
37 313 0
233 34 0
234 36 0
234 91 0
234 392 0
36 335 0
36 371 0
91 103 0
91 164 0
91 352 0
400 23 0
400 409 0
236 126 0
236 437 0
237 367 0
367 120 0
367 150 0
367 273 0
241 285 0
244 246 0
246 333 0
246 341 0
246 42 0
302 140 0
302 176 0
302 21 0
257 262 0
257 292 0
257 450 0
257 56 0
262 353 0
262 40 0
395 171 0
26 410 0
353 363 0
353 419 0
353 78 0
40 117 0
40 173 0
40 357 0
264 349 0
349 41 0
267 54 0
267 376 0
268 191 0
27 376 0
27 92 0
274 5 0
5 107 0
5 358 0
5 390 0
276 215 0
276 300 0
278 355 0
278 433 0
355 315 0
355 405 0
355 68 0
429 298 0
429 434 0
429 93 0
283 446 0
284 322 0
284 336 0
287 157 0
287 385 0
287 388 0
287 438 0
287 352 0
388 326 0
438 361 0
421 289 0
421 449 0
289 339 0
289 46 0
289 71 0
290 76 0
294 66 0
66 306 0
66 310 0
66 45 0
295 255 0
295 275 0
295 28 0
296 301 0
296 414 0
301 86 0
303 365 0
303 420 0
433 254 0
83 96 0
319 189 0
319 327 0
319 62 0
320 407 0
407 392 0
323 92 0
92 148 0
92 50 0
325 184 0
325 439 0
439 437 0
439 53 0
326 225 0
326 75 0
331 70 0
39 308 0
39 337 0
39 63 0
443 18 0
443 247 0
443 430 0
44 354 0
44 65 0
44 74 0
380 382 0
380 401 0
380 98 0
350 228 0
350 260 0
350 410 0
419 435 0
354 410 0
410 356 0
356 198 0
356 423 0
361 11 0
361 345 0
361 445 0
366 118 0
368 398 0
368 45 0
38 58 0
38 427 0
58 250 0
390 393 0
393 334 0
413 131 0
413 381 0
413 90 0
449 17 0
449 242 0
449 4 0
426 194 0
426 96 0
432 299 0
432 370 0
432 372 0
53 112 0
53 271 0
53 291 0
84 212 0
84 48 0
79 351 0
79 406 0
79 97 0
