500 499 0
10 13 0
10 216 0
10 491 0
10 423 0
101 109 0
101 145 0
101 231 0
101 353 0
101 476 0
101 228 0
145 477 0
476 348 0
107 209 0
107 323 0
107 337 0
107 312 0
114 470 0
114 366 0
470 483 0
115 220 0
115 149 0
220 144 0
117 200 0
117 29 0
117 3 0
117 315 0
118 152 0
118 174 0
118 463 0
118 300 0
12 187 0
12 239 0
12 249 0
12 98 0
123 151 0
123 340 0
151 326 0
151 425 0
151 462 0
125 349 0
125 363 0
125 394 0
125 143 0
126 432 0
126 475 0
126 51 0
126 389 0
475 222 0
127 247 0
127 443 0
127 7 0
127 371 0
128 307 0
128 343 0
128 450 0
128 483 0
307 215 0
343 243 0
343 246 0
343 35 0
450 11 0
450 262 0
450 285 0
132 235 0
132 86 0
235 159 0
134 303 0
134 377 0
134 434 0
134 398 0
135 273 0
135 279 0
135 378 0
135 74 0
139 229 0
139 31 0
139 383 0
139 197 0
14 211 0
14 245 0
14 342 0
14 371 0
14 339 0
245 259 0
371 16 0
371 60 0
140 234 0
140 294 0
140 453 0
140 445 0
453 77 0
141 44 0
141 259 0
44 256 0
44 385 0
44 426 0
143 261 0
143 327 0
143 365 0
261 258 0
261 275 0
261 289 0
327 17 0
327 176 0
327 53 0
144 217 0
144 265 0
144 312 0
477 100 0
477 358 0
477 488 0
148 485 0
148 61 0
148 85 0
148 471 0
61 441 0
61 46 0
61 486 0
149 116 0
149 413 0
149 150 0
150 480 0
150 68 0
150 448 0
480 387 0
480 407 0
480 424 0
68 314 0
68 335 0
68 411 0
326 138 0
326 391 0
326 454 0
425 160 0
425 438 0
425 492 0
462 121 0
462 32 0
462 459 0
156 142 0
156 315 0
156 478 0
156 481 0
156 233 0
315 178 0
315 321 0
159 473 0
159 88 0
16 23 0
16 414 0
16 99 0
160 389 0
167 157 0
167 428 0
167 466 0
167 237 0
168 154 0
168 288 0
168 52 0
168 215 0
169 18 0
169 435 0
18 24 0
18 436 0
18 96 0
172 274 0
172 284 0
172 74 0
172 427 0
175 106 0
175 137 0
175 311 0
175 419 0
177 130 0
177 301 0
177 418 0
177 54 0
177 57 0
301 70 0
178 290 0
178 423 0
178 430 0
290 388 0
290 405 0
290 48 0
423 206 0
423 332 0
430 451 0
179 461 0
179 33 0
461 205 0
461 237 0
461 305 0
96 297 0
96 298 0
180 89 0
180 441 0
89 293 0
181 190 0
181 362 0
181 93 0
181 215 0
182 403 0
182 346 0
403 221 0
403 267 0
403 494 0
186 336 0
186 314 0
336 253 0
336 292 0
336 497 0
195 129 0
195 188 0
195 203 0
195 368 0
196 360 0
196 399 0
360 276 0
197 263 0
197 62 0
197 460 0
263 254 0
263 330 0
263 422 0
62 155 0
62 227 0
62 80 0
2 37 0
37 278 0
37 341 0
37 489 0
20 164 0
20 244 0
20 30 0
20 81 0
206 19 0
206 242 0
206 318 0
210 111 0
210 207 0
210 218 0
210 346 0
213 108 0
213 386 0
213 421 0
213 329 0
214 308 0
214 319 0
214 416 0
214 340 0
308 427 0
215 370 0
370 15 0
370 357 0
370 9 0
22 458 0
22 484 0
458 250 0
458 359 0
458 38 0
221 252 0
221 372 0
221 464 0
222 119 0
222 27 0
222 295 0
223 122 0
223 300 0
223 373 0
223 72 0
223 313 0
225 230 0
225 339 0
225 376 0
225 358 0
230 55 0
376 251 0
226 232 0
226 260 0
226 84 0
226 277 0
228 395 0
228 64 0
228 257 0
395 266 0
395 302 0
395 369 0
64 163 0
64 202 0
64 412 0
55 435 0
233 437 0
237 375 0
237 448 0
375 105 0
375 406 0
375 45 0
240 131 0
240 192 0
240 496 0
240 90 0
241 309 0
241 401 0
241 87 0
241 70 0
309 269 0
309 47 0
309 97 0
401 272 0
87 103 0
87 409 0
87 98 0
259 41 0
259 493 0
251 374 0
374 467 0
255 124 0
255 328 0
255 354 0
255 322 0
257 380 0
257 472 0
257 397 0
380 313 0
380 36 0
380 8 0
472 437 0
472 58 0
472 6 0
267 204 0
267 457 0
267 67 0
269 355 0
272 65 0
65 365 0
276 446 0
276 59 0
277 296 0
277 86 0
277 498 0
296 368 0
296 397 0
296 90 0
86 92 0
86 95 0
388 208 0
388 304 0
388 420 0
405 170 0
405 185 0
405 25 0
48 147 0
48 392 0
48 56 0
292 49 0
49 43 0
49 50 0
293 347 0
368 417 0
368 71 0
90 63 0
90 75 0
297 184 0
297 281 0
297 345 0
298 212 0
298 442 0
298 469 0
299 498 0
299 483 0
498 161 0
498 94 0
70 350 0
70 410 0
306 316 0
306 482 0
306 69 0
306 38 0
313 194 0
313 325 0
313 499 0
321 191 0
321 286 0
321 455 0
317 136 0
317 333 0
317 444 0
317 346 0
320 429 0
320 332 0
429 399 0
322 34 0
322 351 0
322 486 0
34 162 0
34 201 0
34 26 0
351 198 0
351 367 0
351 408 0
329 490 0
33 332 0
332 238 0
334 280 0
334 382 0
334 79 0
334 398 0
338 224 0
338 268 0
338 81 0
338 451 0
340 433 0
340 348 0
341 344 0
341 445 0
341 487 0
344 21 0
344 282 0
344 283 0
445 199 0
445 381 0
445 73 0
487 419 0
346 399 0
348 40 0
348 78 0
357 490 0
490 270 0
490 449 0
490 66 0
36 166 0
36 352 0
36 474 0
366 146 0
366 400 0
366 419 0
417 219 0
417 331 0
417 393 0
71 165 0
71 171 0
71 173 0
60 398 0
467 112 0
467 28 0
467 4 0
8 402 0
8 468 0
8 5 0
390 264 0
390 324 0
390 76 0
390 57 0
396 1 0
396 384 0
396 440 0
396 4 0
398 42 0
42 104 0
42 193 0
42 379 0
42 471 0
399 495 0
494 113 0
494 415 0
494 82 0
419 452 0
452 102 0
452 120 0
452 39 0
435 110 0
435 361 0
435 57 0
57 460 0
437 236 0
437 83 0
441 183 0
441 287 0
77 484 0
46 153 0
46 271 0
46 291 0
483 364 0
483 91 0
58 248 0
58 310 0
58 356 0
6 404 0
6 431 0
6 456 0
484 465 0
484 500 0
63 133 0
63 447 0
63 479 0
75 158 0
75 189 0
75 439 0
