500 499 0
100 172 0
100 176 0
100 23 0
100 347 0
100 412 0
100 354 0
176 462 0
23 153 0
347 217 0
412 16 0
103 348 0
103 132 0
348 29 0
105 108 0
105 463 0
106 219 0
106 240 0
106 445 0
106 449 0
106 89 0
106 450 0
219 112 0
89 325 0
110 491 0
110 179 0
491 109 0
491 497 0
491 76 0
112 385 0
113 46 0
113 393 0
46 70 0
114 136 0
114 76 0
136 401 0
115 127 0
115 171 0
115 35 0
115 121 0
171 264 0
117 17 0
117 122 0
17 123 0
118 416 0
118 132 0
416 184 0
416 226 0
416 336 0
119 256 0
119 220 0
256 230 0
12 478 0
12 157 0
478 459 0
121 459 0
122 78 0
124 253 0
124 409 0
253 469 0
126 410 0
126 332 0
128 174 0
128 277 0
128 315 0
128 462 0
13 286 0
13 251 0
286 163 0
286 436 0
286 468 0
131 288 0
131 164 0
288 400 0
132 241 0
132 316 0
132 345 0
132 490 0
132 224 0
241 470 0
316 62 0
490 210 0
133 322 0
133 280 0
322 235 0
137 243 0
137 472 0
137 61 0
137 85 0
137 434 0
243 413 0
243 48 0
243 482 0
472 233 0
61 485 0
85 166 0
85 330 0
85 51 0
139 373 0
139 403 0
14 49 0
14 273 0
142 74 0
142 211 0
74 116 0
143 272 0
143 279 0
143 84 0
143 381 0
279 182 0
144 200 0
144 215 0
200 8 0
145 239 0
145 320 0
145 440 0
148 236 0
148 475 0
236 177 0
15 57 0
15 75 0
57 365 0
150 224 0
150 214 0
224 196 0
224 266 0
224 307 0
224 442 0
151 135 0
151 381 0
151 86 0
151 247 0
152 257 0
152 408 0
257 216 0
153 374 0
374 234 0
374 323 0
374 452 0
374 492 0
157 382 0
16 52 0
52 72 0
160 102 0
160 218 0
160 346 0
160 429 0
160 335 0
218 246 0
429 421 0
162 134 0
162 225 0
164 308 0
164 383 0
164 487 0
164 426 0
383 317 0
383 367 0
383 391 0
383 458 0
383 473 0
487 376 0
167 92 0
167 215 0
92 180 0
92 262 0
92 292 0
168 338 0
168 96 0
338 209 0
264 189 0
264 282 0
264 65 0
175 63 0
175 318 0
63 98 0
462 208 0
462 355 0
462 426 0
179 154 0
179 393 0
179 9 0
179 452 0
18 448 0
18 470 0
448 319 0
448 366 0
448 67 0
184 192 0
192 415 0
185 332 0
185 471 0
186 372 0
186 64 0
186 77 0
186 297 0
19 466 0
19 96 0
466 129 0
466 289 0
466 474 0
466 71 0
415 287 0
415 368 0
415 432 0
193 499 0
193 79 0
499 75 0
196 149 0
2 281 0
281 190 0
281 303 0
281 318 0
281 360 0
8 390 0
8 419 0
201 24 0
201 408 0
201 6 0
201 306 0
202 26 0
202 208 0
26 141 0
26 238 0
26 3 0
203 399 0
203 227 0
399 206 0
399 327 0
399 4 0
399 422 0
399 464 0
204 444 0
204 59 0
444 451 0
206 343 0
343 199 0
209 411 0
411 20 0
21 273 0
21 4 0
210 361 0
361 156 0
211 245 0
212 280 0
212 382 0
213 486 0
213 460 0
486 104 0
486 263 0
486 314 0
486 39 0
214 53 0
214 58 0
214 54 0
215 344 0
215 371 0
215 79 0
215 3 0
371 389 0
216 438 0
246 300 0
22 420 0
22 479 0
220 267 0
220 305 0
220 28 0
221 222 0
221 40 0
222 296 0
222 425 0
266 306 0
225 69 0
226 138 0
226 269 0
226 398 0
227 326 0
227 82 0
227 364 0
326 107 0
228 251 0
228 479 0
251 324 0
251 489 0
229 479 0
229 96 0
479 353 0
479 43 0
230 159 0
231 38 0
231 51 0
38 387 0
232 476 0
232 421 0
476 484 0
233 443 0
443 467 0
235 187 0
235 350 0
244 457 0
244 47 0
244 498 0
244 270 0
47 488 0
245 274 0
247 360 0
249 87 0
249 250 0
87 25 0
25 28 0
250 50 0
254 96 0
254 467 0
96 197 0
96 463 0
255 146 0
255 181 0
255 285 0
255 386 0
255 39 0
386 375 0
259 27 0
259 363 0
27 312 0
27 313 0
27 447 0
27 59 0
261 33 0
261 42 0
261 427 0
261 303 0
42 481 0
265 299 0
265 426 0
299 329 0
306 284 0
306 5 0
447 275 0
270 37 0
274 1 0
274 278 0
274 97 0
274 93 0
278 50 0
97 283 0
275 341 0
275 477 0
275 493 0
275 500 0
477 93 0
500 88 0
50 437 0
50 454 0
50 68 0
283 10 0
283 30 0
283 34 0
284 130 0
284 183 0
284 310 0
436 223 0
29 446 0
446 248 0
290 101 0
290 73 0
291 435 0
291 62 0
292 120 0
292 195 0
293 480 0
293 349 0
294 404 0
294 423 0
297 329 0
298 396 0
298 459 0
396 483 0
302 358 0
302 389 0
358 268 0
358 379 0
358 424 0
304 205 0
304 83 0
304 99 0
304 91 0
99 428 0
5 237 0
5 395 0
5 475 0
311 41 0
311 71 0
314 456 0
456 7 0
317 440 0
319 403 0
321 73 0
321 369 0
325 173 0
325 433 0
325 460 0
331 337 0
331 375 0
337 340 0
335 434 0
340 496 0
496 158 0
496 165 0
496 369 0
342 392 0
342 459 0
349 389 0
352 54 0
352 434 0
353 364 0
354 454 0
355 155 0
355 271 0
355 36 0
355 495 0
36 357 0
356 44 0
356 377 0
44 465 0
359 363 0
359 414 0
362 242 0
362 402 0
365 147 0
37 418 0
370 417 0
370 465 0
417 394 0
389 140 0
389 382 0
389 402 0
375 258 0
375 378 0
376 111 0
376 161 0
376 423 0
377 407 0
382 55 0
382 78 0
55 40 0
78 295 0
78 94 0
391 409 0
473 471 0
384 56 0
384 485 0
56 169 0
409 191 0
409 252 0
409 397 0
483 418 0
464 31 0
40 45 0
40 81 0
405 194 0
405 334 0
405 494 0
407 488 0
414 481 0
418 439 0
418 69 0
418 91 0
481 125 0
481 450 0
481 494 0
481 60 0
426 11 0
426 207 0
426 80 0
428 276 0
428 406 0
428 90 0
434 188 0
434 198 0
434 72 0
467 430 0
467 461 0
451 170 0
451 260 0
454 178 0
454 32 0
454 453 0
7 339 0
459 328 0
459 455 0
488 388 0
488 95 0
471 431 0
471 66 0
75 301 0
75 309 0
75 333 0
75 380 0
88 351 0
88 441 0
