200 199 0
1 134 0
1 79 0
134 113 0
10 197 0
10 155 0
100 186 0
100 62 0
186 27 0
101 54 0
101 196 0
54 17 0
103 32 0
103 128 0
104 25 0
104 161 0
25 109 0
105 70 0
105 124 0
106 49 0
106 5 0
49 37 0
107 80 0
107 22 0
108 72 0
108 42 0
72 126 0
72 154 0
72 47 0
72 98 0
111 146 0
111 48 0
112 88 0
112 176 0
88 187 0
117 35 0
117 185 0
35 122 0
35 144 0
35 38 0
35 46 0
118 136 0
118 95 0
136 44 0
12 193 0
12 199 0
12 63 0
12 3 0
199 159 0
121 127 0
121 181 0
123 178 0
123 198 0
178 150 0
178 151 0
178 168 0
124 91 0
126 82 0
82 167 0
82 59 0
82 64 0
128 174 0
129 43 0
129 2 0
43 53 0
131 85 0
131 38 0
132 152 0
132 160 0
132 175 0
132 21 0
132 24 0
152 148 0
152 45 0
152 83 0
160 78 0
175 141 0
21 69 0
133 140 0
133 57 0
135 161 0
135 74 0
161 13 0
161 36 0
161 61 0
137 180 0
137 61 0
180 41 0
138 11 0
138 172 0
138 65 0
138 8 0
138 81 0
138 91 0
138 30 0
172 119 0
8 110 0
81 149 0
91 115 0
91 184 0
91 51 0
91 74 0
91 9 0
139 169 0
139 196 0
139 24 0
139 56 0
139 7 0
139 149 0
169 26 0
196 3 0
196 5 0
196 75 0
196 89 0
141 176 0
176 143 0
176 28 0
142 114 0
142 26 0
144 155 0
147 30 0
147 154 0
30 191 0
30 23 0
30 76 0
83 156 0
157 20 0
157 97 0
20 171 0
159 174 0
159 18 0
159 68 0
68 95 0
16 79 0
16 31 0
78 165 0
162 77 0
162 52 0
77 15 0
163 192 0
163 87 0
164 183 0
164 53 0
165 185 0
166 120 0
166 177 0
166 198 0
166 29 0
166 67 0
166 73 0
166 58 0
177 6 0
29 181 0
67 22 0
73 14 0
168 130 0
17 93 0
93 182 0
93 4 0
171 40 0
171 66 0
171 84 0
84 195 0
28 90 0
6 97 0
41 52 0
27 99 0
187 145 0
191 173 0
191 189 0
191 55 0
195 39 0
39 188 0
39 19 0
39 194 0
2 153 0
2 200 0
2 42 0
69 92 0
99 87 0
76 58 0
31 62 0
33 48 0
33 47 0
34 60 0
34 94 0
60 62 0
37 158 0
52 50 0
52 94 0
51 125 0
51 190 0
51 96 0
57 9 0
97 116 0
97 170 0
62 102 0
62 179 0
92 71 0
71 86 0
