250 249 0
10 41 0
10 32 0
41 212 0
100 230 0
100 98 0
230 178 0
102 188 0
102 232 0
188 51 0
188 65 0
188 91 0
103 20 0
103 168 0
20 119 0
20 148 0
20 218 0
20 222 0
104 159 0
104 109 0
159 129 0
105 243 0
105 6 0
106 132 0
106 93 0
106 111 0
107 173 0
107 248 0
107 37 0
107 161 0
173 200 0
109 250 0
11 108 0
11 67 0
111 2 0
115 226 0
115 22 0
226 28 0
116 219 0
116 3 0
219 215 0
117 96 0
117 150 0
96 47 0
118 36 0
118 127 0
36 193 0
36 24 0
36 9 0
121 127 0
121 146 0
122 110 0
122 141 0
122 229 0
122 70 0
122 80 0
229 235 0
123 138 0
123 201 0
123 204 0
123 224 0
123 198 0
138 234 0
124 95 0
124 212 0
95 19 0
126 3 0
126 97 0
128 140 0
128 241 0
140 237 0
129 77 0
77 182 0
13 199 0
13 32 0
199 15 0
199 180 0
199 183 0
199 35 0
199 76 0
130 112 0
130 202 0
130 79 0
130 245 0
202 186 0
131 211 0
131 89 0
211 18 0
134 27 0
134 60 0
137 97 0
137 162 0
97 184 0
97 203 0
97 54 0
97 72 0
234 244 0
237 171 0
237 25 0
237 67 0
237 82 0
142 74 0
142 94 0
143 154 0
143 90 0
146 169 0
146 197 0
146 73 0
146 92 0
146 149 0
169 59 0
147 170 0
147 43 0
147 55 0
147 194 0
43 205 0
148 241 0
241 133 0
241 14 0
149 99 0
15 99 0
99 113 0
99 152 0
99 236 0
150 5 0
155 38 0
155 49 0
157 168 0
157 2 0
158 32 0
158 53 0
32 246 0
32 7 0
160 21 0
160 196 0
161 61 0
162 151 0
162 213 0
162 227 0
162 71 0
162 90 0
162 45 0
213 57 0
163 181 0
163 5 0
181 101 0
181 195 0
181 44 0
181 62 0
166 30 0
166 47 0
30 189 0
167 209 0
167 179 0
209 225 0
59 8 0
171 144 0
171 16 0
171 45 0
172 61 0
172 239 0
177 42 0
177 46 0
177 63 0
177 203 0
178 48 0
48 216 0
179 81 0
62 232 0
182 220 0
220 26 0
186 233 0
186 240 0
186 249 0
186 29 0
249 34 0
187 164 0
187 57 0
51 196 0
91 85 0
189 192 0
192 174 0
19 214 0
190 247 0
190 86 0
191 153 0
191 78 0
191 89 0
191 250 0
193 194 0
198 235 0
35 94 0
76 49 0
2 223 0
2 228 0
2 53 0
205 145 0
205 156 0
205 31 0
207 120 0
207 216 0
208 136 0
208 215 0
212 206 0
212 231 0
212 40 0
231 87 0
216 125 0
216 139 0
22 34 0
26 114 0
26 17 0
87 210 0
87 245 0
87 4 0
87 75 0
232 175 0
232 185 0
232 69 0
244 242 0
244 68 0
236 60 0
60 135 0
60 50 0
25 98 0
82 221 0
238 58 0
238 84 0
58 239 0
250 81 0
250 88 0
250 8 0
81 12 0
81 83 0
7 66 0
33 176 0
33 52 0
94 23 0
94 64 0
94 80 0
39 84 0
39 75 0
5 165 0
5 217 0
5 8 0
52 66 0
54 6 0
8 1 0
8 56 0
83 86 0
