140 139 0
10 42 0
10 138 0
100 130 0
100 19 0
130 137 0
101 112 0
101 133 0
112 8 0
104 26 0
104 137 0
26 9 0
106 13 0
106 3 0
106 87 0
106 11 0
3 119 0
107 22 0
107 126 0
22 34 0
11 63 0
8 125 0
8 50 0
8 78 0
8 97 0
113 23 0
113 25 0
113 45 0
113 6 0
113 93 0
113 46 0
25 120 0
45 116 0
6 129 0
114 37 0
114 67 0
115 71 0
115 139 0
71 16 0
116 90 0
90 109 0
90 69 0
117 96 0
117 38 0
96 124 0
119 31 0
119 49 0
119 70 0
12 108 0
12 20 0
121 133 0
121 9 0
133 36 0
133 66 0
133 77 0
124 65 0
65 47 0
125 122 0
125 40 0
125 46 0
125 68 0
126 103 0
126 132 0
126 91 0
126 28 0
91 53 0
127 51 0
127 77 0
51 134 0
51 54 0
129 140 0
129 64 0
129 79 0
140 39 0
64 38 0
137 15 0
137 7 0
137 84 0
137 99 0
36 43 0
15 24 0
15 80 0
15 85 0
7 44 0
84 102 0
84 33 0
84 72 0
84 86 0
138 139 0
139 19 0
139 29 0
139 48 0
139 2 0
48 81 0
39 67 0
24 105 0
24 17 0
24 41 0
80 95 0
85 14 0
85 30 0
85 88 0
16 83 0
83 92 0
20 57 0
20 72 0
34 111 0
34 27 0
34 56 0
9 18 0
9 28 0
9 5 0
30 59 0
32 135 0
32 97 0
35 89 0
35 98 0
4 73 0
4 55 0
47 58 0
81 110 0
81 82 0
81 94 0
50 128 0
50 21 0
50 75 0
53 76 0
55 98 0
63 123 0
63 136 0
63 61 0
63 82 0
78 1 0
78 52 0
78 74 0
78 98 0
98 118 0
98 60 0
98 62 0
95 131 0
