300 299 0
1 109 0
1 72 0
109 32 0
10 11 0
10 146 0
10 29 0
10 41 0
100 12 0
100 275 0
12 104 0
12 157 0
12 61 0
102 168 0
102 290 0
102 91 0
102 154 0
91 103 0
103 105 0
105 226 0
105 268 0
105 275 0
105 282 0
104 149 0
104 193 0
104 49 0
275 107 0
275 15 0
275 58 0
282 245 0
107 139 0
107 218 0
107 270 0
107 41 0
32 70 0
111 115 0
111 40 0
111 64 0
111 251 0
115 222 0
112 113 0
112 18 0
112 185 0
112 248 0
222 123 0
222 262 0
222 53 0
222 69 0
157 269 0
157 294 0
157 31 0
61 108 0
61 234 0
61 35 0
61 85 0
121 299 0
121 284 0
299 178 0
299 73 0
299 99 0
123 187 0
123 265 0
187 230 0
187 296 0
187 56 0
265 118 0
265 211 0
265 235 0
128 242 0
128 2 0
242 246 0
13 14 0
13 300 0
13 66 0
13 59 0
14 286 0
132 140 0
132 20 0
132 204 0
132 182 0
134 126 0
134 280 0
134 62 0
134 152 0
138 244 0
138 82 0
244 87 0
286 55 0
147 291 0
147 251 0
291 220 0
291 247 0
15 155 0
15 228 0
15 240 0
15 34 0
228 72 0
240 194 0
240 205 0
240 252 0
240 90 0
151 180 0
151 70 0
180 143 0
180 239 0
180 254 0
152 197 0
152 63 0
152 256 0
197 110 0
197 192 0
197 210 0
63 131 0
63 26 0
63 37 0
154 176 0
154 246 0
176 17 0
176 182 0
176 189 0
159 206 0
159 208 0
159 288 0
159 81 0
206 36 0
206 38 0
206 43 0
208 232 0
208 51 0
208 60 0
208 9 0
288 117 0
288 133 0
288 96 0
163 295 0
163 42 0
163 84 0
163 279 0
295 80 0
295 83 0
295 97 0
42 144 0
42 172 0
42 94 0
84 106 0
84 289 0
84 57 0
167 203 0
167 250 0
167 45 0
167 243 0
174 181 0
174 87 0
181 127 0
181 158 0
181 170 0
177 188 0
177 231 0
177 259 0
177 246 0
188 141 0
188 196 0
188 92 0
231 173 0
231 217 0
231 5 0
259 124 0
259 293 0
259 71 0
179 162 0
179 169 0
179 229 0
179 243 0
195 136 0
195 148 0
195 281 0
195 221 0
198 114 0
198 215 0
198 77 0
198 298 0
199 214 0
199 276 0
199 28 0
199 24 0
2 256 0
205 279 0
205 284 0
205 79 0
284 191 0
284 224 0
284 46 0
284 88 0
79 116 0
79 153 0
79 164 0
232 253 0
21 101 0
21 209 0
21 82 0
21 68 0
212 16 0
212 166 0
212 237 0
212 24 0
22 258 0
22 87 0
258 165 0
258 202 0
258 59 0
221 74 0
221 81 0
221 233 0
74 156 0
74 264 0
74 76 0
223 186 0
223 257 0
223 47 0
223 8 0
47 98 0
224 78 0
78 184 0
78 227 0
72 137 0
72 251 0
72 89 0
253 274 0
253 285 0
253 52 0
253 86 0
233 171 0
233 297 0
233 98 0
234 67 0
67 216 0
67 24 0
67 48 0
236 241 0
236 292 0
236 7 0
236 3 0
241 44 0
292 160 0
292 238 0
292 25 0
7 122 0
7 19 0
7 200 0
24 277 0
24 93 0
277 243 0
93 3 0
246 68 0
243 283 0
283 125 0
283 145 0
283 272 0
87 161 0
87 175 0
245 260 0
260 261 0
260 33 0
68 267 0
68 27 0
248 119 0
248 201 0
248 298 0
251 65 0
251 8 0
65 225 0
65 278 0
65 54 0
8 298 0
285 6 0
52 273 0
267 150 0
267 190 0
267 75 0
27 120 0
27 130 0
27 23 0
273 142 0
58 287 0
6 135 0
6 255 0
6 39 0
55 219 0
298 4 0
4 207 0
4 263 0
4 95 0
3 129 0
3 30 0
3 50 0
50 183 0
50 266 0
50 271 0
70 213 0
70 249 0
