350 349 0
1 295 0
1 33 0
295 94 0
10 115 0
10 124 0
10 165 0
10 49 0
10 76 0
49 180 0
100 227 0
100 34 0
227 303 0
103 97 0
103 79 0
97 21 0
97 71 0
97 91 0
106 245 0
106 151 0
245 138 0
245 167 0
245 186 0
245 323 0
107 159 0
107 236 0
159 34 0
108 204 0
108 43 0
204 150 0
204 195 0
204 223 0
204 246 0
109 313 0
109 269 0
11 131 0
11 156 0
11 32 0
11 83 0
11 62 0
156 184 0
83 78 0
110 9 0
110 331 0
117 132 0
117 172 0
117 243 0
117 292 0
117 134 0
132 296 0
132 317 0
132 319 0
172 63 0
243 206 0
243 242 0
243 53 0
118 308 0
118 175 0
12 42 0
12 241 0
42 8 0
120 30 0
120 40 0
30 212 0
121 84 0
121 54 0
84 197 0
84 92 0
122 77 0
122 7 0
77 230 0
123 176 0
123 298 0
176 209 0
125 190 0
125 3 0
190 251 0
126 305 0
126 345 0
305 256 0
305 289 0
305 54 0
127 148 0
127 276 0
129 277 0
129 195 0
277 254 0
296 50 0
133 310 0
133 326 0
310 302 0
134 269 0
134 280 0
134 334 0
134 329 0
135 23 0
135 300 0
23 98 0
136 157 0
136 311 0
137 285 0
137 88 0
285 222 0
285 261 0
285 51 0
138 202 0
138 215 0
138 315 0
139 158 0
139 236 0
139 27 0
139 287 0
139 29 0
139 332 0
27 327 0
29 316 0
14 225 0
14 335 0
225 339 0
141 147 0
141 324 0
141 336 0
141 201 0
147 288 0
143 26 0
143 186 0
26 64 0
144 162 0
144 170 0
145 130 0
145 273 0
145 342 0
145 150 0
288 196 0
288 216 0
288 244 0
288 309 0
15 17 0
15 181 0
15 191 0
15 297 0
15 5 0
15 152 0
17 255 0
191 187 0
297 344 0
5 80 0
151 174 0
152 50 0
184 128 0
184 333 0
184 96 0
16 220 0
16 237 0
16 293 0
16 45 0
16 216 0
220 328 0
237 341 0
293 259 0
166 57 0
166 316 0
57 142 0
57 18 0
57 331 0
167 177 0
167 179 0
167 60 0
168 304 0
168 183 0
169 55 0
169 63 0
55 76 0
255 140 0
255 275 0
255 79 0
170 46 0
171 264 0
171 35 0
264 231 0
264 33 0
264 4 0
173 250 0
173 299 0
250 105 0
250 154 0
250 87 0
174 249 0
175 217 0
209 307 0
180 164 0
180 192 0
180 208 0
180 233 0
208 200 0
183 87 0
333 86 0
185 286 0
185 303 0
286 66 0
186 161 0
186 325 0
186 7 0
325 22 0
187 249 0
249 238 0
249 291 0
249 6 0
189 221 0
189 54 0
221 149 0
251 13 0
251 25 0
251 276 0
251 332 0
194 326 0
194 73 0
195 70 0
195 90 0
70 318 0
2 20 0
2 329 0
2 61 0
2 62 0
2 89 0
61 68 0
200 253 0
200 300 0
200 74 0
201 282 0
246 75 0
207 19 0
207 41 0
307 213 0
213 43 0
214 44 0
214 262 0
44 284 0
217 54 0
219 229 0
219 248 0
219 59 0
219 238 0
59 3 0
22 260 0
22 343 0
22 73 0
260 234 0
328 322 0
224 114 0
224 258 0
339 306 0
339 320 0
339 85 0
303 239 0
303 46 0
228 347 0
228 3 0
347 188 0
347 267 0
347 298 0
347 65 0
98 205 0
98 252 0
98 294 0
230 155 0
232 283 0
232 350 0
234 268 0
235 116 0
235 276 0
341 203 0
341 67 0
341 93 0
241 78 0
244 340 0
75 35 0
291 282 0
6 290 0
276 272 0
276 72 0
254 153 0
275 348 0
258 322 0
259 146 0
259 36 0
259 95 0
64 101 0
262 81 0
266 218 0
266 226 0
266 51 0
327 178 0
272 198 0
272 199 0
272 279 0
274 102 0
274 211 0
274 28 0
274 284 0
28 349 0
348 311 0
72 113 0
72 48 0
72 56 0
278 330 0
278 80 0
349 210 0
349 99 0
282 160 0
282 281 0
282 88 0
316 24 0
316 263 0
316 350 0
316 81 0
290 182 0
50 163 0
50 346 0
50 47 0
344 39 0
299 76 0
3 119 0
3 271 0
302 31 0
31 265 0
314 312 0
314 318 0
322 111 0
322 193 0
322 247 0
322 257 0
86 338 0
335 76 0
338 37 0
37 69 0
67 52 0
39 82 0
345 8 0
35 240 0
35 321 0
69 41 0
82 270 0
40 52 0
52 112 0
52 337 0
76 38 0
68 104 0
68 301 0
68 58 0
