500 499 0
10 445 0
10 46 0
445 279 0
100 167 0
100 452 0
101 422 0
101 15 0
422 329 0
103 131 0
103 416 0
131 330 0
104 21 0
104 373 0
21 284 0
21 365 0
21 413 0
107 249 0
107 203 0
249 138 0
249 148 0
249 254 0
249 364 0
110 33 0
110 492 0
111 433 0
111 179 0
112 78 0
112 412 0
78 255 0
113 177 0
113 45 0
177 256 0
115 160 0
115 487 0
116 494 0
116 456 0
494 247 0
118 278 0
118 289 0
278 234 0
278 76 0
119 180 0
119 165 0
121 337 0
121 134 0
122 276 0
122 444 0
276 362 0
276 404 0
276 481 0
124 1 0
124 165 0
124 192 0
124 259 0
124 31 0
124 181 0
259 14 0
31 79 0
125 453 0
125 168 0
126 189 0
126 274 0
126 428 0
126 202 0
127 327 0
127 93 0
129 253 0
129 307 0
129 358 0
129 9 0
129 86 0
253 430 0
358 472 0
13 17 0
13 260 0
13 392 0
13 28 0
260 236 0
130 186 0
130 196 0
130 347 0
130 333 0
347 199 0
330 218 0
132 225 0
132 237 0
132 325 0
132 393 0
325 366 0
134 161 0
14 89 0
89 357 0
140 200 0
140 329 0
200 228 0
200 35 0
200 466 0
141 22 0
141 143 0
22 145 0
22 301 0
22 479 0
22 489 0
143 420 0
143 429 0
143 375 0
145 60 0
60 355 0
146 289 0
146 301 0
147 393 0
147 47 0
149 98 0
149 469 0
98 292 0
98 304 0
98 77 0
98 96 0
15 123 0
15 335 0
15 349 0
15 294 0
335 242 0
151 87 0
151 439 0
87 204 0
87 497 0
87 50 0
156 451 0
156 199 0
451 73 0
157 432 0
157 86 0
432 171 0
432 207 0
432 346 0
158 313 0
158 4 0
313 85 0
159 291 0
159 438 0
291 287 0
16 388 0
16 57 0
388 328 0
388 474 0
388 6 0
161 24 0
162 28 0
162 45 0
28 220 0
28 248 0
28 441 0
163 303 0
163 45 0
303 376 0
166 39 0
166 178 0
39 440 0
168 90 0
170 44 0
170 415 0
44 411 0
174 275 0
174 387 0
174 390 0
174 94 0
174 58 0
390 361 0
94 482 0
176 377 0
176 396 0
256 223 0
256 491 0
256 83 0
178 109 0
178 11 0
178 139 0
178 191 0
178 490 0
178 216 0
191 468 0
490 294 0
179 400 0
18 48 0
18 402 0
48 88 0
181 463 0
184 272 0
184 302 0
184 478 0
184 7 0
184 304 0
272 29 0
187 447 0
187 230 0
19 331 0
19 92 0
468 222 0
468 436 0
194 483 0
194 209 0
195 133 0
195 386 0
197 198 0
197 461 0
197 471 0
197 493 0
197 446 0
198 318 0
198 434 0
198 477 0
198 81 0
493 371 0
318 315 0
318 339 0
318 68 0
434 230 0
477 142 0
477 408 0
477 455 0
81 246 0
199 372 0
199 500 0
500 235 0
2 266 0
2 381 0
266 457 0
381 135 0
35 314 0
201 136 0
201 202 0
201 412 0
201 415 0
201 88 0
203 49 0
204 332 0
332 400 0
205 172 0
205 62 0
205 5 0
209 262 0
365 51 0
210 90 0
210 71 0
211 496 0
211 321 0
496 155 0
496 245 0
496 306 0
496 8 0
212 498 0
212 86 0
498 47 0
216 95 0
217 219 0
217 311 0
217 421 0
217 367 0
311 427 0
218 487 0
479 224 0
479 23 0
479 282 0
479 401 0
220 208 0
220 308 0
220 488 0
221 354 0
221 353 0
224 257 0
224 414 0
224 82 0
226 64 0
226 399 0
227 386 0
227 79 0
386 261 0
386 43 0
386 462 0
229 214 0
229 298 0
229 352 0
229 58 0
229 462 0
23 296 0
233 348 0
233 369 0
233 449 0
233 460 0
233 73 0
348 3 0
369 459 0
236 444 0
24 183 0
24 280 0
24 341 0
24 470 0
280 378 0
341 5 0
242 437 0
243 42 0
243 366 0
42 92 0
246 54 0
247 252 0
248 38 0
248 384 0
248 424 0
38 317 0
254 297 0
364 495 0
25 448 0
25 495 0
297 20 0
297 267 0
297 435 0
255 231 0
255 232 0
255 333 0
255 67 0
67 154 0
67 185 0
67 277 0
67 484 0
258 323 0
258 457 0
323 41 0
26 324 0
26 389 0
262 456 0
263 439 0
263 467 0
439 175 0
439 322 0
439 396 0
439 402 0
264 465 0
264 472 0
465 399 0
457 206 0
457 467 0
268 117 0
268 95 0
271 295 0
271 282 0
29 215 0
29 464 0
29 61 0
29 69 0
273 320 0
273 476 0
320 442 0
362 389 0
441 27 0
441 423 0
441 70 0
378 63 0
283 66 0
283 431 0
66 321 0
287 385 0
290 340 0
290 45 0
340 475 0
292 188 0
435 409 0
299 150 0
299 265 0
299 293 0
299 336 0
299 452 0
299 310 0
336 485 0
300 34 0
300 395 0
34 359 0
305 4 0
305 360 0
306 80 0
80 49 0
79 105 0
79 446 0
79 458 0
79 53 0
310 41 0
427 270 0
85 344 0
85 407 0
314 190 0
314 356 0
314 405 0
356 492 0
405 426 0
317 241 0
442 281 0
321 102 0
321 106 0
322 418 0
418 288 0
418 367 0
418 373 0
366 32 0
366 334 0
328 71 0
71 137 0
71 360 0
400 120 0
400 363 0
485 45 0
338 55 0
338 419 0
5 144 0
5 395 0
5 499 0
342 463 0
342 95 0
343 95 0
343 456 0
95 182 0
95 353 0
95 57 0
345 309 0
345 380 0
345 473 0
345 480 0
345 397 0
380 86 0
473 382 0
357 36 0
36 238 0
472 128 0
472 213 0
361 164 0
361 193 0
361 370 0
389 173 0
389 30 0
389 431 0
363 470 0
470 379 0
470 406 0
470 438 0
470 456 0
51 319 0
51 454 0
51 72 0
37 40 0
37 469 0
40 316 0
40 383 0
40 46 0
375 379 0
86 250 0
86 419 0
382 374 0
431 152 0
431 312 0
431 403 0
440 244 0
440 326 0
440 52 0
391 169 0
391 91 0
394 153 0
394 97 0
394 426 0
397 53 0
406 108 0
406 239 0
406 443 0
410 93 0
410 458 0
416 269 0
416 398 0
416 417 0
417 425 0
423 56 0
56 469 0
425 450 0
425 59 0
425 99 0
425 65 0
450 84 0
99 12 0
70 65 0
45 285 0
45 486 0
486 368 0
84 74 0
456 251 0
469 350 0
469 75 0
476 114 0
476 240 0
476 286 0
476 484 0
8 91 0
499 351 0
