300 299 0
10 147 0
10 213 0
100 252 0
100 32 0
252 140 0
252 156 0
252 210 0
252 255 0
252 35 0
101 165 0
101 179 0
101 225 0
101 28 0
101 44 0
225 241 0
28 157 0
102 54 0
102 192 0
54 56 0
103 121 0
103 126 0
121 264 0
104 294 0
104 2 0
294 239 0
294 33 0
294 44 0
294 57 0
294 85 0
105 242 0
105 204 0
242 109 0
242 23 0
242 86 0
106 82 0
106 293 0
82 148 0
107 295 0
107 64 0
295 66 0
11 51 0
11 209 0
51 160 0
110 87 0
110 168 0
87 81 0
111 116 0
111 253 0
112 260 0
112 273 0
260 185 0
115 70 0
115 226 0
118 1 0
118 238 0
119 131 0
119 44 0
131 14 0
120 155 0
120 241 0
155 173 0
155 198 0
155 281 0
155 45 0
264 21 0
126 214 0
126 267 0
126 221 0
128 6 0
128 232 0
6 248 0
129 290 0
129 96 0
290 49 0
130 93 0
130 60 0
93 52 0
14 291 0
132 94 0
132 241 0
94 204 0
136 91 0
136 145 0
91 98 0
137 217 0
137 300 0
137 41 0
137 72 0
137 68 0
217 270 0
300 158 0
138 149 0
138 156 0
149 3 0
139 220 0
139 216 0
220 219 0
220 90 0
291 36 0
141 298 0
141 4 0
141 88 0
141 17 0
142 208 0
142 240 0
208 211 0
144 78 0
144 184 0
78 261 0
145 74 0
146 92 0
146 229 0
92 18 0
3 47 0
15 226 0
15 274 0
226 188 0
226 224 0
226 73 0
154 20 0
154 244 0
20 293 0
281 17 0
45 161 0
156 195 0
156 221 0
156 262 0
156 271 0
195 297 0
262 55 0
271 240 0
157 68 0
158 124 0
158 163 0
158 223 0
158 32 0
158 61 0
61 193 0
61 25 0
61 95 0
159 287 0
159 292 0
159 30 0
159 227 0
287 122 0
30 164 0
16 203 0
16 269 0
203 177 0
203 181 0
203 202 0
203 280 0
160 279 0
161 133 0
161 232 0
161 247 0
161 46 0
161 71 0
247 254 0
71 216 0
164 222 0
164 257 0
164 43 0
168 44 0
169 75 0
169 272 0
75 244 0
172 31 0
172 241 0
31 258 0
31 266 0
31 286 0
31 89 0
174 192 0
174 293 0
192 114 0
192 50 0
192 65 0
175 99 0
175 215 0
176 150 0
176 178 0
176 76 0
176 39 0
178 249 0
177 83 0
83 62 0
249 26 0
18 213 0
180 22 0
180 276 0
22 277 0
182 183 0
182 216 0
183 134 0
183 143 0
183 250 0
183 97 0
184 34 0
185 230 0
230 29 0
19 186 0
19 231 0
19 58 0
19 196 0
58 200 0
190 151 0
190 81 0
191 80 0
191 98 0
80 166 0
193 127 0
194 69 0
194 52 0
69 206 0
297 209 0
196 246 0
197 8 0
197 245 0
8 167 0
8 246 0
8 40 0
293 238 0
293 256 0
293 274 0
293 37 0
200 9 0
9 284 0
280 24 0
211 13 0
21 265 0
210 276 0
276 162 0
276 7 0
215 241 0
216 205 0
216 207 0
270 234 0
277 269 0
241 135 0
241 60 0
241 64 0
73 235 0
227 56 0
229 245 0
23 283 0
283 253 0
29 5 0
233 53 0
233 285 0
236 42 0
236 274 0
42 74 0
237 39 0
237 245 0
239 245 0
245 171 0
245 296 0
245 59 0
24 34 0
59 278 0
254 285 0
248 263 0
263 243 0
251 123 0
251 289 0
55 299 0
272 12 0
272 201 0
272 259 0
272 47 0
273 33 0
274 117 0
274 187 0
282 27 0
282 67 0
286 212 0
288 113 0
288 38 0
289 199 0
289 79 0
289 48 0
79 96 0
36 275 0
37 38 0
33 189 0
33 268 0
44 153 0
44 218 0
57 48 0
85 84 0
299 125 0
299 170 0
299 77 0
89 67 0
62 108 0
67 152 0
67 228 0
84 63 0
