160 159 0
1 132 0
1 49 0
132 21 0
10 13 0
10 128 0
13 135 0
13 145 0
13 74 0
13 82 0
100 29 0
100 122 0
101 56 0
101 35 0
56 139 0
56 149 0
56 70 0
56 99 0
102 79 0
102 137 0
79 121 0
103 122 0
103 16 0
104 24 0
104 147 0
106 128 0
106 121 0
128 134 0
128 31 0
128 9 0
107 123 0
107 150 0
107 158 0
107 73 0
150 72 0
108 20 0
108 37 0
20 153 0
109 28 0
109 62 0
28 40 0
110 34 0
110 112 0
34 113 0
111 45 0
111 136 0
112 124 0
116 148 0
116 65 0
117 6 0
117 87 0
6 155 0
6 66 0
6 83 0
12 59 0
12 88 0
59 50 0
120 88 0
120 70 0
121 147 0
121 41 0
121 44 0
121 67 0
147 39 0
147 93 0
41 19 0
44 47 0
67 46 0
124 118 0
124 23 0
124 2 0
126 114 0
126 3 0
126 5 0
126 48 0
3 127 0
127 140 0
127 160 0
127 36 0
160 98 0
31 32 0
129 90 0
129 153 0
90 87 0
135 51 0
74 80 0
131 15 0
131 22 0
15 65 0
21 35 0
133 49 0
133 37 0
51 53 0
136 141 0
136 48 0
136 52 0
136 97 0
52 138 0
137 154 0
137 16 0
137 7 0
137 65 0
7 84 0
142 8 0
142 43 0
8 96 0
65 55 0
65 63 0
72 77 0
152 14 0
152 68 0
156 146 0
156 66 0
157 85 0
157 18 0
85 17 0
98 86 0
17 95 0
18 89 0
19 60 0
2 42 0
2 89 0
2 92 0
2 97 0
92 73 0
97 144 0
97 38 0
35 105 0
35 43 0
35 69 0
35 76 0
22 77 0
25 81 0
25 54 0
81 11 0
26 125 0
26 86 0
27 57 0
27 84 0
57 143 0
40 4 0
32 64 0
64 37 0
69 75 0
37 159 0
4 78 0
78 115 0
47 151 0
47 58 0
47 91 0
46 71 0
50 54 0
53 62 0
61 68 0
61 80 0
84 130 0
84 33 0
84 94 0
77 119 0
77 30 0
