350 349 0
1 52 0
1 12 0
52 78 0
100 173 0
100 225 0
100 278 0
100 42 0
102 326 0
102 82 0
326 33 0
326 61 0
326 81 0
104 123 0
104 82 0
123 322 0
105 227 0
105 98 0
227 124 0
227 186 0
227 48 0
227 68 0
107 248 0
107 78 0
248 212 0
248 284 0
248 338 0
108 5 0
108 118 0
5 158 0
109 132 0
109 196 0
132 143 0
132 201 0
132 342 0
11 253 0
11 314 0
11 257 0
111 348 0
111 170 0
114 275 0
114 30 0
275 291 0
115 234 0
115 349 0
115 44 0
115 60 0
115 148 0
44 37 0
60 311 0
118 140 0
119 174 0
119 76 0
174 171 0
174 273 0
174 75 0
12 179 0
12 19 0
12 192 0
12 259 0
12 298 0
19 50 0
259 266 0
120 240 0
120 299 0
120 317 0
120 62 0
122 198 0
122 256 0
122 97 0
122 94 0
97 89 0
322 251 0
124 18 0
124 244 0
124 344 0
244 327 0
126 106 0
126 121 0
126 246 0
126 347 0
126 80 0
126 283 0
347 274 0
80 287 0
130 169 0
130 178 0
130 295 0
130 67 0
131 277 0
131 206 0
277 202 0
277 23 0
277 296 0
277 43 0
143 262 0
133 3 0
133 226 0
3 127 0
3 164 0
3 28 0
134 175 0
134 340 0
175 113 0
136 254 0
136 303 0
136 308 0
136 315 0
308 153 0
138 142 0
138 216 0
138 281 0
14 93 0
14 35 0
93 333 0
140 329 0
140 66 0
140 152 0
262 150 0
262 190 0
262 235 0
146 63 0
146 47 0
63 293 0
63 297 0
63 42 0
148 345 0
149 145 0
149 64 0
15 218 0
15 87 0
218 95 0
152 188 0
154 203 0
154 325 0
203 141 0
203 17 0
203 307 0
203 70 0
155 139 0
155 166 0
155 330 0
155 288 0
158 21 0
21 309 0
159 180 0
159 304 0
180 112 0
180 157 0
180 71 0
162 160 0
162 204 0
162 241 0
162 202 0
164 260 0
168 51 0
168 181 0
51 243 0
51 321 0
51 4 0
17 276 0
276 172 0
276 22 0
276 233 0
170 287 0
171 79 0
79 335 0
273 9 0
177 147 0
177 151 0
177 46 0
177 232 0
46 301 0
181 239 0
181 242 0
181 62 0
181 83 0
181 56 0
239 270 0
239 64 0
83 65 0
183 197 0
183 228 0
183 232 0
183 306 0
183 341 0
183 24 0
306 29 0
184 74 0
184 307 0
74 272 0
185 195 0
185 350 0
195 35 0
186 32 0
32 285 0
188 65 0
50 213 0
196 282 0
2 298 0
298 339 0
298 90 0
298 99 0
200 137 0
200 85 0
200 87 0
200 202 0
202 286 0
286 77 0
205 40 0
205 45 0
205 86 0
205 55 0
206 213 0
207 101 0
207 249 0
207 300 0
207 267 0
208 58 0
208 213 0
58 199 0
58 209 0
58 332 0
211 56 0
211 250 0
213 223 0
215 319 0
215 54 0
215 55 0
215 76 0
215 92 0
215 219 0
54 217 0
217 25 0
219 345 0
226 258 0
226 328 0
226 251 0
48 237 0
48 252 0
48 34 0
68 193 0
68 222 0
229 125 0
229 191 0
229 41 0
229 268 0
233 318 0
318 280 0
270 72 0
24 37 0
243 94 0
245 16 0
245 315 0
338 6 0
250 210 0
250 283 0
250 30 0
250 350 0
250 343 0
251 264 0
251 268 0
264 165 0
264 231 0
264 289 0
268 221 0
268 26 0
268 292 0
255 82 0
255 84 0
82 110 0
82 290 0
257 269 0
266 129 0
266 13 0
266 57 0
289 47 0
57 8 0
267 337 0
269 96 0
72 161 0
9 279 0
9 323 0
9 73 0
274 103 0
274 135 0
274 261 0
291 312 0
280 346 0
346 187 0
281 345 0
282 99 0
77 91 0
287 265 0
287 27 0
287 84 0
287 88 0
88 53 0
288 302 0
29 305 0
312 316 0
297 331 0
331 117 0
339 263 0
90 69 0
301 325 0
325 167 0
325 176 0
325 343 0
302 36 0
302 7 0
302 311 0
304 332 0
31 310 0
31 6 0
310 20 0
315 271 0
315 39 0
315 96 0
315 65 0
39 214 0
39 340 0
39 59 0
96 163 0
96 238 0
324 345 0
324 69 0
345 220 0
345 320 0
33 247 0
333 313 0
335 156 0
337 116 0
337 224 0
337 294 0
337 37 0
37 194 0
37 67 0
37 98 0
78 182 0
78 230 0
53 10 0
8 128 0
8 189 0
8 38 0
65 49 0
69 334 0
69 336 0
91 144 0
91 236 0
