350 349 0
10 347 0
10 231 0
100 345 0
100 305 0
345 96 0
101 27 0
101 62 0
27 330 0
103 117 0
103 39 0
117 14 0
117 234 0
117 235 0
105 343 0
105 270 0
343 153 0
343 202 0
343 64 0
107 244 0
107 256 0
244 112 0
108 216 0
108 231 0
108 33 0
108 58 0
108 152 0
58 88 0
109 319 0
109 328 0
109 38 0
109 276 0
112 138 0
112 151 0
112 260 0
151 155 0
114 317 0
114 25 0
317 269 0
115 137 0
115 340 0
137 285 0
14 177 0
14 230 0
14 284 0
14 8 0
119 195 0
119 123 0
195 163 0
121 210 0
121 251 0
210 158 0
123 56 0
124 331 0
124 196 0
331 278 0
125 133 0
125 228 0
133 320 0
126 31 0
126 196 0
31 75 0
128 322 0
128 182 0
322 241 0
130 290 0
130 232 0
290 139 0
131 189 0
131 71 0
131 196 0
320 253 0
134 312 0
134 47 0
312 160 0
135 116 0
135 214 0
135 90 0
135 294 0
136 205 0
136 18 0
205 223 0
139 257 0
257 184 0
257 21 0
257 303 0
177 154 0
230 225 0
230 298 0
230 314 0
284 44 0
8 164 0
8 169 0
8 318 0
144 247 0
144 89 0
247 255 0
145 297 0
145 304 0
145 74 0
145 2 0
297 157 0
146 212 0
146 52 0
212 203 0
147 239 0
147 229 0
239 1 0
239 258 0
239 91 0
148 242 0
148 232 0
242 110 0
242 36 0
149 220 0
149 3 0
220 173 0
220 69 0
220 83 0
15 47 0
15 193 0
150 129 0
150 283 0
150 4 0
150 335 0
155 171 0
152 346 0
153 346 0
346 200 0
346 274 0
346 34 0
346 63 0
154 199 0
154 251 0
154 254 0
154 84 0
251 224 0
251 40 0
171 140 0
171 286 0
171 86 0
156 287 0
156 56 0
287 28 0
287 296 0
287 310 0
287 51 0
157 299 0
299 228 0
299 249 0
299 261 0
299 73 0
158 256 0
16 204 0
16 186 0
160 329 0
161 181 0
161 301 0
161 336 0
161 246 0
336 266 0
336 333 0
336 334 0
336 340 0
162 65 0
162 334 0
65 168 0
163 183 0
163 196 0
163 323 0
163 55 0
196 309 0
168 280 0
17 209 0
17 250 0
17 337 0
17 43 0
17 93 0
43 26 0
86 232 0
172 18 0
172 295 0
174 265 0
174 60 0
175 22 0
175 226 0
175 60 0
175 80 0
175 89 0
179 291 0
179 70 0
291 349 0
182 5 0
186 87 0
19 70 0
19 338 0
193 56 0
309 293 0
309 332 0
309 98 0
20 305 0
20 89 0
305 24 0
305 53 0
201 142 0
201 159 0
201 187 0
201 267 0
223 294 0
223 50 0
223 87 0
218 259 0
218 25 0
259 273 0
83 313 0
222 191 0
222 279 0
224 13 0
224 245 0
224 321 0
225 268 0
227 229 0
227 63 0
229 165 0
229 198 0
229 338 0
228 122 0
228 271 0
232 92 0
233 25 0
233 349 0
25 295 0
25 342 0
25 42 0
238 344 0
238 56 0
344 326 0
258 94 0
241 143 0
241 176 0
241 82 0
246 42 0
255 49 0
255 7 0
255 72 0
248 288 0
248 252 0
249 104 0
249 12 0
249 166 0
342 97 0
40 207 0
40 277 0
40 289 0
40 339 0
252 341 0
72 95 0
303 66 0
94 237 0
94 67 0
26 281 0
281 311 0
261 262 0
261 275 0
261 56 0
261 77 0
262 93 0
56 106 0
56 141 0
56 282 0
56 54 0
77 306 0
263 118 0
263 185 0
263 57 0
263 32 0
264 350 0
264 278 0
350 62 0
266 23 0
266 272 0
266 348 0
267 63 0
269 85 0
330 190 0
330 6 0
270 279 0
270 30 0
270 315 0
270 32 0
270 78 0
276 311 0
278 127 0
278 240 0
278 39 0
278 81 0
39 215 0
39 219 0
39 335 0
39 78 0
282 68 0
68 178 0
68 29 0
68 76 0
44 302 0
51 5 0
349 52 0
349 79 0
73 327 0
3 102 0
3 111 0
3 97 0
300 89 0
300 313 0
89 11 0
302 120 0
302 167 0
302 37 0
66 188 0
308 324 0
308 35 0
98 35 0
75 113 0
75 213 0
75 9 0
326 192 0
327 221 0
340 170 0
340 307 0
341 63 0
96 180 0
96 46 0
63 61 0
62 292 0
62 48 0
62 59 0
62 99 0
5 217 0
5 45 0
54 132 0
88 208 0
88 211 0
88 236 0
88 41 0
59 206 0
59 243 0
59 316 0
95 194 0
95 197 0
95 325 0
