400 399 0
1 260 0
1 210 0
260 263 0
260 266 0
260 76 0
260 8 0
10 130 0
10 161 0
10 228 0
10 87 0
10 224 0
87 30 0
100 236 0
100 296 0
100 309 0
100 355 0
100 226 0
236 106 0
236 138 0
236 181 0
296 268 0
296 342 0
296 353 0
309 19 0
355 124 0
355 210 0
355 310 0
104 108 0
104 132 0
104 86 0
104 149 0
105 394 0
105 140 0
394 152 0
394 234 0
394 378 0
394 398 0
394 88 0
106 185 0
185 373 0
112 12 0
112 215 0
112 38 0
112 75 0
12 14 0
113 143 0
113 207 0
143 142 0
114 248 0
114 253 0
114 325 0
114 357 0
114 227 0
248 329 0
253 311 0
115 168 0
115 241 0
115 286 0
115 152 0
168 164 0
168 187 0
168 232 0
168 375 0
241 121 0
241 20 0
241 294 0
286 144 0
286 162 0
286 301 0
116 93 0
116 131 0
93 135 0
117 220 0
117 307 0
220 26 0
118 293 0
118 283 0
119 77 0
119 289 0
77 227 0
14 169 0
120 191 0
120 284 0
120 74 0
120 198 0
74 346 0
123 361 0
123 311 0
125 41 0
125 267 0
41 129 0
41 53 0
41 57 0
127 13 0
127 19 0
13 11 0
13 255 0
13 55 0
128 15 0
128 364 0
15 297 0
131 37 0
131 379 0
131 84 0
131 186 0
37 278 0
134 322 0
134 2 0
322 178 0
322 183 0
322 274 0
136 109 0
136 277 0
136 339 0
136 389 0
136 221 0
277 28 0
389 245 0
389 290 0
389 380 0
139 307 0
139 23 0
307 285 0
307 386 0
169 281 0
140 25 0
140 56 0
140 399 0
25 254 0
142 71 0
147 200 0
147 265 0
147 280 0
147 326 0
147 60 0
147 374 0
200 300 0
326 110 0
326 145 0
326 259 0
326 319 0
60 165 0
148 122 0
148 159 0
148 261 0
148 275 0
148 259 0
261 176 0
149 292 0
149 364 0
149 237 0
292 282 0
292 52 0
292 98 0
364 133 0
364 271 0
364 368 0
297 239 0
151 101 0
151 170 0
151 48 0
151 331 0
170 270 0
157 244 0
157 73 0
244 182 0
16 242 0
16 356 0
242 383 0
163 226 0
163 21 0
166 396 0
166 44 0
166 68 0
166 349 0
167 388 0
167 217 0
388 47 0
187 230 0
232 203 0
375 21 0
17 160 0
17 72 0
17 92 0
17 221 0
270 174 0
270 39 0
270 5 0
172 102 0
172 338 0
172 7 0
172 8 0
7 279 0
7 32 0
7 374 0
7 64 0
176 333 0
177 287 0
177 29 0
177 302 0
177 67 0
18 317 0
18 64 0
317 150 0
317 158 0
317 31 0
180 111 0
180 218 0
180 249 0
180 328 0
184 258 0
184 43 0
258 343 0
373 295 0
186 199 0
186 212 0
186 332 0
199 299 0
212 196 0
212 340 0
212 46 0
230 209 0
188 382 0
188 369 0
382 327 0
190 189 0
190 231 0
192 308 0
192 42 0
194 82 0
194 354 0
82 146 0
82 381 0
82 83 0
197 276 0
197 247 0
276 267 0
198 289 0
299 376 0
2 369 0
20 204 0
204 97 0
300 156 0
300 395 0
300 54 0
201 323 0
201 49 0
203 349 0
97 313 0
205 223 0
205 305 0
205 69 0
205 263 0
305 81 0
207 262 0
207 78 0
207 324 0
217 399 0
221 269 0
221 350 0
221 329 0
269 235 0
269 335 0
269 50 0
350 237 0
222 214 0
222 216 0
222 372 0
222 75 0
222 73 0
372 363 0
224 290 0
225 179 0
225 264 0
225 288 0
225 58 0
23 154 0
23 252 0
23 304 0
23 393 0
252 233 0
231 98 0
233 385 0
385 153 0
234 137 0
239 173 0
239 246 0
239 36 0
246 318 0
36 356 0
24 35 0
24 377 0
24 390 0
24 73 0
383 365 0
245 240 0
245 352 0
245 45 0
45 362 0
318 370 0
247 54 0
329 229 0
329 331 0
329 89 0
254 34 0
250 337 0
250 387 0
250 391 0
250 397 0
250 398 0
337 341 0
311 202 0
311 238 0
34 73 0
257 360 0
257 27 0
360 336 0
360 358 0
360 384 0
267 256 0
267 321 0
267 94 0
94 91 0
335 306 0
27 273 0
27 348 0
27 381 0
5 49 0
272 206 0
272 51 0
272 96 0
272 73 0
28 85 0
278 320 0
320 107 0
279 291 0
279 345 0
279 66 0
85 193 0
85 219 0
85 67 0
283 346 0
289 155 0
289 324 0
289 6 0
289 80 0
298 4 0
298 370 0
376 347 0
303 366 0
303 332 0
315 316 0
315 371 0
315 392 0
315 42 0
315 328 0
316 334 0
334 344 0
319 80 0
32 213 0
32 400 0
32 79 0
32 99 0
400 332 0
327 328 0
328 399 0
399 195 0
399 211 0
332 61 0
332 65 0
344 59 0
341 141 0
341 175 0
341 3 0
73 63 0
59 251 0
346 171 0
346 354 0
346 95 0
356 33 0
356 62 0
363 58 0
378 330 0
378 359 0
378 9 0
380 312 0
380 351 0
380 367 0
47 70 0
393 91 0
88 243 0
88 43 0
88 90 0
63 103 0
63 208 0
63 40 0
83 314 0
91 126 0
91 22 0
