120 119 0
1 30 0
1 29 0
30 3 0
10 80 0
10 21 0
80 112 0
80 120 0
80 66 0
100 116 0
100 31 0
100 69 0
100 9 0
100 96 0
100 97 0
9 101 0
9 118 0
9 63 0
9 71 0
9 75 0
96 45 0
101 39 0
102 76 0
102 84 0
76 22 0
103 57 0
103 5 0
57 93 0
104 29 0
104 73 0
29 19 0
29 59 0
29 84 0
105 40 0
105 82 0
40 41 0
106 47 0
106 21 0
107 48 0
107 83 0
107 95 0
107 19 0
83 108 0
108 21 0
108 24 0
108 54 0
108 60 0
21 117 0
21 64 0
21 88 0
24 5 0
111 14 0
111 89 0
14 44 0
112 13 0
13 34 0
13 58 0
13 90 0
13 97 0
114 25 0
114 2 0
25 43 0
118 65 0
65 11 0
119 82 0
119 44 0
12 72 0
12 53 0
34 32 0
44 109 0
44 4 0
16 89 0
16 49 0
17 77 0
17 23 0
77 33 0
2 27 0
2 36 0
2 73 0
73 15 0
73 49 0
73 67 0
20 35 0
20 7 0
64 98 0
22 78 0
23 113 0
23 56 0
23 61 0
23 42 0
61 81 0
5 62 0
5 87 0
43 68 0
26 99 0
26 63 0
99 92 0
28 86 0
28 75 0
86 50 0
3 18 0
37 52 0
37 75 0
52 8 0
52 85 0
52 91 0
38 115 0
38 70 0
42 51 0
62 51 0
53 79 0
93 94 0
98 70 0
7 74 0
74 92 0
79 94 0
92 46 0
92 6 0
94 110 0
94 55 0
