160 159 0
1 50 0
1 125 0
50 93 0
100 150 0
100 160 0
150 13 0
150 140 0
150 147 0
150 68 0
103 126 0
103 18 0
103 48 0
103 92 0
103 109 0
18 62 0
48 74 0
104 22 0
104 98 0
104 6 0
107 17 0
107 24 0
109 85 0
11 130 0
11 149 0
130 99 0
110 52 0
110 72 0
110 81 0
110 74 0
111 26 0
111 86 0
26 16 0
114 42 0
114 147 0
42 61 0
116 35 0
116 59 0
118 32 0
118 90 0
118 2 0
90 40 0
121 79 0
121 131 0
79 44 0
124 54 0
124 5 0
125 139 0
127 144 0
127 149 0
144 157 0
13 29 0
29 88 0
99 141 0
131 106 0
131 24 0
131 87 0
131 94 0
87 6 0
132 55 0
132 91 0
55 160 0
135 12 0
135 136 0
136 74 0
138 123 0
138 43 0
139 8 0
14 15 0
14 160 0
141 7 0
7 38 0
142 112 0
142 158 0
143 69 0
143 65 0
157 122 0
145 9 0
145 38 0
9 115 0
9 153 0
9 25 0
9 27 0
9 33 0
148 8 0
148 88 0
149 154 0
149 63 0
149 160 0
154 59 0
155 56 0
155 45 0
56 119 0
56 60 0
56 76 0
156 85 0
156 19 0
85 101 0
85 102 0
85 37 0
158 160 0
159 105 0
159 77 0
159 95 0
159 97 0
159 80 0
97 5 0
160 75 0
75 19 0
62 20 0
62 3 0
62 86 0
21 65 0
21 88 0
65 134 0
65 53 0
28 70 0
28 57 0
70 129 0
88 43 0
88 57 0
88 73 0
30 66 0
30 37 0
66 113 0
66 4 0
34 23 0
34 47 0
34 49 0
34 58 0
34 74 0
36 80 0
36 91 0
38 117 0
38 152 0
38 89 0
39 91 0
39 41 0
91 108 0
91 120 0
40 71 0
71 41 0
41 83 0
41 96 0
61 94 0
43 137 0
43 146 0
44 10 0
45 93 0
46 128 0
46 151 0
46 31 0
46 74 0
74 67 0
60 84 0
84 82 0
64 133 0
64 67 0
82 51 0
82 78 0
