400 399 0
10 81 0
10 256 0
81 12 0
101 127 0
101 111 0
102 20 0
102 259 0
102 363 0
102 136 0
259 242 0
103 109 0
103 38 0
109 313 0
104 273 0
104 341 0
104 76 0
104 372 0
106 120 0
106 235 0
106 243 0
106 93 0
106 63 0
120 321 0
235 28 0
243 132 0
243 156 0
243 219 0
243 89 0
108 255 0
108 9 0
255 335 0
255 40 0
255 49 0
255 69 0
110 32 0
110 379 0
32 268 0
32 47 0
32 98 0
111 13 0
111 276 0
111 77 0
111 23 0
276 253 0
77 236 0
113 138 0
113 43 0
138 389 0
115 292 0
115 393 0
292 353 0
116 377 0
116 168 0
377 126 0
377 248 0
377 348 0
377 38 0
118 91 0
118 318 0
91 170 0
91 216 0
91 290 0
91 392 0
12 225 0
225 119 0
225 186 0
225 302 0
225 70 0
321 39 0
121 140 0
121 53 0
121 88 0
121 4 0
140 233 0
123 176 0
123 239 0
123 42 0
123 234 0
176 154 0
128 314 0
128 367 0
128 28 0
129 269 0
129 220 0
269 16 0
269 237 0
269 307 0
269 373 0
130 209 0
130 210 0
209 7 0
132 74 0
133 312 0
133 272 0
312 227 0
312 396 0
134 94 0
134 263 0
94 168 0
135 294 0
135 39 0
136 275 0
136 359 0
136 5 0
136 394 0
275 22 0
359 105 0
359 142 0
359 343 0
5 287 0
389 345 0
389 383 0
139 27 0
139 151 0
27 155 0
14 202 0
14 310 0
14 366 0
14 373 0
233 205 0
233 326 0
233 356 0
233 46 0
142 64 0
143 1 0
143 117 0
143 213 0
143 43 0
143 8 0
143 73 0
213 336 0
8 330 0
144 122 0
144 190 0
144 277 0
144 286 0
144 195 0
190 271 0
286 188 0
149 60 0
149 290 0
150 55 0
150 23 0
55 350 0
151 124 0
151 232 0
151 316 0
151 73 0
316 6 0
152 3 0
152 355 0
152 373 0
153 221 0
153 338 0
221 141 0
221 218 0
221 4 0
155 147 0
157 371 0
157 57 0
371 262 0
158 344 0
158 201 0
344 318 0
159 352 0
159 163 0
352 200 0
162 207 0
162 65 0
162 99 0
162 204 0
163 360 0
168 175 0
168 381 0
169 57 0
169 6 0
17 349 0
17 360 0
349 297 0
349 362 0
349 390 0
349 66 0
171 189 0
171 336 0
179 340 0
179 184 0
340 250 0
181 379 0
181 342 0
183 44 0
183 83 0
44 100 0
44 194 0
44 400 0
184 206 0
184 279 0
184 361 0
184 67 0
184 271 0
206 212 0
67 68 0
186 56 0
56 252 0
188 231 0
188 24 0
188 245 0
271 284 0
271 75 0
194 220 0
220 246 0
220 323 0
220 84 0
195 338 0
196 26 0
196 308 0
26 395 0
197 214 0
197 78 0
214 114 0
214 178 0
214 180 0
2 305 0
2 398 0
305 394 0
200 172 0
200 224 0
200 254 0
201 29 0
201 304 0
201 375 0
201 309 0
204 260 0
204 87 0
204 336 0
260 25 0
260 280 0
260 391 0
87 31 0
87 80 0
87 92 0
205 296 0
296 217 0
296 324 0
296 376 0
212 369 0
212 97 0
7 257 0
210 208 0
210 365 0
210 84 0
211 131 0
211 185 0
211 96 0
211 395 0
336 357 0
336 384 0
336 90 0
216 311 0
311 282 0
22 23 0
23 238 0
23 63 0
70 164 0
70 199 0
70 229 0
226 240 0
226 258 0
226 52 0
226 283 0
258 306 0
52 293 0
228 300 0
228 284 0
300 327 0
300 358 0
300 73 0
63 328 0
63 342 0
230 319 0
230 54 0
356 30 0
46 58 0
234 303 0
234 308 0
234 95 0
234 242 0
303 50 0
95 173 0
95 374 0
95 380 0
236 145 0
236 309 0
236 61 0
236 83 0
242 187 0
242 222 0
242 298 0
242 41 0
41 393 0
244 332 0
244 68 0
332 360 0
249 33 0
249 331 0
249 59 0
249 49 0
250 191 0
250 272 0
250 368 0
250 9 0
368 264 0
9 18 0
9 198 0
253 165 0
253 223 0
253 337 0
256 107 0
256 192 0
256 287 0
306 177 0
306 182 0
306 71 0
395 285 0
395 51 0
262 11 0
263 264 0
264 251 0
264 382 0
307 351 0
373 82 0
270 261 0
270 334 0
270 354 0
270 293 0
274 37 0
274 282 0
37 370 0
282 281 0
282 301 0
283 390 0
285 35 0
299 322 0
299 328 0
322 387 0
73 85 0
50 137 0
50 372 0
50 48 0
394 160 0
394 215 0
351 241 0
6 19 0
6 247 0
317 288 0
317 388 0
318 174 0
318 266 0
39 385 0
39 62 0
387 267 0
325 78 0
325 362 0
78 21 0
78 291 0
328 320 0
328 72 0
329 289 0
329 339 0
330 295 0
330 86 0
360 36 0
357 347 0
384 397 0
338 148 0
338 193 0
338 333 0
338 370 0
339 385 0
347 112 0
347 167 0
347 386 0
66 79 0
350 34 0
82 54 0
397 45 0
388 393 0
62 166 0
62 315 0
62 346 0
393 399 0
399 265 0
399 278 0
399 364 0
51 146 0
51 161 0
51 203 0
79 378 0
68 125 0
68 15 0
