250 249 0
10 180 0
10 12 0
101 49 0
101 38 0
49 112 0
49 13 0
49 14 0
49 207 0
103 192 0
103 48 0
192 132 0
104 100 0
104 22 0
104 231 0
104 91 0
22 99 0
107 201 0
107 159 0
108 162 0
108 131 0
162 69 0
11 212 0
11 198 0
111 131 0
111 121 0
131 165 0
131 7 0
113 148 0
113 98 0
148 73 0
114 151 0
114 178 0
114 214 0
114 244 0
114 161 0
178 226 0
244 182 0
117 146 0
117 40 0
117 46 0
117 185 0
146 43 0
40 109 0
40 228 0
46 187 0
46 209 0
46 50 0
12 62 0
120 8 0
120 240 0
8 234 0
121 205 0
122 81 0
122 35 0
123 230 0
123 158 0
230 1 0
230 21 0
230 4 0
230 62 0
125 92 0
125 210 0
127 135 0
127 136 0
127 19 0
127 52 0
127 203 0
135 18 0
136 224 0
19 210 0
128 183 0
128 202 0
129 221 0
129 56 0
221 229 0
221 245 0
221 96 0
13 250 0
250 177 0
130 191 0
130 65 0
130 75 0
130 193 0
132 196 0
196 38 0
18 188 0
137 152 0
137 141 0
152 36 0
138 116 0
138 23 0
139 32 0
139 25 0
32 161 0
32 186 0
32 236 0
32 5 0
141 23 0
141 54 0
141 225 0
23 172 0
23 205 0
23 222 0
23 59 0
23 87 0
143 118 0
143 126 0
143 144 0
143 153 0
143 70 0
143 38 0
144 25 0
153 133 0
153 26 0
153 42 0
153 84 0
153 91 0
25 147 0
25 184 0
145 164 0
145 218 0
145 53 0
145 68 0
145 95 0
145 90 0
164 140 0
218 208 0
218 61 0
218 89 0
218 98 0
53 35 0
68 171 0
43 174 0
43 20 0
43 232 0
73 33 0
149 195 0
149 57 0
150 31 0
150 93 0
31 115 0
31 166 0
31 60 0
26 179 0
155 176 0
155 99 0
176 157 0
176 163 0
176 30 0
156 41 0
156 241 0
41 134 0
41 77 0
41 90 0
158 240 0
159 187 0
163 119 0
166 64 0
168 16 0
168 37 0
170 237 0
170 241 0
170 45 0
170 229 0
237 247 0
171 181 0
172 47 0
47 160 0
47 94 0
173 225 0
173 185 0
174 17 0
174 215 0
174 217 0
226 233 0
179 86 0
86 194 0
86 79 0
86 83 0
188 29 0
185 154 0
185 2 0
189 9 0
189 76 0
9 102 0
9 204 0
9 220 0
193 34 0
194 203 0
38 198 0
38 56 0
38 80 0
197 76 0
197 239 0
20 142 0
20 15 0
20 44 0
200 67 0
200 87 0
202 240 0
205 105 0
205 39 0
206 169 0
206 216 0
206 243 0
206 90 0
208 74 0
74 190 0
74 242 0
74 97 0
21 248 0
248 199 0
211 235 0
211 233 0
213 57 0
213 87 0
220 249 0
220 6 0
220 63 0
222 175 0
222 238 0
222 66 0
222 82 0
66 223 0
82 28 0
223 27 0
27 51 0
227 85 0
227 232 0
59 58 0
87 167 0
87 219 0
87 88 0
232 106 0
232 110 0
247 93 0
239 240 0
240 246 0
240 79 0
93 71 0
93 78 0
28 34 0
34 24 0
34 3 0
37 58 0
48 88 0
58 124 0
58 55 0
58 72 0
