180 179 0
100 105 0
100 16 0
100 164 0
100 158 0
164 75 0
101 79 0
101 99 0
79 129 0
79 32 0
79 36 0
102 37 0
102 5 0
102 62 0
102 104 0
37 21 0
103 31 0
103 174 0
31 112 0
31 122 0
31 44 0
104 158 0
104 179 0
104 34 0
104 59 0
104 89 0
158 82 0
158 83 0
158 9 0
179 41 0
34 13 0
34 150 0
34 81 0
34 90 0
59 63 0
106 68 0
106 71 0
68 117 0
68 134 0
68 26 0
107 8 0
107 76 0
8 35 0
109 15 0
109 149 0
15 132 0
110 18 0
110 22 0
110 30 0
110 45 0
30 61 0
114 108 0
114 115 0
114 169 0
114 171 0
114 84 0
116 143 0
116 144 0
116 55 0
116 172 0
55 10 0
117 142 0
142 25 0
12 45 0
12 78 0
120 3 0
120 161 0
3 11 0
121 153 0
121 43 0
121 77 0
121 85 0
121 7 0
153 168 0
153 178 0
153 50 0
43 156 0
77 113 0
85 147 0
85 46 0
85 95 0
124 125 0
124 140 0
125 65 0
65 127 0
65 172 0
65 52 0
128 148 0
128 73 0
148 89 0
131 54 0
131 94 0
131 47 0
132 19 0
19 126 0
19 162 0
19 167 0
19 92 0
133 180 0
133 137 0
136 166 0
136 73 0
137 23 0
137 56 0
137 99 0
137 140 0
23 163 0
56 1 0
56 48 0
56 74 0
138 174 0
138 147 0
174 119 0
174 130 0
174 139 0
174 70 0
14 73 0
14 67 0
73 135 0
140 160 0
140 66 0
140 58 0
141 152 0
141 161 0
141 98 0
141 9 0
25 154 0
146 176 0
146 157 0
176 118 0
176 27 0
176 67 0
149 20 0
149 6 0
149 72 0
149 172 0
6 4 0
150 155 0
155 145 0
155 165 0
155 170 0
155 47 0
155 76 0
154 96 0
96 177 0
156 58 0
156 64 0
156 78 0
157 88 0
157 91 0
157 2 0
82 151 0
82 60 0
159 39 0
159 172 0
163 123 0
75 69 0
173 29 0
173 175 0
70 71 0
175 81 0
177 86 0
41 93 0
2 38 0
38 28 0
21 33 0
33 49 0
33 57 0
33 84 0
28 17 0
61 51 0
35 111 0
35 80 0
51 97 0
97 53 0
53 40 0
63 7 0
69 24 0
71 42 0
71 87 0
