450 449 0
1 91 0
1 90 0
91 342 0
101 253 0
101 368 0
101 94 0
101 27 0
368 340 0
102 127 0
102 229 0
102 96 0
102 187 0
229 230 0
96 216 0
104 391 0
104 296 0
391 449 0
105 315 0
105 56 0
315 450 0
106 381 0
106 122 0
381 143 0
109 247 0
109 293 0
109 399 0
109 414 0
109 439 0
109 246 0
293 272 0
399 18 0
399 390 0
399 41 0
439 132 0
439 148 0
439 412 0
439 419 0
11 168 0
11 198 0
11 245 0
11 248 0
11 257 0
198 199 0
198 203 0
198 415 0
198 416 0
248 250 0
111 157 0
111 144 0
157 304 0
112 427 0
112 81 0
427 447 0
113 5 0
113 61 0
113 50 0
116 97 0
116 443 0
97 258 0
117 185 0
117 394 0
185 136 0
118 287 0
118 312 0
287 75 0
121 215 0
121 280 0
121 362 0
122 108 0
122 358 0
122 426 0
122 55 0
426 339 0
123 85 0
123 249 0
85 47 0
125 103 0
125 179 0
125 31 0
125 69 0
31 24 0
129 246 0
129 378 0
13 208 0
13 218 0
13 367 0
13 58 0
13 267 0
208 444 0
218 147 0
132 265 0
265 84 0
133 156 0
133 93 0
156 137 0
156 158 0
156 221 0
156 267 0
156 62 0
135 196 0
135 325 0
138 436 0
138 317 0
436 354 0
14 300 0
14 141 0
141 81 0
143 331 0
331 53 0
144 216 0
145 151 0
145 34 0
145 437 0
147 446 0
446 405 0
148 333 0
333 241 0
149 337 0
149 413 0
149 44 0
149 221 0
337 17 0
15 20 0
15 259 0
15 363 0
15 55 0
15 270 0
363 217 0
152 421 0
152 7 0
421 93 0
304 131 0
304 161 0
159 59 0
159 442 0
59 23 0
16 213 0
16 317 0
16 328 0
16 350 0
328 19 0
160 100 0
160 264 0
160 350 0
160 99 0
160 321 0
99 81 0
164 332 0
164 166 0
332 349 0
165 319 0
165 352 0
319 403 0
166 21 0
166 237 0
166 298 0
166 79 0
166 398 0
21 314 0
298 65 0
167 283 0
167 192 0
283 38 0
17 285 0
17 316 0
17 351 0
17 373 0
316 312 0
172 324 0
172 400 0
172 429 0
172 95 0
172 254 0
400 295 0
173 437 0
173 435 0
174 180 0
174 86 0
180 356 0
175 73 0
175 395 0
356 170 0
181 171 0
181 205 0
181 8 0
181 366 0
205 210 0
184 297 0
184 239 0
297 256 0
186 251 0
186 281 0
186 72 0
186 28 0
72 255 0
187 53 0
188 139 0
188 258 0
189 380 0
189 313 0
380 36 0
19 243 0
243 169 0
243 197 0
192 406 0
193 372 0
193 340 0
372 234 0
372 361 0
372 418 0
194 211 0
194 261 0
194 263 0
194 334 0
194 401 0
194 433 0
194 377 0
211 92 0
263 422 0
433 384 0
195 273 0
195 65 0
199 360 0
199 385 0
199 430 0
203 305 0
203 344 0
203 89 0
415 69 0
416 374 0
430 438 0
2 279 0
2 395 0
279 254 0
395 366 0
395 376 0
395 46 0
395 56 0
201 274 0
201 338 0
344 140 0
204 278 0
204 216 0
206 6 0
206 314 0
444 45 0
92 432 0
212 4 0
212 294 0
4 375 0
214 242 0
214 299 0
214 359 0
214 83 0
242 364 0
216 115 0
216 249 0
216 353 0
216 39 0
249 202 0
249 268 0
249 43 0
353 313 0
39 347 0
217 443 0
22 209 0
22 310 0
22 325 0
22 388 0
22 254 0
310 200 0
222 227 0
222 384 0
227 266 0
224 25 0
224 295 0
225 302 0
225 78 0
302 66 0
226 51 0
226 309 0
51 355 0
266 275 0
23 311 0
231 407 0
231 398 0
407 142 0
407 233 0
407 57 0
234 90 0
235 294 0
235 396 0
236 124 0
236 277 0
236 377 0
236 392 0
236 254 0
392 87 0
238 244 0
238 282 0
244 29 0
239 394 0
24 42 0
42 120 0
42 291 0
42 303 0
42 345 0
240 362 0
240 307 0
241 296 0
29 134 0
29 219 0
29 270 0
29 371 0
252 320 0
252 86 0
254 417 0
254 442 0
417 262 0
442 182 0
442 329 0
442 352 0
442 70 0
256 12 0
256 286 0
256 33 0
257 74 0
260 162 0
260 365 0
260 68 0
260 86 0
262 288 0
262 378 0
262 431 0
262 86 0
431 54 0
86 323 0
86 382 0
422 402 0
84 130 0
275 220 0
275 386 0
275 9 0
27 355 0
271 441 0
271 440 0
272 63 0
63 269 0
386 393 0
28 66 0
282 369 0
282 408 0
282 366 0
75 445 0
289 318 0
289 450 0
318 389 0
290 178 0
290 335 0
290 341 0
290 448 0
290 419 0
341 307 0
448 228 0
301 128 0
301 26 0
301 336 0
301 35 0
336 50 0
66 232 0
66 357 0
66 411 0
306 428 0
306 397 0
309 146 0
309 154 0
309 330 0
312 60 0
389 420 0
32 82 0
32 393 0
321 352 0
323 398 0
398 114 0
398 284 0
330 81 0
53 30 0
53 49 0
53 80 0
349 119 0
338 77 0
339 107 0
339 3 0
339 404 0
339 425 0
404 150 0
343 78 0
343 366 0
347 153 0
347 177 0
35 394 0
352 190 0
352 308 0
352 37 0
37 434 0
355 276 0
355 397 0
355 74 0
357 387 0
36 424 0
424 406 0
366 394 0
366 40 0
394 48 0
394 71 0
434 163 0
434 326 0
434 423 0
375 64 0
379 77 0
379 98 0
77 10 0
77 155 0
77 88 0
382 176 0
382 191 0
382 346 0
382 83 0
383 409 0
383 80 0
409 7 0
384 126 0
384 76 0
420 327 0
420 348 0
390 207 0
390 223 0
449 410 0
396 406 0
41 52 0
406 440 0
52 98 0
54 435 0
47 292 0
49 67 0
98 110 0
98 370 0
81 183 0
81 322 0
