450 449 0
102 139 0
102 363 0
139 94 0
103 63 0
103 431 0
63 179 0
108 385 0
108 343 0
385 208 0
385 233 0
385 273 0
109 354 0
109 447 0
354 267 0
110 387 0
110 14 0
387 162 0
112 359 0
112 413 0
112 89 0
112 258 0
413 204 0
116 209 0
116 396 0
116 9 0
116 128 0
117 353 0
117 348 0
353 145 0
353 226 0
353 41 0
119 285 0
119 330 0
285 406 0
121 216 0
121 26 0
121 365 0
121 31 0
122 131 0
122 284 0
122 90 0
122 170 0
131 172 0
131 195 0
131 289 0
284 105 0
284 237 0
284 311 0
90 317 0
90 415 0
90 83 0
123 64 0
123 414 0
124 154 0
124 225 0
124 269 0
124 241 0
269 370 0
125 417 0
125 25 0
417 442 0
128 13 0
128 3 0
128 308 0
128 351 0
128 424 0
308 366 0
351 34 0
351 401 0
129 163 0
129 439 0
129 444 0
129 330 0
289 160 0
133 101 0
133 256 0
133 384 0
133 432 0
133 369 0
384 361 0
432 274 0
134 114 0
134 142 0
134 294 0
134 346 0
142 374 0
135 219 0
135 171 0
219 76 0
94 167 0
94 174 0
94 280 0
14 160 0
141 362 0
141 368 0
141 395 0
141 404 0
141 211 0
368 198 0
368 246 0
368 344 0
368 419 0
368 443 0
374 27 0
143 249 0
143 360 0
249 201 0
249 21 0
249 30 0
146 136 0
146 315 0
147 176 0
147 255 0
147 6 0
147 211 0
176 45 0
149 47 0
149 204 0
153 389 0
153 280 0
389 158 0
389 220 0
157 326 0
157 272 0
326 118 0
326 238 0
326 48 0
159 331 0
159 54 0
159 375 0
161 60 0
161 318 0
167 281 0
281 168 0
281 319 0
281 72 0
17 75 0
17 252 0
75 348 0
170 95 0
171 258 0
173 24 0
173 377 0
173 411 0
45 272 0
177 336 0
177 301 0
336 310 0
178 275 0
178 367 0
178 411 0
178 344 0
179 155 0
183 12 0
183 361 0
184 438 0
184 51 0
438 186 0
438 23 0
187 422 0
187 319 0
188 303 0
188 381 0
188 433 0
188 211 0
189 210 0
189 398 0
210 203 0
210 386 0
210 86 0
191 15 0
191 211 0
191 293 0
191 445 0
191 91 0
192 206 0
192 229 0
192 441 0
192 262 0
229 330 0
193 235 0
193 290 0
193 410 0
193 420 0
196 175 0
196 239 0
196 37 0
196 315 0
2 98 0
98 282 0
98 435 0
98 70 0
202 315 0
202 318 0
202 342 0
202 375 0
202 31 0
315 329 0
342 28 0
375 323 0
375 85 0
386 180 0
386 181 0
386 302 0
386 33 0
386 420 0
212 243 0
212 40 0
212 400 0
212 87 0
212 346 0
40 115 0
40 231 0
40 392 0
40 55 0
214 266 0
214 337 0
214 7 0
214 247 0
215 434 0
215 52 0
434 152 0
434 356 0
22 18 0
22 85 0
222 333 0
222 397 0
222 427 0
222 312 0
427 50 0
223 232 0
223 27 0
232 16 0
232 169 0
232 277 0
232 421 0
228 352 0
228 99 0
352 140 0
352 279 0
330 304 0
330 369 0
231 42 0
42 253 0
42 325 0
42 388 0
421 347 0
241 144 0
241 248 0
241 321 0
241 247 0
321 31 0
242 99 0
242 263 0
244 213 0
244 250 0
244 283 0
244 71 0
244 95 0
283 424 0
247 81 0
247 393 0
81 11 0
81 436 0
81 446 0
30 378 0
25 271 0
251 200 0
251 402 0
251 440 0
251 346 0
252 371 0
252 88 0
252 57 0
254 263 0
254 425 0
263 29 0
263 380 0
263 383 0
258 261 0
258 300 0
261 148 0
261 257 0
261 364 0
262 313 0
262 355 0
262 327 0
313 113 0
313 373 0
313 92 0
355 1 0
355 224 0
355 335 0
383 418 0
267 78 0
370 305 0
27 296 0
27 334 0
27 447 0
447 271 0
447 291 0
270 316 0
270 338 0
270 61 0
270 31 0
271 227 0
271 245 0
272 19 0
272 199 0
272 341 0
272 363 0
363 217 0
363 221 0
274 156 0
274 268 0
274 382 0
28 349 0
349 346 0
424 405 0
424 96 0
406 57 0
286 306 0
286 376 0
306 65 0
306 77 0
306 95 0
291 287 0
291 430 0
430 8 0
295 207 0
295 314 0
295 412 0
295 31 0
412 350 0
297 120 0
297 4 0
297 56 0
297 44 0
299 234 0
299 332 0
299 360 0
299 43 0
378 166 0
378 324 0
378 403 0
300 304 0
301 350 0
304 132 0
304 35 0
304 376 0
305 218 0
305 307 0
305 398 0
95 309 0
95 391 0
366 164 0
366 32 0
309 84 0
84 259 0
84 298 0
84 425 0
310 358 0
310 66 0
312 372 0
329 104 0
329 429 0
329 74 0
323 107 0
323 151 0
323 390 0
327 70 0
328 343 0
328 335 0
343 10 0
343 165 0
33 59 0
59 320 0
59 372 0
59 44 0
369 127 0
369 264 0
369 97 0
345 100 0
345 428 0
345 43 0
347 5 0
5 339 0
348 150 0
348 340 0
443 399 0
85 205 0
85 449 0
379 431 0
379 418 0
431 182 0
431 69 0
38 437 0
38 409 0
437 408 0
418 111 0
418 130 0
418 448 0
39 185 0
39 423 0
39 426 0
39 43 0
39 83 0
43 393 0
391 407 0
391 51 0
391 53 0
394 276 0
394 67 0
394 68 0
394 57 0
399 138 0
399 49 0
399 80 0
405 288 0
405 36 0
405 82 0
57 79 0
408 126 0
408 357 0
409 197 0
409 236 0
409 70 0
414 240 0
414 62 0
414 425 0
416 450 0
416 46 0
416 52 0
416 70 0
442 20 0
96 194 0
96 265 0
96 322 0
425 93 0
93 190 0
93 292 0
93 73 0
50 106 0
50 137 0
50 260 0
436 230 0
79 278 0
79 58 0
79 91 0
