180 179 0
10 158 0
10 2 0
158 107 0
158 11 0
158 120 0
158 52 0
102 100 0
102 166 0
102 4 0
102 53 0
102 127 0
166 157 0
103 122 0
103 156 0
103 46 0
103 128 0
104 1 0
104 113 0
104 79 0
104 7 0
79 116 0
79 125 0
79 20 0
106 172 0
106 42 0
106 77 0
106 94 0
107 5 0
5 108 0
5 124 0
5 131 0
5 134 0
109 97 0
109 123 0
114 136 0
114 22 0
114 37 0
114 90 0
115 175 0
115 61 0
175 139 0
116 143 0
116 167 0
116 51 0
117 89 0
117 72 0
89 105 0
89 128 0
89 138 0
119 95 0
119 82 0
95 145 0
95 28 0
95 59 0
120 141 0
141 162 0
141 169 0
141 74 0
121 173 0
121 54 0
173 44 0
173 84 0
173 98 0
123 2 0
125 68 0
68 16 0
68 32 0
68 39 0
126 45 0
126 8 0
45 140 0
45 176 0
45 178 0
127 58 0
127 92 0
127 2 0
58 151 0
58 174 0
58 38 0
92 155 0
92 163 0
92 65 0
128 18 0
18 133 0
18 161 0
18 23 0
18 57 0
129 150 0
129 160 0
129 91 0
129 164 0
134 83 0
83 36 0
83 47 0
83 50 0
137 17 0
137 30 0
137 80 0
137 90 0
139 78 0
14 171 0
14 63 0
14 81 0
14 85 0
14 82 0
63 179 0
63 67 0
63 71 0
162 61 0
169 73 0
146 153 0
146 164 0
146 170 0
146 177 0
146 64 0
153 135 0
153 49 0
153 69 0
170 62 0
177 142 0
177 33 0
177 60 0
148 87 0
148 73 0
87 43 0
149 86 0
149 15 0
15 90 0
157 54 0
157 7 0
54 110 0
54 76 0
16 147 0
16 19 0
16 66 0
61 154 0
61 3 0
168 112 0
168 118 0
168 31 0
168 90 0
62 180 0
178 144 0
178 27 0
27 55 0
27 99 0
23 64 0
180 6 0
6 90 0
2 82 0
2 94 0
82 24 0
82 8 0
94 40 0
94 93 0
20 12 0
20 130 0
20 70 0
64 13 0
64 56 0
24 152 0
24 35 0
24 96 0
25 165 0
25 41 0
25 9 0
25 28 0
32 159 0
32 21 0
32 88 0
39 26 0
39 34 0
39 75 0
40 132 0
40 29 0
40 72 0
8 101 0
8 111 0
8 48 0
