300 299 0
1 179 0
1 182 0
1 172 0
182 175 0
101 163 0
101 300 0
163 192 0
103 132 0
103 143 0
103 298 0
103 9 0
103 293 0
132 54 0
9 128 0
9 208 0
9 265 0
9 278 0
105 152 0
105 216 0
105 236 0
105 276 0
105 76 0
105 185 0
152 148 0
236 84 0
276 171 0
276 210 0
276 262 0
276 266 0
276 273 0
276 90 0
106 59 0
106 196 0
59 223 0
59 233 0
107 62 0
107 261 0
62 212 0
108 292 0
108 270 0
292 102 0
292 220 0
109 164 0
109 148 0
164 69 0
111 33 0
111 228 0
33 272 0
112 169 0
112 235 0
112 5 0
112 52 0
112 35 0
169 151 0
5 260 0
113 282 0
113 18 0
282 165 0
114 288 0
114 80 0
288 247 0
115 120 0
115 219 0
115 229 0
115 259 0
115 197 0
120 242 0
219 73 0
117 116 0
117 15 0
117 27 0
117 6 0
117 231 0
27 228 0
119 80 0
119 256 0
12 286 0
12 215 0
286 214 0
242 300 0
121 47 0
121 139 0
47 93 0
125 140 0
125 299 0
140 153 0
140 189 0
140 203 0
126 180 0
126 191 0
126 70 0
126 209 0
191 97 0
129 160 0
129 209 0
129 297 0
129 66 0
129 68 0
129 85 0
160 249 0
209 187 0
209 53 0
68 218 0
131 44 0
131 153 0
44 174 0
54 204 0
133 161 0
133 262 0
161 252 0
138 202 0
138 193 0
202 123 0
202 194 0
202 26 0
202 57 0
202 81 0
139 24 0
139 88 0
139 162 0
24 157 0
88 50 0
145 256 0
145 173 0
146 283 0
146 39 0
147 245 0
147 49 0
147 82 0
147 277 0
245 29 0
148 201 0
148 241 0
148 290 0
241 99 0
290 25 0
149 4 0
149 192 0
4 43 0
151 190 0
190 14 0
154 19 0
154 240 0
154 32 0
154 243 0
32 222 0
157 155 0
158 243 0
158 67 0
159 197 0
159 255 0
159 258 0
159 34 0
159 206 0
197 167 0
197 22 0
197 244 0
197 248 0
197 74 0
255 177 0
249 18 0
249 268 0
249 271 0
249 83 0
162 254 0
165 13 0
167 77 0
77 274 0
17 281 0
17 188 0
281 213 0
281 279 0
281 285 0
281 55 0
170 296 0
170 294 0
296 230 0
296 251 0
296 36 0
171 207 0
171 39 0
171 64 0
64 72 0
172 176 0
172 48 0
172 94 0
172 87 0
48 38 0
173 127 0
173 35 0
173 42 0
173 230 0
174 254 0
175 20 0
177 122 0
177 239 0
178 41 0
178 199 0
41 257 0
41 30 0
41 85 0
183 284 0
183 84 0
284 63 0
185 196 0
187 293 0
188 200 0
97 75 0
193 211 0
193 267 0
193 28 0
193 40 0
193 98 0
193 231 0
267 100 0
267 195 0
267 87 0
28 224 0
28 45 0
28 96 0
40 250 0
98 23 0
196 8 0
196 2 0
22 232 0
248 141 0
248 156 0
248 198 0
248 221 0
74 200 0
199 96 0
26 168 0
81 227 0
204 79 0
79 294 0
206 231 0
53 142 0
53 184 0
53 215 0
217 21 0
217 71 0
218 61 0
232 89 0
222 104 0
222 269 0
222 280 0
225 7 0
225 263 0
227 11 0
228 289 0
228 67 0
228 78 0
228 86 0
86 237 0
23 270 0
270 186 0
270 246 0
231 136 0
231 16 0
231 95 0
234 130 0
234 25 0
237 299 0
299 10 0
299 134 0
99 150 0
99 166 0
99 295 0
99 71 0
300 287 0
300 31 0
247 263 0
250 3 0
260 124 0
260 92 0
261 91 0
265 60 0
60 37 0
273 91 0
91 118 0
91 253 0
91 264 0
275 144 0
275 279 0
90 226 0
90 291 0
90 51 0
277 75 0
55 135 0
63 95 0
38 110 0
38 137 0
38 56 0
46 58 0
46 71 0
72 238 0
71 181 0
75 205 0
75 65 0
