180 179 0
1 38 0
1 50 0
102 165 0
102 141 0
105 31 0
105 14 0
31 77 0
106 157 0
106 170 0
157 113 0
107 155 0
107 134 0
155 82 0
108 41 0
108 79 0
11 116 0
11 159 0
116 168 0
116 48 0
116 98 0
110 37 0
110 56 0
37 126 0
37 128 0
37 163 0
37 34 0
37 65 0
37 73 0
37 87 0
112 144 0
112 77 0
144 171 0
114 55 0
114 140 0
55 176 0
115 166 0
115 177 0
115 62 0
115 96 0
115 4 0
177 16 0
62 134 0
168 58 0
117 50 0
117 158 0
118 152 0
118 63 0
118 53 0
152 86 0
63 93 0
12 64 0
12 26 0
64 104 0
64 13 0
120 45 0
120 171 0
45 78 0
121 161 0
121 33 0
161 56 0
122 29 0
122 57 0
29 15 0
123 153 0
123 70 0
123 80 0
123 131 0
80 83 0
124 69 0
124 33 0
69 88 0
126 156 0
156 57 0
127 109 0
127 132 0
127 22 0
127 27 0
127 169 0
27 179 0
130 140 0
130 92 0
131 145 0
131 173 0
131 71 0
131 94 0
173 79 0
71 53 0
133 21 0
133 139 0
135 142 0
135 148 0
135 180 0
135 74 0
135 92 0
135 154 0
148 151 0
180 159 0
74 17 0
137 54 0
137 56 0
54 60 0
139 40 0
14 33 0
141 52 0
143 146 0
143 162 0
143 49 0
143 87 0
49 81 0
147 154 0
147 164 0
151 136 0
151 28 0
151 42 0
151 6 0
15 52 0
52 68 0
150 99 0
150 93 0
42 95 0
86 47 0
82 100 0
158 167 0
158 178 0
158 26 0
158 66 0
158 67 0
178 170 0
159 25 0
159 5 0
159 61 0
25 67 0
16 76 0
76 90 0
56 44 0
56 9 0
163 103 0
164 77 0
169 33 0
17 174 0
174 46 0
170 119 0
170 160 0
172 23 0
172 35 0
79 101 0
79 7 0
79 97 0
46 30 0
46 89 0
46 94 0
176 75 0
75 85 0
2 33 0
2 59 0
33 19 0
33 35 0
59 40 0
24 149 0
24 85 0
77 10 0
77 32 0
77 39 0
65 51 0
73 43 0
39 84 0
84 91 0
4 9 0
95 111 0
95 175 0
95 3 0
81 125 0
81 138 0
81 72 0
60 129 0
93 18 0
90 8 0
83 36 0
91 20 0
