120 119 0
10 16 0
10 7 0
10 96 0
10 54 0
100 42 0
100 115 0
42 108 0
42 11 0
42 118 0
42 13 0
101 35 0
101 59 0
101 61 0
101 54 0
35 105 0
104 4 0
104 39 0
4 114 0
4 28 0
4 33 0
105 63 0
63 48 0
63 6 0
63 68 0
106 107 0
106 120 0
106 69 0
106 37 0
69 22 0
108 3 0
3 54 0
109 43 0
109 97 0
109 29 0
43 21 0
43 39 0
43 47 0
43 67 0
97 60 0
97 80 0
11 51 0
11 53 0
51 116 0
51 41 0
51 66 0
53 34 0
53 49 0
53 94 0
110 12 0
110 32 0
110 46 0
110 48 0
113 55 0
113 75 0
113 79 0
113 31 0
115 26 0
115 89 0
115 91 0
115 72 0
91 25 0
117 24 0
117 81 0
117 85 0
117 54 0
118 76 0
76 30 0
119 87 0
119 83 0
87 29 0
19 72 0
19 82 0
19 95 0
19 44 0
95 64 0
2 45 0
2 65 0
2 92 0
45 44 0
22 83 0
83 5 0
83 9 0
25 112 0
25 56 0
25 98 0
27 57 0
27 86 0
57 78 0
28 50 0
50 58 0
50 88 0
29 20 0
29 52 0
30 84 0
84 111 0
84 18 0
84 37 0
84 93 0
31 77 0
39 103 0
39 17 0
39 74 0
47 90 0
90 102 0
90 23 0
90 99 0
48 71 0
48 86 0
71 14 0
71 36 0
71 40 0
78 73 0
64 1 0
64 8 0
73 62 0
77 15 0
77 38 0
77 70 0
77 93 0
