250 249 0
1 106 0
1 18 0
106 7 0
10 88 0
10 233 0
88 166 0
101 179 0
101 243 0
179 223 0
102 50 0
102 221 0
50 80 0
104 234 0
104 56 0
234 44 0
105 17 0
105 139 0
17 85 0
107 97 0
107 203 0
97 112 0
108 43 0
108 248 0
43 40 0
11 79 0
11 22 0
79 53 0
110 33 0
110 208 0
111 240 0
111 70 0
240 143 0
240 178 0
240 52 0
112 182 0
182 154 0
182 16 0
182 196 0
182 213 0
182 61 0
113 109 0
113 118 0
113 239 0
113 87 0
113 246 0
118 115 0
118 120 0
118 194 0
118 235 0
239 170 0
114 95 0
114 188 0
95 177 0
116 227 0
116 230 0
116 4 0
116 55 0
116 41 0
230 83 0
4 126 0
117 238 0
117 70 0
238 81 0
120 127 0
235 167 0
12 191 0
12 204 0
191 20 0
127 145 0
127 176 0
127 21 0
127 220 0
123 136 0
123 206 0
136 168 0
136 218 0
136 72 0
125 60 0
125 180 0
60 59 0
145 25 0
176 216 0
129 217 0
129 181 0
217 121 0
13 222 0
13 214 0
222 247 0
132 57 0
132 201 0
57 65 0
133 141 0
133 26 0
141 249 0
135 54 0
135 40 0
54 193 0
218 94 0
137 73 0
137 81 0
73 147 0
139 86 0
14 157 0
14 164 0
14 184 0
14 86 0
14 196 0
157 74 0
184 195 0
140 90 0
140 237 0
90 142 0
249 242 0
142 68 0
68 41 0
25 150 0
147 99 0
99 76 0
148 64 0
148 150 0
64 169 0
149 155 0
149 244 0
155 152 0
15 84 0
15 158 0
84 250 0
153 244 0
153 229 0
244 224 0
244 241 0
244 75 0
154 206 0
206 100 0
206 19 0
206 246 0
206 32 0
156 158 0
156 174 0
156 34 0
74 171 0
74 228 0
74 29 0
74 31 0
74 48 0
159 190 0
159 237 0
159 46 0
159 66 0
159 82 0
16 51 0
51 146 0
51 197 0
51 231 0
51 28 0
161 214 0
161 216 0
163 37 0
163 69 0
37 180 0
37 198 0
37 236 0
165 187 0
165 27 0
187 124 0
85 70 0
170 233 0
233 160 0
233 225 0
233 82 0
172 209 0
172 77 0
173 6 0
173 70 0
6 144 0
6 210 0
6 212 0
6 42 0
175 122 0
175 134 0
175 3 0
175 212 0
18 91 0
181 119 0
181 128 0
181 232 0
181 30 0
183 36 0
183 63 0
36 151 0
195 27 0
185 77 0
185 59 0
186 130 0
186 62 0
186 80 0
188 70 0
189 26 0
189 67 0
192 138 0
192 203 0
192 24 0
192 2 0
199 215 0
199 89 0
215 8 0
201 92 0
202 243 0
202 5 0
204 229 0
205 229 0
205 49 0
229 208 0
229 58 0
32 69 0
211 89 0
211 69 0
94 221 0
22 39 0
247 93 0
224 9 0
228 23 0
23 207 0
23 96 0
231 162 0
52 35 0
242 38 0
93 200 0
248 98 0
250 63 0
29 47 0
47 30 0
31 78 0
78 45 0
69 103 0
69 98 0
34 35 0
39 48 0
41 71 0
41 91 0
41 92 0
71 131 0
71 245 0
71 49 0
71 5 0
56 76 0
65 226 0
67 70 0
70 219 0
