200 199 0
10 53 0
10 174 0
53 117 0
53 168 0
53 80 0
100 108 0
100 125 0
108 15 0
102 166 0
102 121 0
103 119 0
103 164 0
119 189 0
119 45 0
119 60 0
119 62 0
104 135 0
104 188 0
135 133 0
135 153 0
135 157 0
135 16 0
106 43 0
106 90 0
106 97 0
107 125 0
107 163 0
107 175 0
107 54 0
107 56 0
107 66 0
107 85 0
107 21 0
125 160 0
125 5 0
125 74 0
163 50 0
56 70 0
85 147 0
15 17 0
15 4 0
15 84 0
109 114 0
109 134 0
114 140 0
11 180 0
11 162 0
180 161 0
180 167 0
180 198 0
113 3 0
113 33 0
113 36 0
113 75 0
113 176 0
33 13 0
75 196 0
140 14 0
140 40 0
140 89 0
118 73 0
118 35 0
73 178 0
60 46 0
62 199 0
12 192 0
12 162 0
192 158 0
120 30 0
120 65 0
120 9 0
120 138 0
121 150 0
123 155 0
123 160 0
5 1 0
5 194 0
5 69 0
74 116 0
74 132 0
126 131 0
126 32 0
131 185 0
131 25 0
131 72 0
127 49 0
127 19 0
49 59 0
128 52 0
128 162 0
52 183 0
52 190 0
52 37 0
129 151 0
129 94 0
151 148 0
151 96 0
151 98 0
13 186 0
186 124 0
186 177 0
130 143 0
130 16 0
143 87 0
25 23 0
134 149 0
137 159 0
137 6 0
159 170 0
138 162 0
138 67 0
138 8 0
162 176 0
162 78 0
67 122 0
67 142 0
67 179 0
141 61 0
141 47 0
61 31 0
87 35 0
145 174 0
145 50 0
174 173 0
174 193 0
174 57 0
146 154 0
146 173 0
147 115 0
147 136 0
147 197 0
197 64 0
149 35 0
150 47 0
152 171 0
152 28 0
152 77 0
152 20 0
156 200 0
156 55 0
156 82 0
156 19 0
78 164 0
50 112 0
50 181 0
169 19 0
169 94 0
19 63 0
19 99 0
57 6 0
184 8 0
184 191 0
8 111 0
8 24 0
187 105 0
187 110 0
187 58 0
187 35 0
58 76 0
188 191 0
188 91 0
188 2 0
63 34 0
196 139 0
196 165 0
196 32 0
64 182 0
64 51 0
64 83 0
64 88 0
199 38 0
38 21 0
20 31 0
23 22 0
23 39 0
23 81 0
26 195 0
26 59 0
31 101 0
31 29 0
34 7 0
7 144 0
7 48 0
35 41 0
35 47 0
41 42 0
41 86 0
41 93 0
47 79 0
46 44 0
59 172 0
51 94 0
94 71 0
94 95 0
70 97 0
76 92 0
88 27 0
68 18 0
68 92 0
