350 349 0
10 203 0
10 330 0
203 1 0
102 220 0
102 90 0
220 286 0
220 309 0
220 349 0
103 107 0
103 187 0
103 272 0
107 28 0
107 321 0
107 72 0
187 299 0
187 59 0
187 99 0
108 111 0
108 178 0
111 123 0
111 184 0
111 61 0
109 6 0
109 330 0
6 221 0
6 251 0
6 268 0
6 298 0
6 49 0
11 153 0
11 16 0
11 279 0
11 251 0
123 162 0
114 326 0
114 180 0
326 212 0
117 151 0
117 199 0
117 256 0
118 256 0
118 338 0
119 210 0
119 333 0
210 160 0
12 164 0
12 43 0
120 182 0
120 46 0
120 55 0
120 278 0
121 18 0
121 205 0
121 209 0
121 30 0
121 265 0
18 139 0
162 152 0
162 200 0
162 249 0
124 311 0
124 32 0
127 3 0
127 136 0
3 323 0
128 190 0
128 267 0
128 270 0
128 149 0
129 303 0
129 191 0
303 71 0
13 76 0
13 54 0
76 240 0
130 105 0
130 165 0
130 275 0
130 228 0
131 122 0
131 155 0
131 178 0
131 305 0
131 236 0
155 300 0
133 45 0
133 2 0
45 350 0
135 29 0
135 40 0
29 252 0
136 339 0
137 259 0
137 298 0
259 244 0
139 138 0
139 24 0
139 278 0
278 313 0
278 32 0
278 340 0
278 38 0
14 248 0
14 258 0
14 4 0
14 325 0
258 314 0
140 144 0
140 173 0
144 188 0
144 197 0
144 264 0
141 231 0
141 83 0
231 63 0
143 148 0
143 79 0
148 40 0
145 37 0
145 244 0
37 180 0
147 15 0
147 154 0
147 22 0
147 346 0
147 9 0
15 93 0
22 329 0
40 101 0
40 174 0
149 246 0
149 342 0
149 163 0
246 19 0
246 223 0
246 265 0
342 39 0
342 92 0
342 96 0
150 269 0
150 343 0
269 245 0
269 290 0
269 67 0
300 274 0
300 282 0
300 98 0
157 288 0
157 273 0
288 132 0
288 271 0
158 34 0
158 237 0
34 317 0
160 316 0
316 255 0
200 292 0
163 343 0
167 217 0
167 222 0
167 337 0
167 54 0
217 289 0
217 308 0
217 334 0
222 82 0
337 169 0
337 230 0
337 261 0
171 84 0
171 334 0
84 243 0
84 44 0
172 272 0
172 177 0
173 253 0
173 69 0
173 91 0
173 317 0
253 85 0
69 43 0
177 247 0
177 27 0
177 81 0
179 57 0
179 194 0
180 293 0
180 302 0
180 336 0
336 47 0
181 276 0
181 238 0
276 208 0
276 211 0
276 331 0
186 341 0
186 298 0
341 156 0
341 233 0
341 53 0
99 327 0
191 70 0
194 189 0
194 298 0
196 113 0
196 285 0
196 74 0
196 77 0
196 295 0
285 41 0
77 234 0
2 333 0
333 294 0
333 330 0
292 347 0
201 237 0
201 339 0
212 284 0
213 170 0
213 241 0
215 232 0
215 97 0
216 225 0
216 339 0
225 319 0
225 320 0
219 335 0
219 78 0
219 94 0
219 298 0
329 161 0
329 183 0
329 218 0
228 332 0
229 25 0
229 330 0
25 23 0
25 9 0
63 226 0
234 332 0
332 168 0
332 17 0
332 83 0
236 340 0
238 198 0
238 318 0
238 304 0
240 104 0
240 134 0
240 97 0
241 324 0
244 166 0
244 75 0
250 81 0
250 339 0
251 263 0
263 175 0
263 296 0
263 80 0
252 207 0
85 204 0
85 66 0
85 88 0
254 176 0
254 192 0
254 62 0
254 307 0
62 339 0
255 283 0
283 239 0
314 48 0
260 206 0
260 49 0
262 343 0
262 324 0
343 115 0
343 195 0
67 70 0
273 313 0
277 64 0
277 330 0
64 42 0
313 126 0
313 33 0
32 185 0
32 287 0
32 51 0
38 79 0
280 312 0
280 54 0
312 125 0
312 295 0
312 31 0
281 21 0
281 214 0
281 310 0
281 325 0
281 298 0
310 90 0
282 235 0
41 35 0
287 5 0
5 54 0
347 112 0
297 87 0
297 324 0
87 58 0
323 301 0
301 142 0
71 8 0
304 58 0
307 47 0
90 110 0
90 36 0
51 315 0
324 345 0
328 193 0
328 266 0
328 291 0
328 65 0
328 68 0
330 338 0
330 89 0
338 116 0
338 242 0
89 159 0
89 257 0
89 344 0
47 306 0
47 56 0
339 52 0
345 224 0
345 95 0
345 66 0
350 100 0
42 227 0
42 322 0
42 348 0
42 86 0
86 50 0
54 60 0
50 68 0
70 146 0
70 26 0
70 7 0
7 20 0
7 202 0
7 73 0
8 106 0
