350 349 0
1 9 0
1 319 0
9 263 0
10 343 0
10 88 0
10 73 0
101 143 0
101 57 0
102 126 0
102 20 0
102 243 0
102 251 0
102 146 0
126 342 0
20 21 0
20 240 0
20 312 0
20 323 0
243 319 0
104 272 0
104 200 0
272 327 0
105 300 0
105 227 0
106 95 0
106 180 0
95 72 0
109 316 0
109 32 0
109 6 0
109 260 0
32 11 0
32 241 0
32 322 0
111 128 0
111 99 0
128 277 0
114 141 0
114 212 0
114 292 0
114 242 0
115 245 0
115 132 0
245 25 0
117 134 0
117 279 0
117 321 0
117 61 0
117 44 0
279 41 0
61 147 0
61 177 0
61 182 0
61 231 0
61 31 0
118 100 0
118 247 0
119 132 0
119 221 0
119 349 0
119 35 0
119 56 0
119 65 0
119 290 0
132 305 0
132 330 0
132 78 0
349 44 0
35 91 0
56 82 0
65 14 0
12 67 0
12 133 0
120 30 0
120 72 0
30 206 0
123 325 0
123 75 0
325 155 0
325 293 0
325 346 0
325 347 0
325 87 0
124 278 0
124 155 0
278 180 0
127 53 0
127 324 0
53 98 0
277 218 0
129 47 0
129 299 0
47 188 0
47 96 0
47 97 0
13 178 0
13 80 0
130 271 0
130 297 0
130 337 0
130 175 0
131 54 0
131 186 0
54 204 0
305 29 0
330 186 0
133 229 0
137 40 0
137 274 0
40 317 0
138 81 0
138 91 0
139 146 0
139 164 0
139 193 0
139 307 0
139 341 0
164 306 0
307 55 0
14 234 0
234 308 0
145 242 0
145 250 0
145 282 0
145 244 0
148 173 0
148 87 0
149 192 0
149 59 0
192 295 0
153 86 0
153 160 0
86 189 0
86 45 0
86 84 0
154 345 0
154 50 0
345 168 0
158 187 0
158 268 0
158 285 0
158 175 0
159 152 0
159 301 0
159 338 0
159 175 0
301 16 0
16 314 0
314 79 0
160 185 0
161 344 0
161 237 0
344 274 0
162 76 0
162 68 0
76 196 0
306 248 0
168 136 0
17 289 0
17 19 0
289 122 0
289 224 0
289 336 0
289 341 0
171 75 0
171 257 0
75 107 0
75 315 0
75 339 0
172 208 0
172 33 0
208 249 0
174 237 0
174 7 0
175 247 0
175 284 0
175 222 0
284 213 0
284 310 0
284 46 0
284 52 0
176 246 0
176 333 0
246 183 0
246 226 0
246 302 0
177 254 0
254 89 0
179 7 0
179 2 0
181 185 0
181 29 0
185 267 0
185 70 0
182 205 0
205 112 0
205 26 0
205 48 0
183 121 0
184 299 0
184 55 0
299 222 0
299 253 0
299 265 0
189 329 0
19 239 0
191 8 0
191 85 0
8 170 0
8 255 0
8 275 0
295 15 0
295 320 0
295 4 0
195 169 0
195 298 0
2 209 0
209 229 0
209 60 0
209 69 0
209 74 0
21 313 0
312 5 0
200 230 0
200 90 0
200 283 0
230 71 0
202 43 0
202 264 0
43 257 0
203 215 0
203 74 0
215 283 0
204 64 0
64 219 0
207 269 0
207 31 0
269 167 0
249 163 0
249 258 0
249 334 0
249 39 0
249 57 0
60 294 0
210 340 0
210 224 0
213 326 0
326 103 0
326 151 0
326 259 0
326 262 0
217 350 0
217 304 0
350 18 0
218 77 0
77 66 0
219 216 0
22 68 0
22 293 0
68 135 0
68 324 0
68 62 0
220 199 0
220 28 0
220 63 0
220 235 0
28 116 0
223 190 0
223 201 0
223 281 0
223 4 0
226 83 0
83 58 0
227 110 0
227 157 0
227 25 0
71 156 0
71 304 0
71 318 0
71 328 0
308 238 0
235 113 0
235 270 0
235 332 0
235 45 0
238 239 0
239 194 0
239 333 0
24 73 0
24 41 0
244 62 0
258 93 0
334 264 0
39 261 0
39 266 0
39 280 0
89 140 0
89 214 0
89 260 0
89 34 0
256 85 0
256 263 0
85 142 0
85 232 0
85 303 0
257 165 0
257 288 0
257 36 0
257 92 0
288 49 0
36 291 0
92 50 0
93 198 0
93 233 0
93 298 0
259 335 0
335 236 0
264 108 0
264 252 0
266 331 0
331 59 0
327 228 0
275 296 0
296 51 0
41 225 0
41 287 0
41 94 0
286 311 0
286 38 0
49 348 0
336 144 0
290 150 0
290 276 0
290 328 0
294 211 0
294 23 0
294 309 0
3 80 0
3 317 0
5 38 0
79 33 0
346 125 0
59 166 0
59 27 0
348 42 0
37 99 0
37 82 0
50 197 0
50 273 0
