350 349 0
10 113 0
10 116 0
10 240 0
10 237 0
101 228 0
101 235 0
101 277 0
101 29 0
228 192 0
104 333 0
104 62 0
333 222 0
333 53 0
105 115 0
105 133 0
105 268 0
105 30 0
115 19 0
133 164 0
133 255 0
133 286 0
268 123 0
268 157 0
268 331 0
11 266 0
11 296 0
266 205 0
266 264 0
266 37 0
266 57 0
112 183 0
112 29 0
183 12 0
183 165 0
183 200 0
114 4 0
114 346 0
4 109 0
4 229 0
4 272 0
4 50 0
117 24 0
117 189 0
24 321 0
119 54 0
119 233 0
121 135 0
121 326 0
121 65 0
121 200 0
135 291 0
125 271 0
125 72 0
271 217 0
126 161 0
126 316 0
126 328 0
126 156 0
127 142 0
127 174 0
127 332 0
127 29 0
128 297 0
128 75 0
297 197 0
297 258 0
129 339 0
129 188 0
339 233 0
13 310 0
13 77 0
13 88 0
13 170 0
310 188 0
132 196 0
132 216 0
132 244 0
132 73 0
132 341 0
196 93 0
73 41 0
291 204 0
138 134 0
138 182 0
138 226 0
138 2 0
226 14 0
226 280 0
226 55 0
14 206 0
14 259 0
14 32 0
141 131 0
141 231 0
141 276 0
141 60 0
141 202 0
276 287 0
60 67 0
145 170 0
145 59 0
145 79 0
145 96 0
145 33 0
59 17 0
79 51 0
146 22 0
146 256 0
146 335 0
146 318 0
22 38 0
148 47 0
148 223 0
149 193 0
149 8 0
193 173 0
193 209 0
151 194 0
151 274 0
151 305 0
151 296 0
155 278 0
155 43 0
156 81 0
159 344 0
159 171 0
344 144 0
344 97 0
344 98 0
160 15 0
160 250 0
160 269 0
160 98 0
163 261 0
163 293 0
163 301 0
163 33 0
171 137 0
171 239 0
171 315 0
171 33 0
239 36 0
175 1 0
175 267 0
175 282 0
175 64 0
176 218 0
176 98 0
218 177 0
218 190 0
218 61 0
18 16 0
18 302 0
18 323 0
18 270 0
302 324 0
323 185 0
184 102 0
184 181 0
184 303 0
184 46 0
186 262 0
186 37 0
262 300 0
188 169 0
188 223 0
188 348 0
189 284 0
189 78 0
189 75 0
284 143 0
284 225 0
284 306 0
78 26 0
78 320 0
78 349 0
190 35 0
35 152 0
35 260 0
35 92 0
192 140 0
192 254 0
192 334 0
192 66 0
254 212 0
254 257 0
254 295 0
334 237 0
195 71 0
195 253 0
71 210 0
93 120 0
93 187 0
93 31 0
198 180 0
198 312 0
198 336 0
198 74 0
198 272 0
199 251 0
199 7 0
251 299 0
251 34 0
2 75 0
75 211 0
75 317 0
75 86 0
20 106 0
20 242 0
20 290 0
20 46 0
20 300 0
202 55 0
204 100 0
204 234 0
205 162 0
205 203 0
205 273 0
207 23 0
207 265 0
207 45 0
207 236 0
21 252 0
21 55 0
252 224 0
252 309 0
252 91 0
212 220 0
212 243 0
212 263 0
217 107 0
217 201 0
217 219 0
219 227 0
61 43 0
227 110 0
227 3 0
227 95 0
280 72 0
55 154 0
55 275 0
230 253 0
230 57 0
233 296 0
233 58 0
296 337 0
236 246 0
236 319 0
236 84 0
236 285 0
246 118 0
246 139 0
246 249 0
319 347 0
319 48 0
319 62 0
84 5 0
237 313 0
237 343 0
237 82 0
313 111 0
313 136 0
313 179 0
343 304 0
343 318 0
343 80 0
238 285 0
238 30 0
321 150 0
321 153 0
321 39 0
248 215 0
248 27 0
248 289 0
248 298 0
248 64 0
27 42 0
289 28 0
25 76 0
25 68 0
309 341 0
257 81 0
295 213 0
295 232 0
295 350 0
260 108 0
300 103 0
300 340 0
264 166 0
264 322 0
264 56 0
37 314 0
37 325 0
42 167 0
270 30 0
287 29 0
287 346 0
287 70 0
28 122 0
28 9 0
28 94 0
29 294 0
29 30 0
29 83 0
70 327 0
294 208 0
294 49 0
294 7 0
30 33 0
83 68 0
292 85 0
292 324 0
85 63 0
337 279 0
337 283 0
337 87 0
33 44 0
33 6 0
324 168 0
324 329 0
307 147 0
307 191 0
307 241 0
307 64 0
327 245 0
327 288 0
44 90 0
6 99 0
98 345 0
98 52 0
345 158 0
345 247 0
345 338 0
41 178 0
90 89 0
5 130 0
5 342 0
51 221 0
52 64 0
99 281 0
99 40 0
99 8 0
67 124 0
67 214 0
67 308 0
63 311 0
68 330 0
68 69 0
89 172 0
