350 349 0
1 134 0
1 146 0
1 201 0
1 197 0
10 276 0
10 54 0
276 286 0
103 229 0
103 290 0
229 221 0
105 158 0
105 272 0
108 211 0
108 217 0
211 261 0
211 266 0
211 305 0
109 57 0
109 50 0
57 182 0
57 237 0
57 54 0
110 224 0
110 142 0
112 9 0
112 180 0
114 166 0
114 78 0
166 180 0
116 223 0
116 284 0
116 350 0
116 39 0
116 306 0
223 345 0
117 227 0
117 65 0
119 15 0
119 273 0
15 102 0
15 123 0
15 254 0
15 275 0
12 120 0
12 34 0
120 100 0
120 131 0
120 179 0
120 60 0
131 58 0
179 315 0
126 95 0
126 207 0
127 218 0
127 24 0
127 333 0
127 225 0
333 55 0
129 183 0
129 49 0
129 79 0
129 58 0
49 304 0
130 219 0
130 37 0
130 62 0
130 89 0
37 91 0
132 323 0
132 178 0
133 349 0
133 153 0
349 196 0
138 194 0
138 311 0
138 139 0
311 106 0
311 118 0
311 153 0
311 61 0
139 28 0
139 300 0
139 48 0
14 46 0
14 68 0
46 313 0
141 335 0
141 145 0
142 21 0
143 206 0
143 235 0
206 208 0
144 268 0
144 81 0
145 85 0
147 161 0
147 93 0
148 209 0
148 172 0
209 149 0
149 178 0
178 269 0
178 27 0
275 295 0
150 341 0
150 53 0
151 322 0
151 248 0
322 308 0
154 137 0
154 233 0
154 340 0
154 23 0
233 40 0
340 80 0
155 250 0
155 243 0
250 101 0
250 71 0
250 78 0
159 43 0
159 256 0
43 263 0
16 338 0
16 313 0
160 188 0
160 199 0
160 330 0
160 66 0
160 267 0
199 165 0
199 217 0
199 32 0
330 31 0
66 140 0
163 173 0
163 321 0
173 270 0
164 347 0
164 169 0
347 310 0
347 339 0
347 47 0
347 48 0
165 167 0
165 220 0
165 231 0
165 34 0
231 29 0
169 177 0
169 36 0
169 308 0
170 195 0
170 251 0
170 325 0
170 5 0
170 67 0
170 72 0
170 99 0
170 238 0
195 59 0
251 197 0
251 200 0
251 262 0
251 291 0
251 93 0
325 210 0
5 17 0
67 205 0
67 216 0
67 3 0
67 321 0
72 274 0
99 343 0
171 65 0
171 287 0
172 157 0
172 232 0
172 259 0
172 176 0
259 73 0
175 287 0
175 244 0
287 42 0
287 45 0
176 321 0
27 243 0
27 25 0
27 282 0
27 4 0
27 90 0
315 235 0
315 245 0
315 247 0
315 318 0
185 33 0
185 262 0
33 189 0
33 255 0
33 309 0
33 316 0
33 97 0
189 87 0
87 128 0
87 181 0
87 222 0
193 203 0
193 30 0
193 319 0
193 40 0
59 242 0
59 277 0
59 64 0
59 86 0
197 174 0
197 213 0
197 85 0
32 104 0
32 184 0
32 264 0
2 77 0
77 279 0
77 299 0
77 56 0
200 337 0
337 124 0
337 228 0
337 320 0
337 327 0
202 96 0
202 97 0
96 278 0
207 230 0
21 296 0
210 7 0
7 198 0
214 280 0
214 283 0
215 336 0
215 249 0
336 94 0
221 285 0
222 258 0
258 70 0
345 267 0
225 263 0
23 298 0
230 307 0
29 53 0
236 44 0
236 294 0
44 84 0
238 297 0
239 68 0
239 35 0
68 26 0
68 8 0
241 334 0
241 75 0
334 303 0
242 329 0
329 38 0
244 121 0
244 20 0
244 70 0
248 279 0
249 88 0
25 6 0
6 187 0
6 293 0
6 302 0
262 301 0
262 344 0
262 76 0
93 111 0
93 113 0
93 256 0
93 306 0
70 234 0
70 281 0
70 289 0
73 252 0
73 348 0
73 52 0
344 290 0
263 240 0
263 63 0
265 260 0
265 74 0
267 162 0
267 41 0
90 298 0
272 13 0
272 328 0
272 327 0
273 186 0
273 253 0
273 308 0
295 92 0
286 75 0
283 80 0
288 152 0
288 332 0
288 89 0
288 64 0
289 69 0
69 115 0
69 19 0
290 125 0
290 156 0
294 271 0
294 312 0
294 314 0
92 18 0
296 135 0
296 136 0
296 308 0
297 51 0
298 191 0
298 324 0
303 51 0
304 122 0
304 326 0
304 331 0
307 50 0
31 74 0
61 81 0
314 55 0
318 22 0
320 83 0
83 226 0
83 342 0
83 98 0
321 190 0
321 204 0
94 35 0
339 346 0
346 212 0
346 292 0
346 82 0
343 11 0
343 168 0
343 246 0
91 317 0
84 257 0
50 107 0
50 192 0
50 56 0
52 88 0
