400 399 0
1 263 0
1 323 0
1 153 0
100 54 0
100 116 0
54 104 0
54 139 0
54 360 0
102 149 0
102 291 0
102 87 0
104 29 0
29 134 0
29 281 0
29 297 0
106 10 0
106 24 0
106 364 0
106 393 0
109 295 0
109 198 0
295 200 0
295 345 0
295 385 0
295 49 0
11 17 0
11 275 0
11 287 0
11 46 0
111 87 0
111 85 0
112 305 0
112 164 0
305 231 0
305 237 0
305 278 0
113 150 0
113 176 0
113 227 0
113 25 0
113 382 0
113 40 0
150 173 0
150 199 0
150 75 0
150 78 0
227 256 0
25 217 0
382 247 0
114 201 0
114 352 0
116 190 0
116 259 0
116 77 0
116 400 0
12 23 0
12 5 0
23 252 0
121 143 0
121 223 0
121 303 0
121 321 0
121 322 0
143 166 0
143 51 0
143 60 0
122 241 0
122 351 0
122 376 0
122 136 0
129 125 0
129 224 0
129 304 0
129 67 0
129 148 0
67 186 0
13 350 0
13 273 0
350 374 0
130 174 0
130 232 0
174 32 0
131 145 0
131 269 0
131 313 0
131 390 0
145 271 0
269 314 0
269 373 0
269 94 0
313 197 0
313 331 0
313 71 0
133 188 0
133 215 0
188 184 0
135 214 0
135 232 0
135 370 0
135 75 0
214 118 0
214 258 0
214 282 0
232 249 0
232 326 0
370 146 0
370 155 0
370 36 0
136 335 0
136 386 0
136 60 0
335 108 0
335 156 0
335 299 0
386 147 0
386 20 0
386 316 0
137 274 0
137 309 0
137 358 0
137 88 0
137 32 0
274 311 0
309 148 0
309 152 0
309 64 0
358 388 0
88 272 0
88 366 0
88 396 0
142 92 0
142 326 0
92 115 0
92 221 0
92 378 0
166 194 0
51 132 0
51 361 0
51 7 0
60 198 0
60 22 0
60 400 0
144 120 0
144 343 0
144 48 0
144 352 0
343 192 0
271 276 0
15 110 0
15 187 0
15 248 0
15 200 0
151 179 0
151 207 0
151 238 0
151 400 0
179 40 0
153 161 0
154 157 0
154 180 0
154 19 0
154 217 0
157 209 0
157 262 0
157 27 0
209 288 0
209 356 0
209 95 0
262 235 0
262 317 0
262 80 0
27 171 0
16 355 0
16 22 0
355 34 0
160 41 0
160 327 0
41 290 0
41 357 0
41 379 0
161 371 0
162 354 0
162 283 0
354 206 0
354 76 0
164 310 0
194 195 0
169 182 0
169 218 0
169 91 0
171 216 0
171 68 0
171 93 0
216 337 0
216 384 0
216 84 0
68 165 0
68 229 0
68 43 0
93 260 0
93 277 0
93 320 0
172 391 0
172 58 0
391 6 0
32 394 0
32 73 0
177 362 0
177 230 0
362 14 0
181 233 0
181 246 0
233 178 0
233 244 0
233 28 0
233 346 0
183 285 0
183 38 0
183 392 0
183 334 0
285 332 0
184 30 0
30 267 0
30 365 0
185 85 0
185 265 0
85 347 0
85 35 0
186 211 0
186 250 0
186 336 0
193 168 0
193 348 0
198 124 0
198 369 0
198 56 0
2 397 0
397 225 0
397 270 0
397 296 0
200 251 0
200 286 0
200 381 0
251 273 0
286 264 0
286 340 0
286 57 0
381 105 0
203 333 0
203 289 0
206 387 0
387 81 0
208 103 0
208 293 0
208 306 0
208 63 0
293 363 0
95 389 0
21 284 0
21 393 0
284 390 0
210 341 0
210 243 0
213 74 0
213 4 0
215 278 0
220 300 0
220 69 0
225 230 0
225 292 0
225 383 0
225 58 0
292 202 0
292 228 0
292 324 0
383 246 0
256 243 0
256 301 0
256 319 0
252 204 0
252 261 0
252 9 0
28 254 0
28 308 0
28 65 0
346 175 0
234 66 0
234 265 0
66 268 0
239 91 0
239 247 0
247 342 0
247 344 0
9 368 0
254 141 0
254 163 0
254 398 0
26 338 0
26 367 0
26 37 0
26 378 0
367 53 0
265 170 0
265 62 0
265 266 0
266 98 0
270 39 0
39 322 0
276 126 0
276 298 0
276 329 0
311 371 0
311 55 0
298 310 0
329 302 0
278 44 0
278 99 0
44 159 0
44 189 0
44 240 0
99 245 0
99 255 0
99 283 0
308 339 0
308 61 0
308 83 0
65 212 0
65 393 0
65 45 0
65 97 0
390 101 0
390 372 0
332 140 0
332 219 0
332 280 0
332 69 0
289 400 0
310 395 0
310 63 0
310 82 0
302 196 0
302 377 0
371 253 0
371 257 0
55 167 0
55 315 0
55 72 0
312 4 0
312 34 0
322 279 0
322 380 0
322 52 0
52 86 0
327 127 0
327 89 0
327 53 0
89 348 0
33 222 0
33 353 0
33 359 0
33 389 0
359 399 0
334 400 0
34 138 0
34 294 0
349 3 0
349 318 0
349 8 0
349 352 0
352 81 0
388 46 0
388 50 0
388 90 0
399 242 0
399 328 0
399 375 0
368 107 0
368 123 0
368 226 0
379 119 0
81 158 0
81 307 0
6 117 0
6 18 0
6 42 0
6 70 0
393 79 0
79 128 0
79 31 0
79 330 0
400 59 0
59 191 0
59 205 0
59 47 0
42 5 0
5 236 0
5 325 0
86 96 0
97 98 0
