80 79 0
1 23 0
1 3 0
23 14 0
10 25 0
10 69 0
25 3 0
12 55 0
12 60 0
55 52 0
13 59 0
13 73 0
59 27 0
15 31 0
15 66 0
31 22 0
16 5 0
16 7 0
5 74 0
17 44 0
17 18 0
18 42 0
18 45 0
18 60 0
18 72 0
18 78 0
42 6 0
45 19 0
72 68 0
19 8 0
8 38 0
2 26 0
26 37 0
26 40 0
26 50 0
26 64 0
21 33 0
21 54 0
33 28 0
33 4 0
33 79 0
33 80 0
22 32 0
24 41 0
24 53 0
24 56 0
24 36 0
53 73 0
3 61 0
3 63 0
37 70 0
40 67 0
50 69 0
64 43 0
64 46 0
64 65 0
64 66 0
27 7 0
28 76 0
76 78 0
29 62 0
29 70 0
62 9 0
30 36 0
30 68 0
34 48 0
34 47 0
48 58 0
35 47 0
35 77 0
38 20 0
67 77 0
46 75 0
75 39 0
49 11 0
49 74 0
51 54 0
51 9 0
77 57 0
77 71 0
