160 159 0
1 99 0
1 45 0
10 34 0
10 143 0
34 109 0
100 42 0
100 70 0
42 113 0
101 66 0
101 81 0
66 103 0
102 133 0
102 143 0
102 17 0
102 78 0
102 9 0
102 89 0
133 53 0
143 120 0
143 150 0
143 49 0
143 58 0
17 3 0
78 88 0
9 148 0
103 160 0
160 136 0
105 116 0
105 64 0
116 158 0
106 96 0
106 90 0
96 47 0
108 26 0
108 40 0
26 153 0
109 141 0
141 145 0
141 18 0
141 4 0
141 83 0
112 104 0
112 74 0
113 24 0
24 118 0
24 44 0
114 124 0
114 19 0
114 29 0
114 39 0
114 158 0
19 48 0
29 69 0
39 32 0
115 134 0
115 75 0
134 130 0
158 123 0
158 60 0
158 76 0
117 36 0
117 119 0
36 74 0
119 23 0
12 149 0
12 35 0
120 6 0
6 79 0
121 35 0
121 75 0
125 122 0
125 154 0
126 98 0
126 55 0
128 95 0
128 22 0
95 82 0
129 94 0
129 73 0
94 81 0
130 62 0
62 107 0
62 131 0
62 63 0
62 73 0
131 46 0
46 13 0
46 142 0
132 70 0
132 52 0
136 22 0
138 31 0
138 87 0
31 89 0
139 52 0
139 30 0
140 16 0
140 25 0
16 144 0
4 56 0
83 135 0
83 38 0
83 43 0
83 75 0
83 91 0
49 7 0
144 11 0
146 87 0
146 54 0
147 85 0
147 28 0
85 71 0
148 68 0
68 157 0
15 27 0
15 2 0
27 51 0
153 137 0
154 43 0
156 14 0
156 151 0
156 45 0
156 61 0
156 64 0
156 97 0
156 7 0
61 55 0
97 30 0
76 86 0
3 20 0
2 92 0
20 84 0
84 57 0
23 57 0
25 75 0
51 54 0
28 37 0
32 111 0
74 40 0
74 5 0
74 65 0
37 41 0
56 41 0
41 155 0
41 159 0
41 50 0
41 93 0
93 127 0
5 8 0
8 59 0
63 21 0
67 33 0
67 75 0
71 72 0
75 80 0
75 90 0
86 110 0
77 152 0
77 88 0
