250 249 0
1 159 0
1 66 0
1 74 0
1 242 0
66 71 0
10 120 0
10 228 0
10 32 0
10 56 0
101 103 0
101 194 0
102 53 0
102 4 0
53 248 0
106 12 0
106 54 0
106 95 0
106 137 0
108 9 0
108 30 0
9 104 0
9 234 0
9 85 0
111 23 0
111 218 0
23 245 0
23 47 0
23 99 0
112 225 0
112 132 0
225 161 0
225 61 0
114 123 0
114 136 0
114 75 0
114 63 0
118 164 0
118 58 0
118 97 0
118 119 0
164 172 0
164 216 0
164 7 0
58 109 0
58 110 0
58 17 0
97 80 0
119 147 0
119 209 0
119 200 0
121 144 0
121 184 0
121 92 0
121 68 0
122 200 0
122 30 0
122 70 0
122 83 0
122 219 0
30 208 0
30 238 0
70 113 0
70 19 0
70 243 0
83 205 0
83 42 0
83 94 0
126 145 0
126 166 0
126 180 0
126 232 0
126 43 0
145 86 0
232 168 0
127 56 0
127 76 0
56 173 0
56 40 0
128 170 0
128 242 0
170 203 0
170 229 0
170 52 0
129 192 0
129 176 0
192 14 0
192 142 0
192 91 0
132 117 0
132 134 0
132 141 0
132 174 0
132 93 0
132 79 0
134 131 0
134 210 0
134 43 0
134 64 0
141 219 0
141 233 0
141 37 0
174 235 0
210 38 0
137 24 0
138 28 0
138 33 0
28 183 0
28 220 0
219 153 0
219 194 0
233 150 0
233 55 0
233 77 0
37 171 0
37 221 0
37 90 0
15 163 0
15 169 0
15 198 0
15 44 0
151 207 0
151 250 0
151 98 0
151 242 0
152 227 0
152 18 0
227 107 0
227 31 0
153 191 0
153 239 0
153 4 0
191 186 0
191 197 0
191 62 0
239 22 0
239 237 0
239 29 0
4 178 0
4 215 0
154 218 0
154 172 0
218 211 0
218 223 0
165 195 0
165 248 0
195 34 0
167 217 0
167 46 0
167 82 0
167 68 0
168 149 0
168 21 0
168 69 0
17 177 0
177 24 0
203 240 0
203 5 0
203 78 0
229 187 0
229 25 0
229 36 0
52 130 0
52 133 0
52 16 0
173 18 0
173 182 0
173 206 0
235 39 0
175 189 0
175 231 0
175 247 0
176 60 0
176 81 0
176 87 0
60 146 0
60 45 0
60 59 0
81 156 0
81 26 0
81 3 0
24 33 0
24 76 0
179 105 0
179 224 0
179 241 0
179 181 0
181 84 0
185 125 0
185 68 0
34 162 0
34 20 0
34 244 0
196 247 0
196 38 0
199 115 0
199 242 0
199 65 0
199 27 0
2 87 0
87 230 0
87 57 0
202 222 0
202 89 0
222 50 0
204 157 0
204 41 0
204 63 0
204 71 0
205 48 0
48 68 0
38 100 0
38 193 0
214 148 0
214 201 0
214 213 0
214 244 0
50 140 0
50 158 0
50 44 0
238 27 0
76 249 0
76 73 0
248 160 0
248 67 0
249 135 0
249 190 0
249 8 0
26 84 0
84 116 0
84 246 0
84 88 0
3 79 0
40 124 0
40 212 0
40 236 0
49 143 0
49 155 0
49 6 0
49 80 0
51 139 0
51 226 0
51 72 0
51 80 0
73 13 0
73 35 0
73 96 0
80 89 0
89 11 0
89 188 0
