250 249 0
10 189 0
10 37 0
10 48 0
10 40 0
101 141 0
101 82 0
141 230 0
141 60 0
105 249 0
105 226 0
249 14 0
249 149 0
106 40 0
106 177 0
40 186 0
40 218 0
40 71 0
107 119 0
107 180 0
107 28 0
107 224 0
108 151 0
108 165 0
108 67 0
108 223 0
109 144 0
109 155 0
109 223 0
109 97 0
109 27 0
223 217 0
223 59 0
11 142 0
11 193 0
11 227 0
11 230 0
110 12 0
110 127 0
110 79 0
110 129 0
79 205 0
114 102 0
114 125 0
114 177 0
114 22 0
177 24 0
177 29 0
177 87 0
115 173 0
115 222 0
115 250 0
115 60 0
117 36 0
117 75 0
117 85 0
117 158 0
120 148 0
120 175 0
120 188 0
120 13 0
124 130 0
124 202 0
124 64 0
124 84 0
124 204 0
130 138 0
126 129 0
126 25 0
13 163 0
13 242 0
13 245 0
13 182 0
163 96 0
242 111 0
242 42 0
242 89 0
245 150 0
245 216 0
245 240 0
138 192 0
138 34 0
138 65 0
131 136 0
131 182 0
131 81 0
131 2 0
182 198 0
182 206 0
182 235 0
132 158 0
132 184 0
132 196 0
132 27 0
132 94 0
133 135 0
133 214 0
133 32 0
133 186 0
214 61 0
230 187 0
230 209 0
60 170 0
60 77 0
143 103 0
143 118 0
143 171 0
143 3 0
152 172 0
152 21 0
152 7 0
161 160 0
161 19 0
161 200 0
161 31 0
96 169 0
96 225 0
96 74 0
166 26 0
166 94 0
26 228 0
169 203 0
169 49 0
169 50 0
170 185 0
170 236 0
170 99 0
174 237 0
174 229 0
237 153 0
237 91 0
237 93 0
29 197 0
18 244 0
18 62 0
244 154 0
244 243 0
244 46 0
181 140 0
181 23 0
181 68 0
181 38 0
198 121 0
198 145 0
198 52 0
206 90 0
235 215 0
235 57 0
235 8 0
183 164 0
183 213 0
183 54 0
183 90 0
187 100 0
187 233 0
187 39 0
197 30 0
52 7 0
20 25 0
20 228 0
25 211 0
25 33 0
204 71 0
205 157 0
205 58 0
90 219 0
90 248 0
209 104 0
209 6 0
209 66 0
210 162 0
210 246 0
210 73 0
210 38 0
212 116 0
212 88 0
61 1 0
61 134 0
61 80 0
217 45 0
217 51 0
217 55 0
218 190 0
218 191 0
218 238 0
218 70 0
70 221 0
219 123 0
219 159 0
219 35 0
219 72 0
22 243 0
221 195 0
221 208 0
221 43 0
43 92 0
59 226 0
224 4 0
224 47 0
224 94 0
4 38 0
47 178 0
47 199 0
47 98 0
225 241 0
225 247 0
225 63 0
225 76 0
247 86 0
63 83 0
228 194 0
228 201 0
229 86 0
231 95 0
231 248 0
95 62 0
91 53 0
86 112 0
86 3 0
86 9 0
248 122 0
248 220 0
3 44 0
44 179 0
44 239 0
44 5 0
31 113 0
31 146 0
31 69 0
31 38 0
71 16 0
71 168 0
92 137 0
92 207 0
92 232 0
7 88 0
53 234 0
53 41 0
53 78 0
77 15 0
77 167 0
77 56 0
62 139 0
62 17 0
83 82 0
74 128 0
74 147 0
74 156 0
9 94 0
94 176 0
