350 349 0
10 18 0
10 292 0
10 347 0
10 41 0
100 171 0
100 187 0
100 239 0
100 220 0
187 48 0
101 37 0
101 80 0
37 317 0
37 324 0
37 350 0
102 179 0
102 288 0
102 296 0
102 162 0
103 129 0
103 333 0
103 286 0
333 301 0
104 12 0
104 45 0
104 228 0
11 69 0
11 191 0
69 134 0
69 207 0
69 229 0
69 28 0
110 162 0
110 116 0
162 250 0
162 60 0
112 22 0
112 305 0
112 65 0
112 297 0
113 251 0
113 219 0
251 302 0
251 32 0
251 326 0
116 16 0
116 66 0
116 278 0
16 115 0
16 274 0
16 94 0
66 160 0
66 231 0
66 289 0
126 155 0
126 299 0
155 43 0
133 114 0
133 227 0
133 50 0
133 175 0
227 306 0
134 220 0
220 17 0
220 240 0
220 259 0
138 121 0
138 178 0
138 27 0
138 61 0
139 166 0
139 176 0
139 336 0
139 145 0
141 299 0
141 313 0
141 39 0
141 312 0
299 25 0
299 334 0
313 216 0
313 249 0
313 268 0
39 136 0
39 267 0
39 85 0
143 275 0
143 46 0
143 86 0
143 92 0
143 57 0
275 276 0
46 199 0
46 342 0
46 75 0
86 246 0
92 108 0
92 181 0
92 209 0
144 24 0
144 258 0
144 329 0
144 51 0
144 276 0
329 174 0
329 245 0
329 335 0
329 63 0
145 269 0
145 279 0
145 174 0
269 210 0
269 323 0
269 59 0
279 237 0
279 320 0
279 53 0
146 1 0
146 157 0
146 70 0
146 225 0
148 201 0
148 266 0
201 172 0
201 185 0
201 99 0
15 281 0
15 83 0
281 107 0
281 182 0
151 238 0
151 286 0
151 298 0
151 303 0
151 276 0
152 338 0
152 42 0
338 277 0
43 175 0
158 308 0
158 314 0
158 47 0
158 309 0
159 262 0
159 330 0
159 61 0
159 62 0
61 223 0
250 123 0
250 284 0
250 62 0
250 72 0
60 261 0
60 290 0
60 58 0
167 170 0
167 30 0
167 73 0
167 80 0
169 312 0
169 197 0
312 137 0
312 33 0
17 194 0
17 346 0
17 98 0
177 232 0
177 64 0
177 93 0
177 225 0
93 68 0
184 124 0
184 149 0
184 90 0
184 9 0
186 226 0
186 252 0
186 77 0
186 41 0
48 200 0
48 297 0
48 34 0
48 8 0
48 89 0
19 188 0
19 256 0
19 301 0
191 224 0
191 234 0
191 241 0
192 241 0
192 88 0
196 309 0
196 340 0
197 223 0
198 23 0
198 282 0
198 82 0
198 67 0
23 163 0
23 206 0
23 29 0
282 319 0
282 321 0
282 331 0
82 215 0
82 254 0
82 81 0
2 105 0
2 142 0
2 161 0
2 230 0
230 221 0
230 293 0
230 9 0
20 225 0
20 32 0
225 236 0
203 135 0
203 165 0
203 83 0
203 294 0
21 67 0
21 221 0
67 41 0
67 80 0
219 343 0
240 122 0
240 131 0
240 345 0
259 294 0
222 150 0
222 257 0
222 283 0
222 80 0
223 118 0
223 36 0
236 205 0
236 218 0
236 272 0
306 140 0
306 189 0
306 316 0
228 33 0
293 183 0
293 214 0
293 265 0
233 128 0
233 14 0
233 173 0
233 41 0
235 242 0
235 255 0
235 44 0
235 80 0
255 79 0
243 270 0
243 335 0
270 5 0
244 190 0
244 31 0
244 349 0
244 339 0
245 180 0
245 287 0
245 295 0
287 285 0
246 106 0
246 117 0
248 120 0
248 300 0
248 97 0
248 334 0
25 273 0
25 56 0
25 96 0
273 212 0
273 26 0
273 332 0
56 119 0
56 195 0
56 322 0
96 147 0
96 208 0
96 71 0
32 49 0
32 84 0
79 57 0
294 280 0
294 311 0
260 54 0
260 78 0
260 341 0
264 132 0
264 3 0
264 6 0
264 339 0
3 341 0
266 38 0
266 55 0
266 68 0
5 109 0
271 339 0
271 297 0
339 42 0
276 88 0
88 211 0
88 310 0
277 325 0
278 153 0
278 253 0
278 76 0
278 343 0
280 111 0
280 13 0
280 327 0
285 130 0
285 156 0
285 164 0
285 4 0
4 213 0
4 315 0
311 193 0
311 307 0
311 95 0
297 343 0
297 344 0
343 304 0
343 318 0
344 87 0
315 328 0
49 202 0
49 35 0
49 52 0
84 127 0
84 154 0
84 91 0
335 125 0
335 263 0
63 168 0
63 247 0
63 337 0
42 204 0
42 348 0
340 40 0
340 74 0
340 350 0
87 217 0
57 291 0
57 7 0
