500 499 0
101 30 0
101 438 0
101 477 0
101 117 0
103 252 0
103 297 0
252 268 0
104 475 0
104 315 0
475 126 0
475 302 0
475 457 0
105 229 0
105 253 0
105 257 0
105 63 0
105 411 0
229 31 0
253 417 0
253 42 0
253 441 0
257 13 0
257 357 0
63 251 0
109 60 0
109 163 0
60 190 0
115 209 0
115 311 0
115 479 0
115 62 0
115 223 0
209 443 0
62 80 0
116 120 0
116 143 0
116 183 0
116 295 0
116 49 0
116 54 0
120 151 0
183 290 0
295 379 0
117 132 0
118 241 0
118 48 0
241 155 0
241 276 0
241 424 0
119 337 0
119 390 0
119 7 0
119 93 0
119 193 0
337 12 0
7 152 0
93 266 0
93 392 0
93 41 0
12 219 0
219 192 0
219 420 0
219 478 0
123 476 0
123 97 0
476 296 0
476 329 0
124 128 0
124 226 0
124 389 0
124 420 0
131 32 0
131 256 0
132 125 0
132 45 0
132 28 0
133 147 0
133 284 0
133 144 0
134 305 0
134 36 0
134 92 0
134 448 0
137 97 0
137 411 0
97 254 0
97 324 0
97 34 0
142 171 0
142 20 0
142 218 0
142 23 0
142 377 0
218 393 0
144 393 0
145 18 0
145 268 0
18 204 0
18 288 0
18 3 0
146 404 0
146 413 0
146 466 0
146 342 0
413 317 0
148 196 0
148 251 0
196 454 0
149 111 0
149 184 0
149 366 0
149 54 0
152 272 0
272 292 0
272 403 0
272 455 0
153 384 0
153 462 0
153 96 0
153 189 0
384 458 0
156 303 0
156 230 0
303 294 0
303 385 0
157 212 0
157 395 0
212 237 0
158 150 0
158 43 0
158 86 0
158 350 0
16 199 0
16 436 0
16 452 0
16 491 0
16 271 0
199 380 0
436 411 0
160 70 0
160 259 0
70 127 0
70 322 0
70 54 0
162 9 0
162 433 0
9 215 0
163 331 0
163 372 0
163 474 0
163 340 0
331 201 0
165 326 0
165 447 0
165 95 0
165 406 0
166 453 0
166 469 0
453 22 0
453 228 0
453 369 0
167 108 0
167 377 0
167 430 0
167 483 0
167 359 0
430 468 0
483 24 0
168 238 0
168 87 0
238 174 0
169 205 0
169 407 0
205 256 0
17 410 0
17 221 0
410 113 0
410 159 0
410 327 0
410 50 0
410 53 0
173 244 0
173 273 0
173 401 0
173 495 0
173 224 0
273 87 0
401 381 0
495 223 0
495 231 0
495 233 0
495 279 0
174 203 0
174 263 0
263 44 0
175 339 0
175 269 0
339 387 0
339 464 0
176 497 0
176 201 0
497 371 0
177 351 0
177 405 0
351 406 0
351 490 0
351 499 0
179 267 0
179 370 0
179 440 0
179 346 0
180 348 0
180 473 0
348 11 0
348 140 0
348 250 0
182 46 0
182 355 0
46 100 0
46 321 0
46 336 0
290 240 0
187 315 0
187 2 0
315 224 0
315 338 0
315 484 0
189 298 0
19 383 0
19 59 0
383 269 0
383 5 0
383 57 0
190 310 0
190 407 0
190 409 0
191 112 0
191 314 0
191 382 0
191 48 0
191 448 0
382 59 0
193 317 0
194 312 0
194 459 0
194 68 0
194 69 0
194 285 0
69 74 0
454 449 0
197 342 0
197 35 0
380 264 0
380 400 0
380 482 0
2 299 0
299 213 0
201 211 0
201 39 0
201 456 0
211 122 0
211 195 0
211 467 0
39 235 0
39 439 0
39 469 0
456 227 0
456 334 0
456 75 0
208 136 0
208 220 0
208 280 0
208 427 0
208 245 0
280 421 0
427 335 0
443 15 0
443 332 0
443 461 0
443 500 0
443 90 0
210 221 0
210 354 0
393 261 0
393 81 0
393 83 0
222 318 0
222 433 0
222 493 0
222 371 0
225 64 0
225 374 0
64 416 0
31 35 0
31 363 0
31 463 0
31 78 0
230 465 0
231 445 0
445 110 0
445 178 0
445 472 0
24 66 0
66 442 0
66 485 0
240 37 0
240 88 0
424 494 0
245 67 0
248 28 0
248 481 0
25 10 0
25 319 0
25 397 0
25 298 0
251 275 0
251 415 0
251 480 0
480 405 0
268 316 0
268 89 0
255 99 0
255 460 0
99 395 0
258 260 0
258 361 0
258 489 0
258 349 0
259 448 0
26 172 0
26 352 0
26 65 0
26 369 0
262 164 0
262 246 0
262 50 0
265 283 0
265 291 0
265 346 0
89 308 0
271 59 0
455 285 0
87 121 0
87 82 0
421 114 0
421 130 0
421 388 0
281 358 0
281 340 0
358 161 0
358 402 0
358 79 0
285 14 0
285 378 0
285 437 0
437 200 0
379 304 0
379 492 0
296 242 0
297 202 0
297 429 0
297 432 0
298 460 0
298 61 0
298 394 0
460 106 0
460 29 0
460 446 0
61 325 0
61 365 0
61 367 0
300 6 0
300 435 0
6 486 0
6 488 0
6 67 0
301 306 0
301 349 0
301 52 0
301 419 0
308 186 0
309 376 0
309 465 0
376 355 0
35 362 0
35 396 0
363 346 0
463 323 0
463 386 0
463 51 0
78 141 0
78 181 0
78 431 0
317 4 0
317 423 0
320 73 0
320 8 0
73 198 0
73 207 0
73 368 0
73 471 0
324 373 0
373 91 0
328 77 0
328 428 0
77 247 0
332 412 0
412 170 0
333 465 0
333 74 0
465 330 0
335 76 0
76 27 0
340 1 0
340 278 0
340 94 0
345 72 0
345 405 0
346 38 0
346 47 0
38 286 0
38 33 0
38 364 0
38 84 0
47 139 0
47 344 0
47 350 0
354 54 0
355 313 0
355 496 0
356 414 0
356 500 0
414 399 0
414 448 0
414 473 0
414 56 0
359 448 0
360 217 0
360 341 0
360 53 0
368 428 0
428 102 0
428 214 0
428 408 0
91 307 0
91 422 0
91 55 0
91 71 0
374 425 0
375 418 0
375 411 0
418 347 0
84 154 0
84 236 0
84 40 0
482 94 0
381 185 0
381 216 0
381 234 0
381 432 0
59 282 0
59 470 0
81 8 0
394 448 0
398 435 0
398 80 0
435 188 0
435 21 0
435 277 0
405 135 0
405 450 0
41 98 0
411 293 0
419 8 0
422 85 0
85 107 0
85 391 0
85 451 0
494 129 0
494 243 0
494 426 0
425 249 0
425 289 0
425 434 0
425 54 0
468 353 0
461 444 0
461 498 0
500 239 0
500 270 0
500 481 0
90 138 0
90 343 0
90 58 0
75 487 0
80 274 0
80 287 0
8 206 0
8 232 0
