160 159 0
1 129 0
1 29 0
1 67 0
1 78 0
1 70 0
129 18 0
29 157 0
67 54 0
10 111 0
10 130 0
10 95 0
130 68 0
100 117 0
100 85 0
104 149 0
104 32 0
104 37 0
104 51 0
32 98 0
106 39 0
106 33 0
39 14 0
107 25 0
107 114 0
25 19 0
11 116 0
11 5 0
116 66 0
110 16 0
110 14 0
16 65 0
112 55 0
112 113 0
55 109 0
55 136 0
55 140 0
55 51 0
55 56 0
113 33 0
114 94 0
115 36 0
115 42 0
115 61 0
115 88 0
115 73 0
42 59 0
88 49 0
66 70 0
118 91 0
118 34 0
91 101 0
91 144 0
91 60 0
119 96 0
119 121 0
12 105 0
12 160 0
12 48 0
12 8 0
12 71 0
160 108 0
48 121 0
124 134 0
124 135 0
124 142 0
124 40 0
124 82 0
134 72 0
135 145 0
125 83 0
125 99 0
127 57 0
127 72 0
57 133 0
57 24 0
57 64 0
18 76 0
131 141 0
131 21 0
131 30 0
131 93 0
132 4 0
132 50 0
4 23 0
72 46 0
72 53 0
72 7 0
72 71 0
145 102 0
145 151 0
139 85 0
139 33 0
143 150 0
143 89 0
148 20 0
148 98 0
20 28 0
15 155 0
15 152 0
155 99 0
152 103 0
152 77 0
152 63 0
158 26 0
158 93 0
26 138 0
26 147 0
26 159 0
2 82 0
82 137 0
82 63 0
82 87 0
28 41 0
22 50 0
22 74 0
27 6 0
27 47 0
6 33 0
41 44 0
3 128 0
3 154 0
3 52 0
3 60 0
52 5 0
33 43 0
33 84 0
33 90 0
34 123 0
34 13 0
34 69 0
34 79 0
69 146 0
69 153 0
69 58 0
69 73 0
35 122 0
35 156 0
35 95 0
35 97 0
59 93 0
46 47 0
49 45 0
49 62 0
49 74 0
53 97 0
97 89 0
54 38 0
93 80 0
93 9 0
7 120 0
7 31 0
7 79 0
7 81 0
81 92 0
92 126 0
92 75 0
92 86 0
87 94 0
86 17 0
