160 159 0
100 13 0
100 151 0
13 124 0
13 142 0
13 4 0
13 40 0
13 42 0
102 26 0
102 71 0
26 67 0
103 44 0
103 60 0
44 55 0
104 68 0
104 40 0
68 60 0
108 105 0
108 128 0
108 134 0
108 149 0
134 140 0
112 6 0
112 50 0
6 37 0
113 149 0
113 59 0
113 78 0
113 20 0
78 53 0
116 10 0
116 141 0
116 30 0
116 38 0
116 74 0
141 79 0
30 94 0
117 122 0
117 29 0
122 21 0
118 1 0
118 43 0
119 109 0
119 138 0
119 70 0
119 124 0
70 8 0
12 84 0
12 159 0
84 52 0
121 101 0
121 144 0
125 77 0
125 46 0
127 159 0
127 136 0
159 153 0
159 27 0
159 7 0
159 99 0
142 93 0
130 9 0
130 14 0
9 132 0
131 34 0
131 5 0
133 147 0
133 32 0
147 81 0
140 43 0
136 31 0
136 49 0
136 24 0
137 76 0
137 88 0
76 160 0
14 63 0
43 11 0
43 111 0
43 71 0
43 74 0
79 50 0
93 16 0
93 28 0
93 85 0
93 89 0
143 19 0
143 146 0
19 87 0
144 145 0
145 22 0
146 115 0
146 157 0
146 66 0
146 28 0
66 47 0
81 95 0
148 62 0
148 2 0
62 80 0
151 114 0
151 135 0
151 58 0
153 120 0
7 152 0
16 3 0
3 129 0
3 18 0
3 36 0
17 110 0
17 139 0
17 86 0
17 37 0
86 41 0
87 39 0
87 65 0
2 123 0
2 48 0
2 56 0
2 58 0
48 29 0
56 75 0
20 47 0
22 158 0
22 24 0
22 98 0
23 96 0
23 64 0
96 92 0
67 69 0
32 15 0
32 155 0
32 69 0
33 64 0
33 47 0
64 150 0
64 91 0
35 126 0
35 53 0
41 72 0
72 106 0
55 97 0
46 52 0
47 156 0
5 75 0
50 61 0
50 98 0
61 107 0
97 51 0
57 88 0
57 73 0
88 154 0
88 54 0
80 45 0
63 90 0
8 83 0
73 82 0
83 25 0
82 92 0
85 90 0
