160 159 0
1 143 0
1 149 0
143 15 0
143 32 0
143 38 0
143 56 0
10 23 0
10 78 0
23 50 0
100 58 0
100 61 0
58 94 0
101 132 0
101 2 0
132 51 0
102 61 0
102 125 0
103 108 0
103 124 0
104 86 0
104 63 0
105 62 0
105 59 0
107 45 0
107 126 0
45 128 0
109 30 0
109 137 0
30 123 0
11 124 0
11 56 0
110 151 0
110 26 0
151 112 0
113 96 0
113 116 0
96 115 0
116 3 0
117 149 0
117 120 0
118 140 0
118 159 0
118 34 0
118 66 0
118 17 0
140 150 0
159 57 0
34 39 0
12 42 0
12 48 0
120 68 0
121 122 0
121 88 0
122 9 0
9 114 0
9 44 0
9 89 0
123 83 0
83 25 0
83 4 0
83 90 0
83 92 0
125 139 0
125 147 0
125 97 0
147 14 0
126 136 0
128 74 0
74 78 0
129 17 0
129 2 0
130 111 0
130 134 0
130 60 0
130 75 0
130 65 0
134 67 0
60 19 0
75 80 0
131 3 0
131 64 0
3 52 0
3 54 0
51 48 0
133 88 0
133 76 0
88 137 0
88 138 0
88 81 0
67 72 0
135 156 0
135 57 0
136 90 0
138 87 0
87 99 0
150 37 0
142 119 0
142 6 0
142 84 0
142 157 0
15 31 0
32 41 0
38 160 0
144 152 0
144 5 0
152 24 0
145 64 0
145 73 0
64 40 0
64 55 0
146 127 0
146 27 0
146 28 0
146 8 0
146 7 0
27 85 0
31 141 0
31 20 0
31 82 0
31 97 0
37 148 0
24 98 0
155 63 0
155 2 0
157 18 0
16 69 0
16 85 0
160 95 0
95 46 0
18 26 0
18 91 0
18 41 0
19 153 0
19 154 0
19 158 0
19 53 0
53 71 0
2 29 0
2 5 0
29 77 0
20 65 0
50 22 0
98 106 0
98 21 0
98 47 0
98 73 0
25 59 0
77 79 0
39 35 0
39 43 0
39 68 0
39 76 0
36 93 0
36 4 0
93 70 0
49 33 0
49 94 0
7 89 0
80 13 0
