120 119 0
1 62 0
1 80 0
62 116 0
62 45 0
62 48 0
62 84 0
10 105 0
10 41 0
10 65 0
10 48 0
65 50 0
100 80 0
100 76 0
101 86 0
101 58 0
103 61 0
103 50 0
104 97 0
104 91 0
97 58 0
108 91 0
108 74 0
91 110 0
91 22 0
91 99 0
109 67 0
109 81 0
67 117 0
67 20 0
67 88 0
67 94 0
11 34 0
11 55 0
11 59 0
11 117 0
34 75 0
55 64 0
59 6 0
110 78 0
78 33 0
111 118 0
111 50 0
118 115 0
112 72 0
112 99 0
114 5 0
114 92 0
5 81 0
115 96 0
96 63 0
116 107 0
119 29 0
119 73 0
29 53 0
12 60 0
12 28 0
60 14 0
13 95 0
13 50 0
14 52 0
52 19 0
15 23 0
15 40 0
23 77 0
16 90 0
16 76 0
90 26 0
90 47 0
90 57 0
90 68 0
17 36 0
17 39 0
36 27 0
2 32 0
2 46 0
32 113 0
32 82 0
32 98 0
46 76 0
77 83 0
24 44 0
24 51 0
44 9 0
25 18 0
25 81 0
26 3 0
3 31 0
28 92 0
53 85 0
33 79 0
75 21 0
35 71 0
35 92 0
37 89 0
37 94 0
89 4 0
39 64 0
40 92 0
9 8 0
76 51 0
76 7 0
76 70 0
76 92 0
49 42 0
49 50 0
81 30 0
81 56 0
81 87 0
50 38 0
6 120 0
63 93 0
93 66 0
66 54 0
69 74 0
69 7 0
70 43 0
73 87 0
92 102 0
8 106 0
